Employee_ID;Salary;Department
1;4677;7
2;8737;7
3;4527;4
4;2368;1
5;6945;3
6;5088;7
7;4587;1
8;5539;4
9;3402;6
10;4967;5
11;1448;6
12;1138;3
13;1717;6
14;8391;5
15;2038;7
16;7587;3
17;6630;3
18;1516;1
19;6451;2
20;1132;5
21;1227;2
22;6349;7
23;7363;4
24;4100;5
25;7693;7
26;5177;3
27;3057;7
28;1019;1
29;6804;4
30;8817;7
31;2317;5
32;8316;6
33;1756;7
34;2282;2
35;2084;6
36;4217;2
37;3560;7
38;4394;7
39;1456;5
40;4556;7
41;7629;4
42;4062;7
43;4626;1
44;3983;2
45;2204;1
46;1509;2
47;6619;3
48;3530;4
49;3228;2
50;2905;5
51;4175;2
52;3933;1
53;6168;5
54;2003;1
55;6769;5
56;8795;1
57;2142;1
58;3454;3
59;3613;7
60;8358;3
61;1151;6
62;3346;1
63;5777;2
64;8664;3
65;8243;5
66;3698;2
67;6115;4
68;7348;5
69;7174;6
70;1155;6
71;5914;3
72;1868;7
73;6755;6
74;4830;1
75;1102;2
76;7767;7
77;3043;3
78;2984;5
79;5055;2
80;5095;3
81;8312;6
82;3841;5
83;3648;6
84;1445;4
85;2125;6
86;7854;6
87;6358;7
88;8611;1
89;6687;3
90;5533;3
91;7443;4
92;6161;6
93;2808;7
94;2045;7
95;1480;1
96;4255;2
97;5436;5
98;5606;4
99;7458;3
100;7744;7
101;1491;1
102;5490;6
103;8343;7
104;2862;3
105;4064;7
106;4428;7
107;4277;7
108;5071;4
109;4900;3
110;5031;2
111;1523;2
112;1208;2
113;1079;6
114;4813;2
115;1628;5
116;2839;5
117;4705;4
118;3187;1
119;3343;5
120;8856;6
121;7203;2
122;3441;2
123;5225;6
124;7124;3
125;2734;7
126;4574;7
127;5729;4
128;2560;2
129;7992;2
130;1245;2
131;1341;6
132;5101;7
133;3332;4
134;6209;4
135;8119;5
136;7668;2
137;4638;6
138;8223;1
139;7119;7
140;2317;4
141;5927;7
142;5573;6
143;7251;7
144;1593;3
145;4821;7
146;3687;1
147;2780;1
148;1715;6
149;4556;6
150;1824;7
151;4175;6
152;4546;3
153;2420;5
154;6579;6
155;8795;5
156;7579;4
157;2564;3
158;7607;2
159;3121;1
160;7278;1
161;5005;4
162;4457;5
163;4269;2
164;5296;4
165;3257;3
166;6905;5
167;6572;3
168;8816;3
169;5060;3
170;3229;2
171;1651;5
172;2913;3
173;8062;3
174;2266;2
175;7416;3
176;7802;1
177;3154;3
178;3966;1
179;1756;1
180;2435;1
181;1940;2
182;1410;5
183;7812;7
184;2968;5
185;2802;7
186;7776;5
187;3874;5
188;3898;7
189;4565;1
190;7677;4
191;6739;3
192;1137;4
193;6145;4
194;3959;1
195;8038;3
196;8507;6
197;6868;3
198;2410;1
199;7288;4
200;4921;7
201;8318;3
202;7481;3
203;3107;1
204;7277;3
205;2992;5
206;4590;4
207;1839;3
208;2413;4
209;7274;3
210;2165;3
211;4888;1
212;3787;2
213;6093;7
214;5934;3
215;1130;5
216;6888;6
217;6899;1
218;7493;4
219;1314;3
220;6469;4
221;6013;2
222;2450;7
223;3065;3
224;8069;5
225;6720;7
226;2389;7
227;5222;7
228;1409;2
229;7392;1
230;1211;6
231;3768;3
232;7908;6
233;1211;6
234;2021;4
235;6382;5
236;1069;2
237;3151;3
238;4699;2
239;7073;6
240;4066;4
241;8799;7
242;2538;4
243;1334;2
244;5727;5
245;8439;6
246;4990;7
247;3181;4
248;5353;4
249;3998;3
250;7899;3
251;5441;5
252;6477;5
253;8948;7
254;1437;5
255;4113;6
256;4598;1
257;8616;5
258;2942;4
259;7859;2
260;3276;7
261;5480;6
262;5259;5
263;5389;2
264;1872;1
265;8549;2
266;3847;2
267;7116;4
268;3608;2
269;3418;6
270;6594;4
271;7714;1
272;5226;6
273;3520;1
274;4735;7
275;5136;7
276;4389;1
277;7877;5
278;5855;6
279;8187;4
280;2014;6
281;6452;4
282;1847;5
283;1793;2
284;1582;3
285;8899;2
286;8887;3
287;4501;6
288;8480;7
289;5415;2
290;2801;1
291;4777;3
292;6926;2
293;6313;5
294;2031;5
295;2213;4
296;2167;5
297;2115;2
298;3112;5
299;8225;7
300;3760;5
301;4442;7
302;7392;7
303;6643;7
304;4430;3
305;2713;6
306;5681;7
307;7820;7
308;3218;2
309;5957;5
310;8184;4
311;1406;1
312;2584;3
313;5602;1
314;1514;3
315;3290;6
316;8622;1
317;6287;5
318;5393;2
319;2035;1
320;5067;5
321;3289;2
322;8117;6
323;1948;3
324;4371;5
325;5109;5
326;7295;4
327;7811;4
328;1028;1
329;5430;4
330;1498;2
331;8136;1
332;8111;6
333;8854;3
334;3501;3
335;1402;5
336;6438;3
337;5701;1
338;1169;3
339;2105;3
340;1928;2
341;7668;7
342;5160;4
343;5387;4
344;4242;2
345;3485;3
346;5832;4
347;2198;4
348;7824;6
349;1103;3
350;5050;4
351;2916;3
352;5106;2
353;7775;5
354;3401;5
355;7093;1
356;2399;1
357;8626;5
358;7858;7
359;1399;4
360;1777;6
361;6002;5
362;3032;6
363;7259;4
364;5223;3
365;6315;7
366;3332;4
367;2282;1
368;5930;2
369;6403;3
370;4237;6
371;1981;2
372;6934;3
373;4625;5
374;5823;3
375;3714;6
376;4201;1
377;6003;3
378;8572;2
379;2603;6
380;6248;1
381;5353;1
382;7626;5
383;1241;5
384;6637;7
385;7613;7
386;8915;4
387;7562;4
388;4056;4
389;1097;5
390;5930;1
391;3497;4
392;5706;1
393;5262;3
394;6126;1
395;3784;7
396;7434;7
397;8792;1
398;6739;1
399;2953;2
400;1851;7
401;8455;4
402;2422;5
403;3370;3
404;4784;1
405;1380;2
406;7905;1
407;3119;6
408;7976;1
409;6014;6
410;2585;1
411;7841;5
412;7561;7
413;1663;3
414;4957;1
415;3657;1
416;7520;2
417;8747;5
418;5611;2
419;8848;7
420;8811;6
421;7799;3
422;3701;2
423;2214;1
424;8521;5
425;8238;4
426;1827;3
427;8712;2
428;8941;3
429;1388;6
430;8493;6
431;6222;5
432;4398;6
433;8427;2
434;6175;3
435;2440;2
436;8623;1
437;7769;1
438;3861;1
439;1201;6
440;1200;7
441;7270;5
442;8279;2
443;6729;4
444;4751;5
445;1222;7
446;4232;6
447;5138;5
448;5892;1
449;8672;5
450;1779;6
451;1681;2
452;3115;4
453;3346;1
454;4135;1
455;4190;3
456;7983;6
457;2799;2
458;1758;6
459;1504;1
460;4536;6
461;7153;1
462;7411;2
463;5931;7
464;1676;4
465;3083;7
466;6561;6
467;5990;3
468;2309;5
469;4236;1
470;6460;3
471;8575;3
472;2194;3
473;1949;6
474;2343;4
475;1041;1
476;3738;6
477;3054;5
478;5307;4
479;8887;2
480;1617;6
481;8370;3
482;8124;6
483;7013;3
484;4242;3
485;8343;5
486;8078;6
487;3673;1
488;6352;2
489;7174;3
490;3570;7
491;7321;6
492;1059;7
493;3034;1
494;7154;2
495;7312;2
496;1019;6
497;5167;2
498;2283;2
499;7504;5
500;8739;2
501;8669;4
502;1379;3
503;6080;2
504;2062;7
505;8152;7
506;1868;2
507;5288;3
508;5202;7
509;6713;1
510;8902;3
511;5775;3
512;4072;6
513;3074;5
514;1471;5
515;8339;1
516;5964;3
517;2719;1
518;3932;6
519;2564;3
520;3724;3
521;6368;7
522;3965;2
523;5944;4
524;2097;4
525;3839;3
526;7807;1
527;8922;7
528;1912;7
529;7147;4
530;6627;2
531;7945;7
532;5711;6
533;6415;7
534;7824;4
535;3340;3
536;3530;4
537;5802;2
538;1740;7
539;7827;2
540;5826;4
541;5302;3
542;3012;3
543;3626;4
544;2891;3
545;3154;2
546;3066;6
547;5086;6
548;8050;2
549;8622;4
550;1560;4
551;2565;6
552;7476;2
553;1905;7
554;5412;2
555;3197;3
556;5268;7
557;7640;5
558;6032;1
559;6730;1
560;7299;4
561;1963;5
562;8351;6
563;1211;2
564;3082;4
565;8102;6
566;4812;1
567;2197;7
568;5679;4
569;1478;5
570;2675;4
571;5721;7
572;1309;6
573;7269;1
574;4636;6
575;5705;5
576;7471;7
577;3275;5
578;7425;5
579;7267;5
580;4342;7
581;6042;4
582;7338;5
583;2129;3
584;5913;1
585;8924;7
586;8211;7
587;5777;1
588;6315;2
589;3508;7
590;2257;4
591;1682;7
592;2135;6
593;8848;1
594;5738;5
595;8485;1
596;1573;2
597;2399;5
598;7279;5
599;2979;1
600;3283;5
601;7235;4
602;7903;1
603;3451;5
604;2747;3
605;3768;3
606;3420;4
607;2076;1
608;6705;5
609;1666;7
610;3946;2
611;5160;1
612;3561;6
613;2354;1
614;5409;1
615;5348;5
616;1096;7
617;6211;7
618;5409;6
619;7700;5
620;6537;6
621;7131;6
622;5431;7
623;8325;4
624;2741;1
625;5064;4
626;2168;7
627;5511;5
628;6030;3
629;5906;3
630;1057;4
631;5487;5
632;4203;1
633;2100;7
634;2571;7
635;7476;3
636;7174;3
637;6563;1
638;7800;5
639;4719;7
640;1145;5
641;4744;7
642;8815;5
643;3733;5
644;5494;5
645;8772;1
646;8282;6
647;2577;1
648;3736;6
649;8231;6
650;5663;7
651;8725;5
652;4565;1
653;1892;3
654;1890;6
655;3861;6
656;5337;7
657;3655;4
658;6569;3
659;6705;4
660;7445;2
661;7213;2
662;6369;7
663;3857;6
664;4315;1
665;6768;6
666;4482;6
667;3732;5
668;3767;1
669;7113;2
670;7204;2
671;2158;3
672;5395;3
673;3564;1
674;2739;1
675;2289;1
676;6278;1
677;7167;5
678;6964;5
679;1566;3
680;7679;3
681;7244;2
682;8364;4
683;8192;3
684;1705;6
685;3488;4
686;2297;2
687;5086;2
688;3840;3
689;5145;5
690;7446;4
691;1605;3
692;5478;7
693;7831;3
694;3485;7
695;2824;3
696;8116;6
697;2456;5
698;8552;1
699;6809;7
700;6912;7
701;1814;6
702;6861;1
703;3562;4
704;4640;3
705;7621;3
706;7418;5
707;7715;4
708;1692;2
709;8409;5
710;4618;6
711;6645;4
712;1056;5
713;1694;3
714;7497;1
715;8691;3
716;7461;2
717;6642;6
718;2339;6
719;5722;5
720;4604;7
721;1850;2
722;5503;4
723;6956;1
724;8772;2
725;1050;5
726;6395;5
727;8840;4
728;3778;7
729;7810;2
730;1435;6
731;1671;4
732;3150;3
733;7275;6
734;3329;7
735;1046;7
736;4917;2
737;3608;3
738;3557;2
739;3255;7
740;3215;4
741;3562;2
742;4367;5
743;6063;2
744;4232;4
745;8361;5
746;1279;1
747;3587;4
748;2742;3
749;8313;4
750;4364;5
751;8254;3
752;1142;1
753;3674;2
754;2864;6
755;6742;3
756;4709;2
757;1847;4
758;7843;6
759;8187;3
760;3320;3
761;5497;6
762;7406;5
763;7514;5
764;2037;6
765;5048;2
766;2067;4
767;4431;1
768;7681;3
769;8603;1
770;5215;2
771;5416;4
772;8803;3
773;6918;3
774;5229;7
775;5688;2
776;7055;1
777;7755;4
778;7158;4
779;6128;1
780;4923;7
781;3626;4
782;5055;1
783;6542;1
784;3635;7
785;3130;2
786;3010;2
787;8640;4
788;8924;5
789;8300;5
790;2600;5
791;3692;5
792;4513;4
793;2794;7
794;5424;6
795;3066;5
796;3336;3
797;6689;4
798;2690;7
799;7162;6
800;5279;4
801;6066;3
802;8853;7
803;7299;7
804;6573;7
805;8431;3
806;6299;6
807;6586;3
808;1528;6
809;2776;6
810;8570;6
811;3223;6
812;1756;3
813;4915;1
814;5481;3
815;6129;7
816;3376;2
817;6151;7
818;4963;3
819;6030;5
820;6075;5
821;4290;5
822;5099;3
823;3365;4
824;4194;4
825;5592;2
826;2723;3
827;5523;3
828;3469;6
829;4415;3
830;7185;1
831;3021;6
832;5598;4
833;2376;4
834;7376;4
835;7602;1
836;4036;7
837;2994;6
838;3298;7
839;4163;1
840;2897;4
841;8748;4
842;3958;3
843;3119;1
844;5348;2
845;8839;2
846;5804;1
847;6818;4
848;5178;4
849;4417;2
850;8904;2
851;7099;2
852;3306;3
853;1036;7
854;1920;3
855;6837;7
856;7888;1
857;2397;2
858;8094;6
859;4140;5
860;2152;1
861;4117;2
862;5807;5
863;6588;7
864;8767;2
865;6044;2
866;4572;5
867;7914;4
868;8615;2
869;7982;4
870;6070;5
871;1819;4
872;6505;5
873;8357;2
874;1267;6
875;1524;2
876;4363;5
877;1102;5
878;6935;4
879;8946;2
880;1724;2
881;5298;4
882;6907;4
883;7867;6
884;3676;6
885;3926;2
886;7519;5
887;3907;2
888;4683;2
889;7815;6
890;3714;7
891;7929;1
892;6714;5
893;1929;3
894;8750;6
895;4406;4
896;2312;2
897;6415;6
898;2778;4
899;1128;6
900;5803;5
901;3138;7
902;7139;2
903;4823;6
904;6745;2
905;5341;5
906;5389;4
907;8511;5
908;4825;1
909;5948;3
910;8364;4
911;7295;7
912;4253;4
913;7291;3
914;2534;4
915;3087;5
916;3121;1
917;6285;3
918;6075;2
919;2487;6
920;1370;3
921;5673;7
922;7945;6
923;7536;2
924;6933;7
925;3552;3
926;7637;3
927;2135;7
928;7362;3
929;8534;5
930;4227;7
931;2948;4
932;6407;3
933;2435;3
934;4393;5
935;1849;7
936;6547;1
937;2611;2
938;7451;6
939;7889;6
940;5066;5
941;1486;3
942;6810;7
943;3297;5
944;3051;7
945;8585;7
946;7920;7
947;2733;7
948;1948;3
949;6718;4
950;5828;5
951;7623;3
952;3884;3
953;5182;5
954;1783;7
955;2224;1
956;2534;1
957;1309;1
958;2795;3
959;4638;2
960;4022;7
961;4198;3
962;2001;5
963;3045;7
964;1100;7
965;3865;6
966;6482;3
967;3601;4
968;8683;6
969;5813;3
970;1928;5
971;6542;6
972;1358;7
973;2506;5
974;7362;2
975;5680;6
976;2758;7
977;7703;6
978;3160;1
979;2520;3
980;7193;6
981;7543;3
982;8507;6
983;1708;2
984;1561;7
985;8545;1
986;8220;5
987;5764;1
988;7839;6
989;2050;3
990;3525;3
991;6744;7
992;6675;7
993;4265;1
994;1162;2
995;5119;4
996;7614;3
997;5839;7
998;7338;7
999;5522;7
1000;1286;4
1001;8853;6
1002;7856;5
1003;2444;4
1004;7745;4
1005;6811;5
1006;1442;4
1007;3445;5
1008;4483;2
1009;1265;3
1010;8998;4
1011;7537;2
1012;1968;5
1013;5583;6
1014;1198;3
1015;7922;4
1016;4552;4
1017;3871;2
1018;1714;5
1019;7965;6
1020;7017;5
1021;8427;2
1022;8987;6
1023;4733;5
1024;5813;6
1025;6778;6
1026;8077;5
1027;4821;7
1028;3993;4
1029;3320;5
1030;5862;4
1031;1604;2
1032;4824;1
1033;5457;2
1034;6838;2
1035;2325;1
1036;6271;6
1037;6139;3
1038;4130;2
1039;7213;2
1040;7919;4
1041;8401;1
1042;6123;6
1043;7073;3
1044;2318;2
1045;1513;5
1046;8158;6
1047;1687;6
1048;4805;6
1049;6199;7
1050;5197;4
1051;2535;3
1052;7317;2
1053;1779;4
1054;7143;4
1055;4838;6
1056;3019;3
1057;7422;1
1058;2947;7
1059;2025;4
1060;2066;3
1061;6307;1
1062;7951;4
1063;4840;7
1064;7209;1
1065;2736;1
1066;4989;2
1067;7610;1
1068;3961;2
1069;4494;3
1070;4334;1
1071;6286;5
1072;8388;6
1073;6603;7
1074;8430;1
1075;3584;3
1076;1065;2
1077;1303;3
1078;3979;3
1079;8272;5
1080;1711;4
1081;5538;5
1082;7050;7
1083;5903;7
1084;2995;1
1085;6578;1
1086;1325;7
1087;2078;2
1088;8230;7
1089;2619;7
1090;2861;3
1091;5814;5
1092;8382;6
1093;4526;4
1094;6463;3
1095;1392;7
1096;2793;6
1097;8167;1
1098;7282;5
1099;1261;3
1100;3998;3
1101;2734;4
1102;7215;3
1103;2163;5
1104;7490;4
1105;4558;7
1106;2627;3
1107;9000;5
1108;5879;5
1109;5042;3
1110;6642;3
1111;6298;7
1112;4952;5
1113;3678;3
1114;2533;2
1115;4263;5
1116;8435;3
1117;8566;5
1118;3762;3
1119;1299;7
1120;3906;2
1121;6983;3
1122;3066;2
1123;2799;7
1124;4335;2
1125;4292;3
1126;2980;1
1127;5252;5
1128;8154;7
1129;8952;1
1130;6082;5
1131;6464;2
1132;5486;1
1133;1672;7
1134;4290;5
1135;5346;6
1136;8763;2
1137;4105;4
1138;8524;7
1139;1696;1
1140;2105;1
1141;7373;2
1142;6164;2
1143;7095;4
1144;4593;3
1145;2860;1
1146;2393;7
1147;6832;7
1148;2981;6
1149;7694;5
1150;8223;6
1151;5419;4
1152;3432;1
1153;2170;5
1154;8999;7
1155;2612;6
1156;6513;5
1157;6149;1
1158;4805;4
1159;8951;6
1160;2873;5
1161;4990;2
1162;4132;2
1163;3951;1
1164;5846;1
1165;6393;2
1166;3668;1
1167;6213;4
1168;1443;2
1169;8451;6
1170;4058;3
1171;6007;3
1172;5224;7
1173;5961;4
1174;5034;3
1175;7012;6
1176;8742;7
1177;3081;6
1178;6472;3
1179;3691;4
1180;2237;5
1181;1150;4
1182;1174;1
1183;4692;2
1184;2479;2
1185;7228;7
1186;4358;5
1187;5709;1
1188;7955;3
1189;5878;6
1190;1511;6
1191;4808;6
1192;1447;5
1193;2318;5
1194;6339;3
1195;4625;4
1196;7715;5
1197;3170;5
1198;3621;7
1199;7146;6
1200;7682;6
1201;4480;1
1202;6960;6
1203;5029;5
1204;3208;4
1205;8013;5
1206;2613;5
1207;5744;5
1208;6844;7
1209;4862;5
1210;1362;4
1211;7262;1
1212;8459;5
1213;1082;4
1214;2355;1
1215;5236;3
1216;2061;7
1217;4593;6
1218;7748;5
1219;8169;2
1220;7454;6
1221;8716;4
1222;6456;3
1223;6777;7
1224;2143;2
1225;1552;7
1226;1479;5
1227;8666;1
1228;8490;5
1229;6006;4
1230;7384;4
1231;1645;2
1232;5258;6
1233;1210;6
1234;4510;7
1235;6894;7
1236;2562;3
1237;1123;4
1238;8538;1
1239;6580;3
1240;1343;1
1241;5230;7
1242;1744;2
1243;1093;1
1244;2857;2
1245;8127;7
1246;7326;1
1247;2369;6
1248;7890;2
1249;3960;7
1250;3224;7
1251;4776;2
1252;5548;1
1253;2430;7
1254;6123;1
1255;3777;3
1256;6810;3
1257;6741;7
1258;6293;5
1259;7791;5
1260;3867;6
1261;4689;7
1262;1412;4
1263;4437;5
1264;4864;7
1265;5435;6
1266;7112;4
1267;2645;4
1268;7634;6
1269;1274;3
1270;8494;4
1271;3926;7
1272;3633;1
1273;3713;3
1274;5031;7
1275;8629;2
1276;4752;7
1277;1351;3
1278;2100;5
1279;3774;3
1280;2925;1
1281;4107;4
1282;1341;2
1283;6200;1
1284;8192;7
1285;2045;5
1286;2489;1
1287;1147;6
1288;7757;4
1289;5110;7
1290;7684;6
1291;6348;5
1292;8055;1
1293;5718;4
1294;3329;3
1295;4600;6
1296;2119;2
1297;7478;7
1298;1621;2
1299;2198;6
1300;7119;4
1301;2733;1
1302;4256;1
1303;2315;7
1304;1053;2
1305;3002;6
1306;2923;7
1307;7854;7
1308;3197;2
1309;7981;1
1310;1487;6
1311;7687;2
1312;4051;6
1313;3324;2
1314;6314;6
1315;3343;7
1316;4992;3
1317;6888;2
1318;5838;3
1319;3791;5
1320;7874;3
1321;7384;5
1322;6216;5
1323;5523;4
1324;5465;1
1325;7886;5
1326;3871;7
1327;1549;5
1328;3423;1
1329;5911;2
1330;5416;3
1331;2763;1
1332;5434;3
1333;2993;5
1334;1760;5
1335;5605;3
1336;8033;3
1337;6785;3
1338;7987;3
1339;2931;4
1340;8632;1
1341;4468;7
1342;8998;5
1343;8741;5
1344;2616;6
1345;3263;3
1346;5852;2
1347;2736;4
1348;6587;3
1349;5606;2
1350;6373;3
1351;3647;3
1352;4966;1
1353;3118;6
1354;4776;6
1355;4393;5
1356;3565;3
1357;6860;4
1358;8484;5
1359;2177;2
1360;3248;2
1361;3663;1
1362;5892;3
1363;1899;4
1364;2079;1
1365;6798;5
1366;8640;7
1367;1184;4
1368;7354;6
1369;2274;5
1370;7696;5
1371;8540;3
1372;8011;4
1373;4642;2
1374;8872;4
1375;2954;6
1376;1808;1
1377;1348;2
1378;6087;4
1379;1603;3
1380;4029;7
1381;7530;4
1382;3521;3
1383;2679;1
1384;5330;1
1385;1339;7
1386;6131;4
1387;7981;6
1388;5934;7
1389;4218;1
1390;1184;4
1391;1115;7
1392;2650;1
1393;5827;7
1394;3321;7
1395;4568;7
1396;3818;1
1397;3885;4
1398;8576;3
1399;1491;5
1400;8554;4
1401;2724;1
1402;2859;3
1403;3827;2
1404;3731;6
1405;4971;6
1406;1148;6
1407;8612;6
1408;2746;1
1409;1954;7
1410;3716;3
1411;4055;3
1412;8919;6
1413;2071;4
1414;8607;6
1415;6754;1
1416;6008;1
1417;5420;4
1418;3058;2
1419;7825;1
1420;3826;6
1421;8826;5
1422;2666;2
1423;3787;6
1424;5960;3
1425;2783;2
1426;1075;4
1427;2304;5
1428;3191;1
1429;7597;2
1430;6885;7
1431;7075;2
1432;5632;5
1433;4988;2
1434;8842;6
1435;3598;3
1436;2959;2
1437;7818;6
1438;4946;1
1439;3898;4
1440;2220;4
1441;3795;3
1442;1869;2
1443;1796;5
1444;7645;7
1445;8933;3
1446;2309;4
1447;2492;1
1448;6447;3
1449;7879;5
1450;3049;6
1451;5010;5
1452;7079;4
1453;6509;4
1454;7304;3
1455;8531;4
1456;6450;7
1457;4245;1
1458;6520;7
1459;3962;2
1460;6623;1
1461;1930;7
1462;6746;4
1463;5419;5
1464;5174;6
1465;1423;1
1466;1086;1
1467;3644;2
1468;7154;2
1469;6420;4
1470;4961;6
1471;3599;7
1472;3221;1
1473;2701;3
1474;5216;4
1475;6198;4
1476;6700;7
1477;4438;6
1478;7703;1
1479;7550;3
1480;4142;2
1481;2656;1
1482;5988;3
1483;3788;5
1484;8352;3
1485;5484;6
1486;4716;6
1487;1235;2
1488;8201;4
1489;2391;2
1490;6485;7
1491;7417;5
1492;1638;5
1493;1674;5
1494;6694;1
1495;6111;2
1496;8294;6
1497;3884;7
1498;8341;3
1499;4457;2
1500;8875;7
1501;8785;7
1502;6699;5
1503;7083;4
1504;3171;2
1505;1637;6
1506;6154;1
1507;2641;6
1508;6934;3
1509;5984;3
1510;8751;5
1511;5942;3
1512;7644;4
1513;8934;1
1514;5627;1
1515;1778;1
1516;7793;1
1517;1077;3
1518;4738;7
1519;7183;5
1520;4097;3
1521;1376;7
1522;8162;6
1523;3449;4
1524;2155;5
1525;5006;3
1526;4188;4
1527;2374;3
1528;4639;2
1529;8641;3
1530;8751;1
1531;3977;3
1532;8660;5
1533;5441;2
1534;4217;2
1535;8923;5
1536;3755;7
1537;4517;5
1538;6388;7
1539;4603;7
1540;4369;3
1541;6714;5
1542;7617;1
1543;3363;5
1544;6482;6
1545;1727;5
1546;1391;6
1547;1400;3
1548;7223;7
1549;3637;3
1550;2049;5
1551;7447;2
1552;2389;2
1553;2389;5
1554;1609;3
1555;1440;2
1556;8704;5
1557;6557;1
1558;3084;5
1559;5761;3
1560;6841;6
1561;1571;5
1562;6159;6
1563;3791;2
1564;7306;3
1565;8597;4
1566;7839;2
1567;6811;1
1568;3853;5
1569;1812;7
1570;8734;4
1571;7403;5
1572;3711;7
1573;3861;2
1574;8420;1
1575;3534;5
1576;2363;6
1577;5768;3
1578;1642;5
1579;6441;4
1580;5378;2
1581;4495;6
1582;4952;2
1583;5940;1
1584;7377;1
1585;6732;2
1586;4025;1
1587;5432;3
1588;4785;1
1589;7311;4
1590;3527;1
1591;1008;1
1592;5110;7
1593;4323;7
1594;6774;7
1595;4462;1
1596;7261;3
1597;7436;1
1598;5613;5
1599;4663;4
1600;6440;7
1601;5214;1
1602;1709;1
1603;5703;3
1604;6746;3
1605;3764;7
1606;2059;5
1607;4722;6
1608;3309;5
1609;4500;2
1610;1646;4
1611;8781;1
1612;2177;2
1613;5554;3
1614;7394;3
1615;8112;4
1616;4892;7
1617;6426;5
1618;6228;4
1619;5444;5
1620;2174;1
1621;1669;3
1622;6753;3
1623;1981;7
1624;5067;4
1625;3594;7
1626;7990;3
1627;8152;4
1628;2382;1
1629;3172;6
1630;4258;3
1631;6786;7
1632;3520;4
1633;6697;1
1634;3825;1
1635;1115;6
1636;2767;4
1637;8494;3
1638;5392;7
1639;7688;7
1640;5629;6
1641;2251;4
1642;6577;6
1643;8078;1
1644;6156;4
1645;5604;3
1646;6268;1
1647;7859;6
1648;6621;7
1649;2174;3
1650;7339;3
1651;1881;3
1652;4851;3
1653;6251;4
1654;3221;4
1655;3221;4
1656;1534;6
1657;2285;5
1658;8404;5
1659;5063;4
1660;6278;4
1661;3698;7
1662;5760;4
1663;6881;2
1664;6603;2
1665;2057;2
1666;8958;7
1667;7823;7
1668;5960;3
1669;6532;3
1670;8002;2
1671;3541;1
1672;3371;6
1673;7872;1
1674;1434;3
1675;3682;1
1676;7599;3
1677;4481;2
1678;8600;3
1679;2415;5
1680;8050;1
1681;7346;3
1682;6947;6
1683;5850;1
1684;1564;2
1685;1997;6
1686;4495;5
1687;7895;1
1688;8392;3
1689;1170;5
1690;2874;2
1691;6026;3
1692;8679;2
1693;2303;1
1694;5797;5
1695;1357;3
1696;8352;5
1697;4679;3
1698;2293;5
1699;5579;1
1700;6874;7
1701;5133;4
1702;8110;6
1703;1182;2
1704;5993;7
1705;8589;5
1706;6201;2
1707;1239;4
1708;3824;6
1709;1926;2
1710;3839;6
1711;3033;4
1712;3028;4
1713;6551;1
1714;8155;4
1715;7195;2
1716;5643;7
1717;3037;7
1718;4477;2
1719;8762;5
1720;5898;6
1721;5689;1
1722;7825;1
1723;4978;2
1724;4682;7
1725;1717;6
1726;3099;2
1727;2281;2
1728;5314;2
1729;6827;2
1730;8576;2
1731;5559;1
1732;3631;5
1733;4315;4
1734;2897;1
1735;6328;1
1736;6770;5
1737;1261;7
1738;1508;1
1739;8267;2
1740;8648;1
1741;1635;6
1742;3862;3
1743;6337;2
1744;2699;5
1745;7267;3
1746;5689;4
1747;3165;3
1748;4830;5
1749;3075;3
1750;4393;3
1751;1856;6
1752;6763;2
1753;4206;7
1754;3165;2
1755;5623;3
1756;8108;4
1757;3312;1
1758;8959;5
1759;6227;4
1760;7060;4
1761;1045;3
1762;1737;6
1763;8193;5
1764;6631;7
1765;4195;2
1766;5970;7
1767;5044;4
1768;5343;2
1769;4497;2
1770;6767;1
1771;7919;3
1772;4070;6
1773;5144;3
1774;7792;4
1775;8570;1
1776;2473;2
1777;1374;2
1778;6451;2
1779;2787;4
1780;7767;6
1781;2096;3
1782;8166;2
1783;5481;1
1784;3648;5
1785;8640;2
1786;7552;2
1787;5266;5
1788;2537;1
1789;4029;1
1790;2226;3
1791;7175;5
1792;4244;7
1793;2459;4
1794;2001;6
1795;6476;4
1796;5959;3
1797;6218;2
1798;5948;3
1799;6954;6
1800;1788;7
1801;2999;3
1802;1245;2
1803;7879;4
1804;4470;7
1805;1343;3
1806;7364;7
1807;4222;4
1808;6488;4
1809;1365;2
1810;5622;6
1811;6830;6
1812;4272;6
1813;8202;5
1814;7557;6
1815;4899;6
1816;4897;7
1817;5534;2
1818;3086;5
1819;8798;1
1820;5465;5
1821;7524;2
1822;6726;4
1823;6575;4
1824;5641;1
1825;6715;6
1826;7653;6
1827;4789;4
1828;1427;7
1829;3822;3
1830;5957;3
1831;3850;4
1832;2727;4
1833;1634;4
1834;6000;6
1835;8422;7
1836;4993;4
1837;5986;7
1838;4306;4
1839;3218;1
1840;4497;2
1841;4052;3
1842;3845;2
1843;6603;7
1844;6334;3
1845;6636;7
1846;1372;5
1847;1304;1
1848;3234;4
1849;3255;7
1850;1171;4
1851;5494;7
1852;2881;3
1853;8026;4
1854;4925;7
1855;8972;6
1856;8856;4
1857;3081;1
1858;1301;2
1859;8627;1
1860;8866;5
1861;5535;3
1862;2845;1
1863;3032;2
1864;1834;3
1865;2020;4
1866;7594;5
1867;3262;1
1868;3885;2
1869;8981;2
1870;5757;5
1871;8519;3
1872;5685;4
1873;8251;3
1874;2627;4
1875;8367;7
1876;6231;7
1877;7965;3
1878;2919;1
1879;2189;6
1880;8450;3
1881;6966;5
1882;4284;6
1883;7043;4
1884;1452;4
1885;4096;3
1886;1162;4
1887;1926;7
1888;1569;5
1889;1819;2
1890;7509;3
1891;8337;6
1892;3051;7
1893;3669;5
1894;8032;5
1895;7445;3
1896;4230;7
1897;3402;5
1898;6835;2
1899;6183;1
1900;8515;3
1901;5077;3
1902;2042;4
1903;6844;2
1904;3299;7
1905;3379;1
1906;8362;1
1907;4179;5
1908;2878;5
1909;5289;5
1910;2197;6
1911;8793;6
1912;1620;5
1913;1121;6
1914;1393;7
1915;6223;3
1916;3188;4
1917;2172;2
1918;5571;5
1919;5195;4
1920;2592;3
1921;5628;6
1922;1237;7
1923;1514;1
1924;5788;1
1925;1663;4
1926;6859;7
1927;1409;5
1928;8968;7
1929;1572;1
1930;5915;3
1931;2875;1
1932;7812;4
1933;5204;4
1934;5334;4
1935;3417;1
1936;1185;6
1937;6121;2
1938;3748;1
1939;1953;2
1940;8415;7
1941;5349;3
1942;5826;6
1943;8417;3
1944;1346;6
1945;5783;5
1946;1021;5
1947;5272;3
1948;3323;1
1949;4924;5
1950;5127;1
1951;3195;4
1952;4939;1
1953;6887;2
1954;5141;6
1955;5417;2
1956;6628;5
1957;2521;4
1958;3078;3
1959;8461;7
1960;7457;7
1961;4290;5
1962;5183;7
1963;7636;2
1964;5243;2
1965;6898;2
1966;8386;1
1967;8248;7
1968;3627;3
1969;7131;6
1970;5414;4
1971;1694;4
1972;1988;2
1973;3071;1
1974;7789;7
1975;7312;1
1976;1139;4
1977;4557;2
1978;6744;2
1979;7442;3
1980;8028;1
1981;6674;7
1982;1167;5
1983;6436;7
1984;5126;4
1985;8123;1
1986;5401;3
1987;5281;4
1988;1424;2
1989;5750;5
1990;4565;3
1991;3411;5
1992;8166;2
1993;7968;4
1994;3430;7
1995;4249;5
1996;1703;7
1997;3082;2
1998;2991;4
1999;1053;1
2000;2714;4
2001;4992;7
2002;6886;6
2003;8850;6
2004;4408;5
2005;8783;2
2006;3103;3
2007;2851;4
2008;8259;3
2009;3941;2
2010;6900;5
2011;1522;7
2012;1931;3
2013;6880;6
2014;7966;1
2015;3790;4
2016;6596;5
2017;4480;5
2018;1344;6
2019;4225;7
2020;5649;2
2021;6106;4
2022;4488;3
2023;3853;1
2024;5054;6
2025;6270;7
2026;1971;5
2027;1217;4
2028;7982;3
2029;1321;7
2030;6949;2
2031;5463;2
2032;1693;7
2033;4541;1
2034;3123;7
2035;4033;7
2036;3921;2
2037;7767;3
2038;4365;6
2039;3656;4
2040;6947;4
2041;1949;2
2042;3913;3
2043;7638;2
2044;7320;3
2045;2423;4
2046;2692;1
2047;3211;6
2048;5647;4
2049;2455;7
2050;1639;4
2051;7003;6
2052;3400;1
2053;7795;4
2054;3901;7
2055;7657;4
2056;6056;6
2057;1929;3
2058;1854;1
2059;5724;3
2060;6465;3
2061;1623;5
2062;6272;1
2063;4600;1
2064;2397;1
2065;3935;4
2066;6975;1
2067;1006;6
2068;8588;1
2069;3091;5
2070;7203;5
2071;7212;1
2072;1038;5
2073;6092;4
2074;3567;7
2075;6530;4
2076;6580;6
2077;2300;7
2078;7104;1
2079;5082;7
2080;5797;2
2081;2499;5
2082;2842;2
2083;2854;4
2084;4024;7
2085;2218;1
2086;1563;5
2087;6914;3
2088;8756;4
2089;3049;6
2090;8385;5
2091;2120;7
2092;4169;7
2093;3302;6
2094;7792;3
2095;1384;5
2096;2415;3
2097;4444;6
2098;3659;4
2099;7894;5
2100;8956;1
2101;4863;2
2102;7328;1
2103;7038;6
2104;6309;3
2105;7959;7
2106;3854;3
2107;8095;5
2108;8020;7
2109;2226;1
2110;8692;3
2111;6044;7
2112;6355;3
2113;4403;1
2114;4390;6
2115;7144;3
2116;4951;7
2117;7048;7
2118;5183;3
2119;4944;3
2120;7482;6
2121;2937;1
2122;1877;3
2123;3796;2
2124;1479;5
2125;6512;1
2126;1500;1
2127;6599;3
2128;3616;2
2129;4765;1
2130;5131;2
2131;2617;5
2132;4361;3
2133;3360;6
2134;2313;5
2135;1292;7
2136;3987;5
2137;8408;5
2138;1599;7
2139;6724;5
2140;2890;4
2141;1483;6
2142;2166;3
2143;4994;1
2144;4621;3
2145;6441;4
2146;7218;6
2147;6795;7
2148;5618;3
2149;6229;7
2150;2100;4
2151;6096;3
2152;5899;2
2153;3688;3
2154;2230;1
2155;3861;4
2156;1250;4
2157;1529;1
2158;6750;1
2159;7954;2
2160;6774;7
2161;4206;1
2162;8826;7
2163;6596;1
2164;7465;5
2165;3381;7
2166;3984;7
2167;4760;3
2168;5980;6
2169;4173;7
2170;5894;4
2171;3398;2
2172;6373;4
2173;1020;6
2174;5118;5
2175;7156;2
2176;5074;2
2177;6971;4
2178;4995;3
2179;8142;3
2180;2126;5
2181;8876;3
2182;3366;1
2183;7708;5
2184;8296;4
2185;1639;2
2186;7700;6
2187;1136;1
2188;6616;1
2189;2869;3
2190;4112;1
2191;8015;2
2192;3255;2
2193;3775;2
2194;6823;5
2195;1869;5
2196;4712;5
2197;1989;3
2198;7155;3
2199;3266;4
2200;6316;1
2201;2740;1
2202;6302;1
2203;6509;4
2204;8733;2
2205;3145;6
2206;4100;7
2207;4492;4
2208;7827;3
2209;3850;7
2210;7918;1
2211;5431;7
2212;2394;4
2213;8606;1
2214;6153;1
2215;5601;5
2216;8305;1
2217;6334;1
2218;1114;4
2219;1060;2
2220;2370;4
2221;3951;4
2222;6661;6
2223;3685;7
2224;4895;4
2225;8681;6
2226;7549;7
2227;3735;2
2228;7001;1
2229;5273;3
2230;4560;5
2231;5168;1
2232;4721;1
2233;6171;1
2234;4857;7
2235;2756;4
2236;6165;2
2237;1035;7
2238;1634;3
2239;2221;1
2240;2860;6
2241;2538;7
2242;3719;7
2243;1562;6
2244;5913;1
2245;5118;4
2246;7771;2
2247;5944;6
2248;2174;1
2249;5155;3
2250;4007;1
2251;2059;6
2252;2502;3
2253;3150;3
2254;8745;7
2255;4035;3
2256;4340;1
2257;1272;6
2258;5080;2
2259;1448;3
2260;8759;4
2261;2894;4
2262;4639;2
2263;2570;3
2264;4005;1
2265;2038;2
2266;8886;3
2267;2449;6
2268;7096;5
2269;3434;4
2270;1083;3
2271;6682;1
2272;2643;6
2273;1933;6
2274;3715;1
2275;3560;2
2276;2576;5
2277;5211;4
2278;7047;3
2279;4494;6
2280;3432;4
2281;2900;4
2282;5324;3
2283;2574;3
2284;5531;7
2285;2963;1
2286;5636;2
2287;5880;3
2288;1473;7
2289;8504;2
2290;1631;7
2291;3486;1
2292;6409;3
2293;2500;3
2294;6331;6
2295;5129;1
2296;6831;6
2297;7851;6
2298;5038;6
2299;5226;1
2300;5491;3
2301;5113;5
2302;7935;2
2303;4946;6
2304;3860;1
2305;3934;5
2306;8268;3
2307;8521;2
2308;2020;2
2309;4747;4
2310;2179;7
2311;6153;3
2312;2337;1
2313;5621;4
2314;4588;7
2315;6130;4
2316;2663;1
2317;4329;5
2318;3787;5
2319;3230;7
2320;2536;7
2321;5022;3
2322;7652;2
2323;5758;5
2324;6031;7
2325;4471;3
2326;3771;3
2327;1228;6
2328;5153;5
2329;2127;5
2330;8296;2
2331;5005;2
2332;5913;6
2333;2241;6
2334;7758;2
2335;3207;1
2336;7653;3
2337;2767;3
2338;2844;6
2339;6013;4
2340;2200;7
2341;2496;7
2342;6057;1
2343;2183;1
2344;2394;4
2345;3605;5
2346;6601;2
2347;5756;4
2348;8946;3
2349;4663;6
2350;2488;7
2351;7553;7
2352;4790;3
2353;1892;5
2354;7647;3
2355;7234;7
2356;8424;1
2357;2500;4
2358;7857;4
2359;6143;5
2360;5114;2
2361;5038;3
2362;8253;4
2363;6675;7
2364;1090;4
2365;2037;6
2366;6408;7
2367;3494;6
2368;3998;5
2369;6838;1
2370;6976;5
2371;5095;7
2372;1953;7
2373;5258;5
2374;5077;6
2375;4770;4
2376;1610;7
2377;3559;5
2378;5995;3
2379;8345;6
2380;4529;3
2381;8138;5
2382;4198;6
2383;6037;1
2384;4187;2
2385;3637;7
2386;4480;1
2387;5434;4
2388;5618;7
2389;6892;2
2390;6472;2
2391;8170;1
2392;1778;3
2393;3989;5
2394;6581;4
2395;4597;2
2396;4677;7
2397;1405;6
2398;6653;4
2399;4907;3
2400;5640;7
2401;5010;6
2402;3229;4
2403;5900;4
2404;6684;2
2405;8555;1
2406;1093;1
2407;7961;2
2408;4984;7
2409;5345;2
2410;6138;6
2411;1482;7
2412;2304;3
2413;6102;7
2414;2378;4
2415;4116;3
2416;4710;2
2417;1485;3
2418;4504;1
2419;5237;7
2420;2399;5
2421;8390;3
2422;3566;2
2423;8954;1
2424;7947;6
2425;7413;4
2426;3633;7
2427;5121;4
2428;1568;4
2429;5409;3
2430;6144;5
2431;3485;3
2432;5005;7
2433;5708;7
2434;4437;5
2435;3454;6
2436;5233;4
2437;2783;4
2438;8286;5
2439;5455;6
2440;3186;3
2441;4538;2
2442;3705;4
2443;5899;7
2444;6032;5
2445;6813;6
2446;2368;2
2447;6678;2
2448;6372;4
2449;7366;3
2450;8264;3
2451;6224;7
2452;5723;1
2453;7169;5
2454;3247;3
2455;1699;1
2456;4645;4
2457;1797;5
2458;6548;2
2459;5816;2
2460;6534;1
2461;4590;1
2462;5338;6
2463;7400;1
2464;2475;6
2465;6969;4
2466;5944;5
2467;3014;7
2468;4090;7
2469;5262;6
2470;1960;3
2471;5886;7
2472;2939;6
2473;4675;2
2474;1947;2
2475;6825;7
2476;7364;3
2477;6324;1
2478;2152;4
2479;2111;3
2480;2534;6
2481;4739;3
2482;1222;7
2483;5683;3
2484;3539;7
2485;3525;4
2486;6197;1
2487;4455;1
2488;3670;1
2489;3594;4
2490;6815;4
2491;8888;4
2492;7846;2
2493;5641;2
2494;5080;4
2495;4586;5
2496;1849;1
2497;6579;1
2498;2831;4
2499;3098;4
2500;6528;6
2501;8777;7
2502;3278;2
2503;7349;5
2504;6670;3
2505;1395;3
2506;3114;6
2507;8381;1
2508;8175;2
2509;7493;1
2510;6136;6
2511;3068;1
2512;2383;5
2513;1969;7
2514;6496;5
2515;7244;4
2516;4488;2
2517;7247;4
2518;3933;1
2519;7836;1
2520;7448;7
2521;5214;4
2522;2414;7
2523;6069;5
2524;1129;2
2525;8158;7
2526;2804;6
2527;2195;4
2528;5218;1
2529;8266;4
2530;3837;7
2531;2687;1
2532;7619;7
2533;6276;1
2534;6343;4
2535;6268;7
2536;3789;1
2537;6140;3
2538;3378;5
2539;8265;7
2540;5953;7
2541;3803;7
2542;6672;4
2543;2850;2
2544;1137;3
2545;2006;3
2546;6713;3
2547;2320;4
2548;4950;5
2549;7009;7
2550;7938;7
2551;2348;3
2552;1787;5
2553;7760;6
2554;4359;7
2555;1378;2
2556;7771;3
2557;4426;1
2558;1213;7
2559;7927;2
2560;4614;7
2561;2285;7
2562;1207;4
2563;8763;4
2564;5361;4
2565;8063;3
2566;2830;6
2567;5327;5
2568;6306;4
2569;7622;7
2570;6339;3
2571;5155;1
2572;6031;6
2573;2325;1
2574;3062;7
2575;5117;2
2576;6516;5
2577;4336;6
2578;3671;5
2579;3576;6
2580;7450;4
2581;2776;6
2582;5987;5
2583;7452;4
2584;3220;5
2585;2148;5
2586;7474;7
2587;1551;2
2588;2844;2
2589;1909;5
2590;5548;6
2591;8765;7
2592;6872;5
2593;2608;2
2594;8339;3
2595;5196;2
2596;5999;2
2597;6044;5
2598;1428;4
2599;6572;4
2600;6073;6
2601;1811;7
2602;5651;5
2603;1761;1
2604;5487;4
2605;6547;4
2606;2222;4
2607;7629;6
2608;3600;5
2609;3315;6
2610;6043;1
2611;7054;3
2612;3336;7
2613;8072;3
2614;8426;2
2615;8120;1
2616;7996;7
2617;3008;7
2618;8516;6
2619;7604;3
2620;6285;4
2621;8780;4
2622;3558;3
2623;7852;2
2624;7190;4
2625;7233;3
2626;2933;5
2627;4072;4
2628;7485;1
2629;7949;3
2630;5465;4
2631;2501;7
2632;7676;4
2633;4525;5
2634;4486;2
2635;7115;3
2636;7405;7
2637;7154;7
2638;8750;6
2639;5727;5
2640;4249;6
2641;5696;2
2642;4139;4
2643;6722;1
2644;7680;3
2645;5628;2
2646;6965;2
2647;7192;4
2648;4650;4
2649;5887;4
2650;8069;6
2651;8901;4
2652;8518;4
2653;3172;1
2654;4596;7
2655;6284;5
2656;3857;1
2657;2132;3
2658;5240;7
2659;4213;3
2660;1204;6
2661;7125;4
2662;3501;2
2663;8000;4
2664;7308;4
2665;2940;5
2666;3328;3
2667;3738;4
2668;8478;7
2669;4750;5
2670;5687;3
2671;2646;5
2672;8634;4
2673;7214;5
2674;2131;6
2675;7060;5
2676;5501;4
2677;2013;3
2678;4926;7
2679;8377;3
2680;1455;4
2681;8292;4
2682;2916;2
2683;3851;7
2684;5690;4
2685;4839;6
2686;8162;7
2687;3947;4
2688;1678;1
2689;6876;7
2690;5382;2
2691;8250;4
2692;5878;4
2693;3270;4
2694;8197;5
2695;6347;2
2696;8775;6
2697;6763;5
2698;2859;6
2699;5095;7
2700;6940;5
2701;2449;5
2702;8693;7
2703;2216;6
2704;7647;2
2705;6443;3
2706;7153;4
2707;4299;2
2708;2007;4
2709;5376;6
2710;5003;6
2711;4953;3
2712;2655;1
2713;2572;6
2714;7947;2
2715;3581;7
2716;3145;5
2717;3220;5
2718;4096;7
2719;6174;5
2720;1469;7
2721;3286;1
2722;2348;1
2723;2695;4
2724;3381;6
2725;4995;6
2726;6901;4
2727;2609;2
2728;7997;4
2729;2302;6
2730;8448;2
2731;5269;7
2732;3666;6
2733;5739;4
2734;2551;6
2735;7189;7
2736;2667;7
2737;1987;2
2738;5947;5
2739;5265;2
2740;2173;5
2741;2818;3
2742;5320;3
2743;8967;5
2744;3759;2
2745;2442;7
2746;6130;5
2747;1960;7
2748;5564;7
2749;8367;4
2750;5043;4
2751;7407;6
2752;4782;1
2753;1991;5
2754;3900;7
2755;2800;7
2756;1983;4
2757;5144;1
2758;3270;3
2759;6557;4
2760;3607;1
2761;1806;5
2762;1158;7
2763;8786;7
2764;3066;5
2765;1719;7
2766;3858;3
2767;1661;4
2768;4985;1
2769;2415;5
2770;5192;6
2771;8451;4
2772;6848;3
2773;1490;5
2774;1960;3
2775;8394;4
2776;6041;2
2777;6335;7
2778;5589;5
2779;6461;7
2780;5627;2
2781;6679;5
2782;4354;5
2783;6886;4
2784;2183;3
2785;8162;5
2786;1648;2
2787;5760;1
2788;8641;2
2789;5943;3
2790;7939;6
2791;3919;7
2792;7207;2
2793;4077;7
2794;6646;3
2795;4937;2
2796;5667;2
2797;3148;7
2798;5397;5
2799;2329;1
2800;5322;4
2801;1942;3
2802;4630;1
2803;8786;2
2804;7140;2
2805;6523;1
2806;5013;1
2807;6115;6
2808;2784;4
2809;6473;4
2810;1290;7
2811;4365;2
2812;7686;6
2813;4987;3
2814;2671;2
2815;5653;4
2816;4841;5
2817;2207;6
2818;4548;1
2819;5175;7
2820;4286;7
2821;2990;4
2822;5857;7
2823;1871;1
2824;5650;2
2825;1115;3
2826;3091;6
2827;7604;1
2828;8261;2
2829;2355;1
2830;3107;1
2831;8824;2
2832;6167;6
2833;5740;5
2834;5093;2
2835;1444;2
2836;4715;3
2837;3858;4
2838;5795;4
2839;2818;4
2840;3647;1
2841;8848;5
2842;2386;3
2843;4606;3
2844;8297;5
2845;4328;1
2846;8547;4
2847;8960;2
2848;2948;1
2849;2582;5
2850;8153;7
2851;8555;6
2852;6262;4
2853;3864;2
2854;7192;7
2855;6886;5
2856;5817;2
2857;6933;7
2858;3876;6
2859;1034;1
2860;1748;3
2861;8528;5
2862;3963;1
2863;3771;5
2864;1635;5
2865;1403;4
2866;4205;3
2867;5203;2
2868;8490;6
2869;8293;1
2870;3166;1
2871;7295;6
2872;5308;3
2873;1314;1
2874;2707;6
2875;8094;2
2876;1765;1
2877;6910;7
2878;8451;6
2879;7643;2
2880;7319;4
2881;5663;7
2882;4419;1
2883;1393;6
2884;6301;4
2885;1173;7
2886;7111;1
2887;8873;4
2888;7797;5
2889;2298;3
2890;1415;3
2891;6990;4
2892;5896;1
2893;4378;6
2894;4912;6
2895;4444;1
2896;5997;7
2897;2027;2
2898;8382;2
2899;1867;6
2900;6311;3
2901;6200;2
2902;8263;4
2903;4444;7
2904;6643;6
2905;5930;4
2906;4452;2
2907;3387;7
2908;3813;6
2909;3372;7
2910;5917;2
2911;6369;7
2912;4920;2
2913;1043;2
2914;8825;7
2915;5507;4
2916;7124;1
2917;8501;4
2918;1392;4
2919;4569;4
2920;7056;3
2921;7470;3
2922;7276;4
2923;4606;6
2924;1203;1
2925;3990;6
2926;5176;5
2927;6068;1
2928;3595;1
2929;2521;4
2930;8401;5
2931;3128;2
2932;2142;4
2933;1655;2
2934;1554;1
2935;1397;5
2936;5865;5
2937;4673;3
2938;3881;1
2939;7259;2
2940;1452;1
2941;3146;6
2942;4985;1
2943;3817;3
2944;5629;6
2945;3821;6
2946;1923;1
2947;7095;4
2948;1935;6
2949;8089;7
2950;4848;1
2951;6514;2
2952;1999;7
2953;4845;3
2954;2683;6
2955;8159;6
2956;7804;3
2957;2539;7
2958;6168;4
2959;1345;7
2960;4504;2
2961;1041;6
2962;8574;4
2963;2049;1
2964;6735;1
2965;2439;4
2966;6024;7
2967;6976;7
2968;2058;5
2969;2742;4
2970;3853;2
2971;3752;5
2972;3432;6
2973;1587;1
2974;6939;3
2975;6400;4
2976;6313;1
2977;1118;7
2978;1970;4
2979;6128;6
2980;3978;4
2981;1994;4
2982;3256;4
2983;4928;7
2984;5528;1
2985;2216;1
2986;4957;7
2987;2073;7
2988;7588;6
2989;4148;6
2990;1591;5
2991;8408;4
2992;8148;6
2993;5556;3
2994;3252;3
2995;8487;7
2996;2446;7
2997;6403;6
2998;3291;4
2999;7625;6
3000;3142;3
3001;2417;6
3002;1848;5
3003;3954;3
3004;1468;3
3005;3543;3
3006;2279;2
3007;5311;1
3008;7824;3
3009;3296;6
3010;2377;5
3011;7607;4
3012;6744;3
3013;5330;7
3014;8337;1
3015;7686;7
3016;5193;1
3017;8125;7
3018;3896;5
3019;2433;5
3020;2364;3
3021;7215;5
3022;2904;1
3023;7689;4
3024;1738;2
3025;7504;5
3026;1592;4
3027;1558;2
3028;6094;1
3029;6569;3
3030;2964;1
3031;7925;2
3032;7183;1
3033;6566;3
3034;2123;1
3035;6110;2
3036;2847;6
3037;2525;6
3038;7580;1
3039;4007;1
3040;1385;5
3041;3015;6
3042;6618;5
3043;7314;1
3044;6656;6
3045;6811;7
3046;7683;3
3047;1191;7
3048;6497;3
3049;7121;1
3050;5039;6
3051;8484;7
3052;5294;3
3053;6157;3
3054;5860;6
3055;3199;7
3056;5230;7
3057;5071;2
3058;7475;3
3059;8379;3
3060;5251;4
3061;7306;7
3062;8488;4
3063;7933;5
3064;5126;4
3065;8497;7
3066;1211;1
3067;5989;5
3068;3047;1
3069;2675;2
3070;7443;5
3071;7635;2
3072;5835;6
3073;6743;6
3074;7613;2
3075;3783;4
3076;5664;3
3077;5585;1
3078;1767;4
3079;3533;6
3080;7962;5
3081;7374;6
3082;3749;5
3083;4449;6
3084;6603;4
3085;6885;2
3086;7359;6
3087;6030;2
3088;7879;6
3089;1609;6
3090;5502;7
3091;5564;1
3092;7591;1
3093;1144;4
3094;8140;5
3095;3344;3
3096;1640;7
3097;1812;3
3098;7876;3
3099;4967;6
3100;2908;6
3101;5096;3
3102;6674;4
3103;2337;2
3104;6841;1
3105;6894;3
3106;1628;6
3107;5986;3
3108;1890;4
3109;6457;4
3110;5531;7
3111;5968;2
3112;4777;5
3113;4977;3
3114;7470;2
3115;4347;5
3116;7369;6
3117;7593;1
3118;1680;6
3119;6077;1
3120;5594;7
3121;6256;1
3122;4280;5
3123;2662;2
3124;8955;6
3125;6911;2
3126;4459;7
3127;6575;2
3128;2881;5
3129;1417;4
3130;3412;7
3131;2616;3
3132;1725;5
3133;6082;3
3134;1173;3
3135;6511;4
3136;5294;4
3137;3528;1
3138;3338;5
3139;2423;4
3140;6151;2
3141;5960;7
3142;5806;7
3143;1560;1
3144;5695;6
3145;5128;1
3146;4729;2
3147;5210;7
3148;6668;7
3149;8573;2
3150;5239;2
3151;3195;1
3152;2915;6
3153;7483;1
3154;8542;4
3155;5227;2
3156;7878;7
3157;1623;6
3158;3641;4
3159;6911;5
3160;2316;7
3161;4940;2
3162;2621;6
3163;7134;7
3164;1325;6
3165;6079;5
3166;2238;3
3167;8457;7
3168;2654;1
3169;5995;4
3170;6675;1
3171;4560;5
3172;5452;5
3173;6917;7
3174;5667;1
3175;6522;6
3176;7715;5
3177;2951;1
3178;1577;3
3179;6896;6
3180;3011;2
3181;4730;7
3182;3260;6
3183;6474;6
3184;6958;2
3185;4965;2
3186;7550;4
3187;7311;4
3188;8891;1
3189;1265;5
3190;5686;2
3191;2070;4
3192;2254;2
3193;8002;7
3194;4923;7
3195;7889;5
3196;2567;4
3197;5227;6
3198;6234;7
3199;5813;4
3200;1434;6
3201;3045;6
3202;6011;1
3203;8528;7
3204;7201;2
3205;7504;3
3206;8138;1
3207;4023;5
3208;5442;2
3209;3796;2
3210;2517;6
3211;4313;6
3212;6352;5
3213;4980;4
3214;4281;6
3215;3084;7
3216;4077;7
3217;4767;6
3218;1995;5
3219;1013;7
3220;8626;3
3221;4984;5
3222;8024;7
3223;3573;2
3224;4369;3
3225;3060;5
3226;3034;4
3227;1058;1
3228;8714;4
3229;4776;2
3230;8755;4
3231;5275;4
3232;7354;5
3233;3416;6
3234;8229;7
3235;8805;3
3236;8174;1
3237;6093;2
3238;4141;2
3239;2129;3
3240;7936;3
3241;2505;5
3242;8477;7
3243;4009;6
3244;3336;2
3245;1956;6
3246;6079;2
3247;3613;4
3248;5008;5
3249;7127;7
3250;3564;2
3251;2160;5
3252;2398;5
3253;4876;1
3254;2700;7
3255;6838;7
3256;6741;1
3257;3313;4
3258;8095;6
3259;3541;6
3260;7661;2
3261;3564;7
3262;3709;2
3263;8907;3
3264;7795;7
3265;4053;7
3266;4591;1
3267;8710;7
3268;8488;2
3269;8322;2
3270;6602;5
3271;5453;1
3272;2135;7
3273;7020;3
3274;7129;4
3275;3306;1
3276;3528;4
3277;1511;3
3278;3248;7
3279;6325;5
3280;5320;4
3281;5366;2
3282;2178;3
3283;4338;2
3284;8511;6
3285;4185;5
3286;5233;4
3287;4245;2
3288;8499;5
3289;8244;7
3290;7572;6
3291;5075;2
3292;1158;2
3293;4917;4
3294;8761;6
3295;2648;5
3296;6025;6
3297;3987;3
3298;5649;3
3299;4548;2
3300;1854;4
3301;3393;3
3302;5066;4
3303;7271;6
3304;7244;1
3305;6913;6
3306;8031;7
3307;7333;5
3308;7205;6
3309;2788;7
3310;2509;3
3311;5509;5
3312;6285;4
3313;7675;6
3314;2238;4
3315;3013;6
3316;7095;7
3317;5710;4
3318;5887;3
3319;2009;2
3320;2129;6
3321;5185;7
3322;8884;6
3323;8651;4
3324;6099;7
3325;2443;1
3326;7455;1
3327;4366;1
3328;3432;5
3329;3866;1
3330;3462;6
3331;7527;4
3332;7625;2
3333;2822;1
3334;8335;6
3335;7809;7
3336;5719;3
3337;7411;3
3338;7476;2
3339;3921;1
3340;2687;1
3341;4763;3
3342;8128;5
3343;3004;7
3344;4601;2
3345;2885;7
3346;4270;4
3347;8963;4
3348;1841;3
3349;7788;7
3350;2323;4
3351;5573;4
3352;2697;3
3353;1954;2
3354;5047;6
3355;2454;4
3356;4577;7
3357;4260;4
3358;3911;6
3359;8018;1
3360;7424;2
3361;1425;3
3362;3415;3
3363;1337;1
3364;8289;5
3365;2511;4
3366;3489;2
3367;2642;7
3368;1648;1
3369;7199;2
3370;4056;3
3371;4479;7
3372;5050;6
3373;6753;4
3374;2511;4
3375;6427;5
3376;4448;2
3377;1286;3
3378;7577;1
3379;4164;3
3380;4111;5
3381;1747;6
3382;4752;1
3383;7685;1
3384;5829;7
3385;2812;3
3386;2694;3
3387;7961;6
3388;4421;4
3389;2858;4
3390;7559;5
3391;2815;1
3392;5901;6
3393;5168;3
3394;6281;7
3395;8189;3
3396;2943;1
3397;8214;7
3398;5923;1
3399;3926;3
3400;1229;4
3401;8499;3
3402;7880;4
3403;7812;1
3404;3867;5
3405;7971;4
3406;5985;3
3407;3192;2
3408;3490;6
3409;5398;1
3410;6151;6
3411;5466;3
3412;1414;6
3413;6690;1
3414;3529;3
3415;6178;3
3416;4192;6
3417;1427;6
3418;7960;1
3419;6783;2
3420;8753;3
3421;1216;1
3422;3651;5
3423;5715;4
3424;6171;7
3425;6311;7
3426;3286;2
3427;6749;2
3428;5148;4
3429;2122;6
3430;6965;1
3431;6069;1
3432;2196;7
3433;8562;5
3434;7848;2
3435;1636;4
3436;4761;6
3437;3851;1
3438;7239;6
3439;2161;1
3440;3912;4
3441;4258;5
3442;5736;6
3443;2511;5
3444;8145;4
3445;6509;3
3446;4836;7
3447;6830;3
3448;4362;1
3449;8723;6
3450;4319;7
3451;4072;3
3452;2255;7
3453;8913;2
3454;1083;4
3455;6544;7
3456;2869;4
3457;5653;5
3458;3907;3
3459;3225;4
3460;8050;4
3461;5045;7
3462;7783;6
3463;7754;1
3464;7905;4
3465;3534;2
3466;3266;5
3467;2106;3
3468;3187;2
3469;6533;6
3470;6923;1
3471;7306;1
3472;3930;6
3473;7093;5
3474;5345;3
3475;4997;3
3476;5148;4
3477;2872;7
3478;1913;5
3479;1259;1
3480;4676;2
3481;1814;6
3482;1252;3
3483;6235;5
3484;5052;7
3485;3301;4
3486;4776;7
3487;4550;1
3488;3480;5
3489;5524;6
3490;6546;1
3491;6913;2
3492;1049;1
3493;2323;1
3494;5195;6
3495;6913;3
3496;1329;1
3497;6921;7
3498;1289;7
3499;2020;6
3500;7084;5
3501;4870;1
3502;7757;5
3503;1071;1
3504;8202;3
3505;8438;1
3506;3205;2
3507;3267;6
3508;6928;7
3509;6936;3
3510;6397;2
3511;4545;1
3512;7727;2
3513;7200;1
3514;1812;5
3515;1133;7
3516;6798;2
3517;5785;3
3518;4942;4
3519;6387;3
3520;1965;2
3521;7185;3
3522;3478;1
3523;1847;3
3524;4639;1
3525;6916;4
3526;4353;4
3527;4460;2
3528;8504;6
3529;8882;4
3530;7505;3
3531;6735;2
3532;1908;2
3533;2883;1
3534;5120;3
3535;8170;7
3536;4500;6
3537;4421;1
3538;6969;3
3539;4907;2
3540;2286;4
3541;2709;1
3542;4405;5
3543;7576;3
3544;1947;5
3545;4923;3
3546;8849;3
3547;6063;6
3548;7778;7
3549;3250;6
3550;7980;6
3551;2201;5
3552;8643;3
3553;6575;1
3554;7547;6
3555;4796;5
3556;3917;4
3557;4074;6
3558;2858;1
3559;3083;7
3560;3840;2
3561;2970;2
3562;3458;7
3563;7855;6
3564;6985;2
3565;5568;4
3566;6265;4
3567;6635;5
3568;1545;5
3569;8320;7
3570;4450;4
3571;4267;4
3572;3784;3
3573;7310;6
3574;4777;4
3575;3823;4
3576;1533;4
3577;6287;3
3578;5491;7
3579;2422;3
3580;1353;1
3581;1577;6
3582;8332;4
3583;2793;3
3584;7912;4
3585;1096;1
3586;5069;1
3587;2309;5
3588;4673;7
3589;5523;6
3590;6336;6
3591;2112;2
3592;6242;3
3593;2137;4
3594;3728;6
3595;2048;2
3596;1000;7
3597;5965;6
3598;5310;4
3599;8307;4
3600;5720;6
3601;8492;1
3602;2097;2
3603;8378;4
3604;4543;4
3605;1625;3
3606;4713;5
3607;5238;1
3608;4873;3
3609;5567;2
3610;1584;3
3611;4321;3
3612;1566;4
3613;7298;6
3614;6493;6
3615;6479;1
3616;7586;2
3617;2143;1
3618;7424;3
3619;5832;3
3620;1568;5
3621;8647;7
3622;1971;4
3623;3301;4
3624;4878;6
3625;5491;7
3626;5330;5
3627;8949;6
3628;1892;4
3629;3376;1
3630;3924;6
3631;8009;3
3632;7968;5
3633;8818;7
3634;6801;6
3635;5453;5
3636;8699;5
3637;5200;2
3638;6780;3
3639;7309;4
3640;3461;4
3641;6382;1
3642;7860;7
3643;2399;6
3644;8734;5
3645;6186;7
3646;7402;7
3647;1706;5
3648;5246;7
3649;6662;4
3650;8856;1
3651;2123;1
3652;2268;1
3653;2917;3
3654;2874;1
3655;4339;2
3656;2829;1
3657;4907;5
3658;2080;5
3659;5578;4
3660;6980;3
3661;7715;3
3662;8752;4
3663;8089;1
3664;8418;3
3665;6551;5
3666;3065;2
3667;8079;1
3668;7870;7
3669;4874;7
3670;5976;3
3671;7558;2
3672;7638;2
3673;1571;6
3674;4895;4
3675;7832;2
3676;4150;6
3677;7946;2
3678;6849;7
3679;6958;1
3680;1848;4
3681;3767;2
3682;7530;5
3683;6420;5
3684;6916;6
3685;4035;1
3686;5857;2
3687;1191;5
3688;6324;1
3689;1313;1
3690;3414;3
3691;8198;5
3692;5209;3
3693;5690;3
3694;7853;3
3695;4369;5
3696;2195;3
3697;3583;3
3698;1428;6
3699;8036;5
3700;6733;1
3701;1077;6
3702;4650;6
3703;4399;1
3704;3245;2
3705;8710;3
3706;1804;1
3707;3216;1
3708;5194;7
3709;1396;2
3710;2615;5
3711;3804;3
3712;4216;2
3713;8692;2
3714;5895;7
3715;5467;2
3716;3076;3
3717;1692;2
3718;4781;7
3719;3160;5
3720;7238;2
3721;3097;3
3722;5238;2
3723;7460;5
3724;5241;5
3725;8869;1
3726;6953;3
3727;8217;7
3728;6057;3
3729;3064;6
3730;4538;5
3731;5860;1
3732;2976;1
3733;3420;4
3734;4183;1
3735;4859;1
3736;2731;6
3737;7019;2
3738;6626;3
3739;6567;6
3740;2498;7
3741;6194;7
3742;2565;6
3743;4441;2
3744;6796;2
3745;5887;2
3746;6308;6
3747;7927;6
3748;6665;7
3749;7750;2
3750;5184;5
3751;8745;7
3752;2219;7
3753;4583;3
3754;1441;2
3755;3790;4
3756;1352;3
3757;2873;3
3758;7387;7
3759;4096;5
3760;3145;3
3761;1779;3
3762;8112;5
3763;7825;1
3764;7658;4
3765;6058;5
3766;4895;7
3767;2732;5
3768;7051;3
3769;4882;6
3770;8611;4
3771;8952;4
3772;3768;6
3773;5037;3
3774;6501;7
3775;2070;1
3776;1973;2
3777;7242;3
3778;4078;4
3779;4712;1
3780;5890;4
3781;7195;3
3782;5066;6
3783;6681;1
3784;5421;3
3785;5180;6
3786;1822;6
3787;1694;4
3788;4536;4
3789;2327;5
3790;2452;1
3791;4112;5
3792;2980;3
3793;8719;2
3794;2617;7
3795;8473;1
3796;5466;4
3797;2727;7
3798;8508;6
3799;7112;4
3800;5752;6
3801;5608;3
3802;1682;2
3803;5554;3
3804;2039;4
3805;2369;2
3806;6974;3
3807;8905;6
3808;5493;4
3809;8754;1
3810;3863;7
3811;6370;4
3812;7542;3
3813;2904;2
3814;2752;6
3815;3429;3
3816;3320;6
3817;8772;7
3818;8867;1
3819;8615;1
3820;3726;7
3821;6797;7
3822;3661;2
3823;2085;2
3824;4252;2
3825;5997;3
3826;1869;2
3827;1412;5
3828;5598;4
3829;6382;6
3830;3740;4
3831;3555;2
3832;5305;6
3833;7054;3
3834;4009;2
3835;6706;2
3836;3779;2
3837;6413;4
3838;6921;3
3839;6261;6
3840;4524;2
3841;5825;6
3842;8021;7
3843;5319;1
3844;6565;7
3845;3915;3
3846;4361;1
3847;1545;2
3848;8161;4
3849;4814;3
3850;6699;5
3851;3549;1
3852;1357;4
3853;5162;6
3854;3907;5
3855;5851;3
3856;6427;2
3857;4928;6
3858;6653;3
3859;2738;2
3860;2508;6
3861;5836;7
3862;4787;2
3863;6285;6
3864;7896;5
3865;5284;3
3866;7319;2
3867;5349;3
3868;2379;7
3869;7269;5
3870;3250;2
3871;2248;2
3872;2196;4
3873;8809;4
3874;1168;2
3875;2087;5
3876;2848;2
3877;3861;7
3878;3260;3
3879;4838;5
3880;6705;4
3881;3941;1
3882;4688;5
3883;3842;4
3884;1488;6
3885;2511;6
3886;1174;6
3887;7447;2
3888;4517;7
3889;8940;1
3890;1347;6
3891;8619;5
3892;6684;7
3893;6914;3
3894;6225;1
3895;3202;3
3896;7572;6
3897;2538;1
3898;2552;7
3899;4646;6
3900;8962;3
3901;1733;1
3902;2629;5
3903;6390;2
3904;4161;1
3905;8303;6
3906;6399;4
3907;5558;6
3908;6662;7
3909;6134;1
3910;3254;3
3911;2862;7
3912;7084;7
3913;8684;1
3914;6462;5
3915;6979;4
3916;7976;4
3917;1512;3
3918;1212;3
3919;6076;5
3920;2682;6
3921;8796;3
3922;3408;7
3923;5751;1
3924;5646;4
3925;3993;7
3926;7091;1
3927;8006;3
3928;5668;4
3929;2636;6
3930;8665;2
3931;6891;6
3932;2546;6
3933;8724;5
3934;5671;4
3935;4716;7
3936;8749;5
3937;7000;5
3938;8800;1
3939;3949;6
3940;3204;6
3941;4926;3
3942;1590;1
3943;1977;6
3944;8468;1
3945;4431;2
3946;6969;3
3947;1958;3
3948;1354;1
3949;1041;3
3950;8211;5
3951;4406;5
3952;3220;5
3953;4518;2
3954;1422;6
3955;6878;6
3956;6141;4
3957;3770;1
3958;5834;2
3959;7087;5
3960;8422;2
3961;6298;3
3962;2483;2
3963;3118;6
3964;7295;6
3965;2338;5
3966;7753;5
3967;3269;2
3968;4563;5
3969;4516;4
3970;4845;2
3971;8561;7
3972;7417;1
3973;1012;1
3974;1370;1
3975;3543;3
3976;6941;2
3977;7910;7
3978;6979;1
3979;4952;3
3980;4557;6
3981;2883;1
3982;6207;3
3983;6983;1
3984;3961;1
3985;5309;3
3986;7587;1
3987;5113;6
3988;7690;2
3989;1890;6
3990;7184;3
3991;2241;7
3992;2567;1
3993;3108;6
3994;3752;1
3995;4537;7
3996;2398;6
3997;3416;4
3998;6709;2
3999;7147;6
4000;3874;5
4001;7408;1
4002;5010;2
4003;8383;7
4004;1818;1
4005;1307;7
4006;1353;7
4007;2979;1
4008;8438;6
4009;4212;7
4010;7969;3
4011;7970;7
4012;3810;2
4013;8347;6
4014;8219;4
4015;2916;4
4016;1083;4
4017;8572;7
4018;7464;7
4019;1405;6
4020;2011;7
4021;6262;4
4022;7953;1
4023;7545;5
4024;6875;6
4025;1192;1
4026;3500;1
4027;6413;7
4028;4032;4
4029;4058;5
4030;7145;6
4031;3238;1
4032;5828;3
4033;5546;6
4034;3900;7
4035;7096;6
4036;8761;3
4037;6466;2
4038;1673;5
4039;4055;2
4040;6959;6
4041;4586;6
4042;3827;2
4043;4348;6
4044;6225;6
4045;2284;1
4046;5837;3
4047;7219;4
4048;6351;5
4049;2182;2
4050;1590;2
4051;5982;6
4052;8643;7
4053;2886;4
4054;3113;2
4055;8926;6
4056;4426;6
4057;2283;5
4058;7438;4
4059;4105;5
4060;5527;3
4061;4837;5
4062;8254;2
4063;7080;1
4064;6049;6
4065;5691;6
4066;3069;1
4067;1578;1
4068;8502;4
4069;7406;5
4070;8025;5
4071;4100;3
4072;2217;5
4073;6089;2
4074;3537;1
4075;1413;5
4076;5032;4
4077;6581;1
4078;3808;6
4079;3452;3
4080;8769;2
4081;8026;1
4082;2819;4
4083;5571;7
4084;1359;7
4085;4576;1
4086;4976;3
4087;8720;5
4088;3718;4
4089;6370;4
4090;4245;5
4091;2558;2
4092;5588;3
4093;7171;2
4094;3584;1
4095;3276;3
4096;4321;5
4097;1154;1
4098;8675;3
4099;6673;6
4100;1286;7
4101;5676;7
4102;6772;4
4103;4717;4
4104;1241;4
4105;3997;3
4106;7766;4
4107;5562;5
4108;8030;3
4109;1834;2
4110;1996;2
4111;6794;1
4112;4844;7
4113;6418;6
4114;3675;3
4115;6200;5
4116;2255;5
4117;3714;7
4118;7472;2
4119;3128;4
4120;6305;1
4121;1536;7
4122;7533;6
4123;3737;2
4124;6495;4
4125;5540;1
4126;2026;6
4127;4710;3
4128;7008;4
4129;2927;6
4130;8812;4
4131;4461;3
4132;2723;5
4133;3466;1
4134;7016;6
4135;6261;5
4136;3927;2
4137;5622;3
4138;1749;7
4139;4376;1
4140;4774;1
4141;2507;4
4142;8886;5
4143;6006;6
4144;1038;1
4145;2409;1
4146;7025;6
4147;5656;6
4148;3668;3
4149;4134;6
4150;4932;6
4151;6636;4
4152;7005;2
4153;3294;7
4154;5130;3
4155;4094;6
4156;6269;7
4157;3266;6
4158;1257;2
4159;4991;4
4160;5804;4
4161;8073;1
4162;7693;1
4163;6733;1
4164;7447;5
4165;4756;3
4166;6098;5
4167;8184;5
4168;2096;2
4169;4153;2
4170;5925;3
4171;2524;6
4172;5893;6
4173;5357;3
4174;2610;1
4175;4812;4
4176;1099;7
4177;4387;7
4178;3396;1
4179;3632;1
4180;7502;2
4181;4475;1
4182;4104;7
4183;2451;4
4184;6904;1
4185;8067;1
4186;3077;2
4187;2598;1
4188;8713;4
4189;2387;1
4190;6534;3
4191;3797;5
4192;7822;2
4193;4162;2
4194;1829;2
4195;7714;6
4196;4982;1
4197;3950;1
4198;4172;3
4199;3788;1
4200;8953;5
4201;6235;7
4202;1974;1
4203;4302;3
4204;4647;7
4205;5559;5
4206;1835;4
4207;4067;2
4208;5620;3
4209;5257;2
4210;1009;7
4211;4685;3
4212;6175;1
4213;6292;2
4214;6380;3
4215;5612;3
4216;8905;4
4217;6670;3
4218;4704;2
4219;1005;6
4220;4748;7
4221;7732;4
4222;5956;3
4223;4413;6
4224;2852;5
4225;4451;5
4226;2868;6
4227;1219;1
4228;1987;5
4229;8422;7
4230;1239;2
4231;5350;4
4232;8753;1
4233;4461;2
4234;8565;4
4235;6947;5
4236;6089;5
4237;4079;1
4238;4491;3
4239;8432;7
4240;5385;4
4241;1692;1
4242;7399;4
4243;1974;1
4244;8050;4
4245;8717;6
4246;8349;1
4247;2835;3
4248;3000;5
4249;3047;4
4250;3908;2
4251;1420;3
4252;7730;4
4253;1861;2
4254;8124;6
4255;1462;4
4256;7190;6
4257;7463;4
4258;4218;5
4259;2315;7
4260;4926;6
4261;2008;5
4262;6381;5
4263;2669;1
4264;4833;4
4265;2564;1
4266;1061;6
4267;3280;6
4268;8953;7
4269;4181;4
4270;6390;3
4271;7637;4
4272;5783;1
4273;3548;3
4274;7874;2
4275;6566;4
4276;6281;1
4277;6485;4
4278;1665;4
4279;7583;5
4280;2517;5
4281;3185;1
4282;3435;3
4283;7122;2
4284;8124;3
4285;1724;4
4286;3958;3
4287;4157;7
4288;5697;2
4289;6721;6
4290;4891;2
4291;1563;6
4292;5935;4
4293;2720;1
4294;6582;3
4295;8898;4
4296;8269;5
4297;6340;6
4298;3707;1
4299;5912;7
4300;3360;6
4301;2207;6
4302;4953;7
4303;7006;7
4304;2240;7
4305;5153;6
4306;7332;6
4307;6780;6
4308;7510;3
4309;2320;1
4310;4801;4
4311;8762;3
4312;3046;1
4313;3556;6
4314;4469;3
4315;2016;6
4316;1166;4
4317;2920;6
4318;6486;4
4319;8079;4
4320;5039;4
4321;1128;7
4322;8200;7
4323;1944;2
4324;4705;3
4325;3260;3
4326;5559;3
4327;7777;7
4328;1982;4
4329;7697;1
4330;5515;2
4331;3092;2
4332;8533;5
4333;1041;7
4334;8403;4
4335;3679;1
4336;2975;1
4337;6180;4
4338;1329;1
4339;1310;7
4340;4758;6
4341;8008;5
4342;5146;7
4343;5914;3
4344;4805;3
4345;4558;2
4346;7649;7
4347;4479;6
4348;5231;5
4349;2103;1
4350;4628;6
4351;7544;3
4352;3869;7
4353;4104;7
4354;1445;2
4355;3780;2
4356;2619;2
4357;2494;5
4358;2296;2
4359;4566;2
4360;7358;1
4361;4364;1
4362;4213;5
4363;8409;4
4364;8486;2
4365;6242;4
4366;7938;2
4367;1243;1
4368;5107;6
4369;2570;2
4370;7526;4
4371;4929;1
4372;6657;7
4373;8007;1
4374;5911;1
4375;5442;3
4376;2171;6
4377;3738;5
4378;6283;1
4379;1144;6
4380;8698;6
4381;6268;6
4382;3651;6
4383;1894;5
4384;4266;1
4385;4937;4
4386;8963;7
4387;3099;6
4388;8374;3
4389;6013;2
4390;4920;5
4391;4678;2
4392;7185;3
4393;3286;2
4394;4663;3
4395;8294;5
4396;4413;7
4397;5676;1
4398;8695;6
4399;5813;2
4400;7763;5
4401;6237;4
4402;1872;1
4403;2315;1
4404;7137;3
4405;3995;3
4406;3522;2
4407;4048;7
4408;4237;1
4409;2319;7
4410;2480;4
4411;7594;4
4412;8301;4
4413;4406;1
4414;2232;2
4415;5230;4
4416;4165;7
4417;6279;4
4418;5136;2
4419;3495;2
4420;6345;2
4421;3551;5
4422;1832;3
4423;4601;6
4424;2828;2
4425;8040;6
4426;7957;6
4427;2040;2
4428;6341;4
4429;5899;2
4430;1157;2
4431;3405;3
4432;2140;4
4433;6980;1
4434;1850;2
4435;5689;5
4436;1362;4
4437;5706;7
4438;7804;3
4439;6088;7
4440;8529;1
4441;7143;7
4442;3110;7
4443;5954;4
4444;3062;2
4445;2244;5
4446;4219;3
4447;3794;2
4448;6402;5
4449;6235;7
4450;7579;2
4451;7627;6
4452;8012;7
4453;4639;2
4454;7431;3
4455;3858;2
4456;1554;4
4457;3915;3
4458;8186;6
4459;4932;5
4460;5694;2
4461;7265;4
4462;4469;5
4463;2249;7
4464;5072;6
4465;5006;3
4466;6930;1
4467;1501;5
4468;7348;2
4469;1568;4
4470;5926;2
4471;7260;5
4472;4838;3
4473;2695;1
4474;1230;5
4475;3173;5
4476;2003;2
4477;5681;1
4478;7029;5
4479;5661;1
4480;4758;7
4481;2885;5
4482;8193;2
4483;7098;4
4484;5247;4
4485;6231;2
4486;3224;5
4487;3889;3
4488;4629;2
4489;2643;1
4490;8300;7
4491;4993;2
4492;5851;6
4493;7794;2
4494;2143;3
4495;7150;6
4496;7721;1
4497;8522;7
4498;7230;1
4499;7450;6
4500;1657;5
4501;8570;4
4502;8189;5
4503;8461;7
4504;6215;1
4505;7102;6
4506;1352;6
4507;6612;2
4508;1029;3
4509;6157;3
4510;8039;7
4511;6643;6
4512;6733;1
4513;1205;5
4514;7927;3
4515;2127;5
4516;5920;3
4517;2099;5
4518;7559;6
4519;6071;6
4520;5970;1
4521;1799;3
4522;8764;6
4523;2139;6
4524;7573;6
4525;4504;7
4526;5552;3
4527;4274;5
4528;2568;4
4529;5689;3
4530;3612;1
4531;2068;4
4532;4959;2
4533;8639;2
4534;3679;7
4535;4261;4
4536;6438;6
4537;2071;7
4538;5771;3
4539;4688;6
4540;4049;4
4541;2324;1
4542;8838;7
4543;4713;3
4544;4222;7
4545;1506;4
4546;8779;6
4547;1905;5
4548;3872;2
4549;7647;6
4550;6667;4
4551;4762;1
4552;4711;4
4553;4655;1
4554;8488;3
4555;4746;3
4556;1726;3
4557;1691;1
4558;6974;6
4559;8064;4
4560;5128;1
4561;6810;7
4562;1444;2
4563;3062;1
4564;7045;3
4565;4494;7
4566;3578;1
4567;2864;4
4568;2021;6
4569;1545;2
4570;7139;7
4571;1572;7
4572;1713;3
4573;8314;7
4574;2837;5
4575;5480;2
4576;7742;3
4577;7555;4
4578;7069;6
4579;6563;6
4580;1390;4
4581;5007;6
4582;6353;2
4583;1638;2
4584;4934;4
4585;1800;2
4586;5938;7
4587;3991;1
4588;6417;6
4589;1792;2
4590;1475;6
4591;8862;3
4592;6168;3
4593;2992;7
4594;7080;7
4595;4404;5
4596;7343;6
4597;3026;3
4598;4240;5
4599;5211;7
4600;1505;4
4601;2396;3
4602;8828;6
4603;7604;6
4604;5190;7
4605;1943;7
4606;6295;4
4607;7278;4
4608;7445;1
4609;5239;5
4610;2552;3
4611;8968;2
4612;8348;6
4613;5172;2
4614;5827;6
4615;1688;5
4616;5282;2
4617;2183;3
4618;7397;6
4619;1699;6
4620;1173;4
4621;5712;4
4622;8150;1
4623;7293;6
4624;8295;5
4625;8898;5
4626;2807;6
4627;4014;3
4628;5074;5
4629;1503;7
4630;5036;4
4631;3703;3
4632;3570;7
4633;6704;5
4634;8044;1
4635;2732;7
4636;2343;4
4637;5299;1
4638;6727;1
4639;6015;7
4640;4705;2
4641;5998;7
4642;3488;2
4643;3914;1
4644;6832;1
4645;7913;3
4646;2917;7
4647;3364;5
4648;1973;2
4649;2108;7
4650;3815;2
4651;5542;1
4652;7569;6
4653;5645;3
4654;1445;3
4655;5390;1
4656;7942;3
4657;3704;5
4658;7168;3
4659;2378;1
4660;3431;7
4661;6517;4
4662;3900;4
4663;5185;4
4664;8649;1
4665;4377;3
4666;7276;6
4667;4449;5
4668;5727;4
4669;7024;3
4670;7099;1
4671;6277;2
4672;4043;4
4673;7878;6
4674;6707;4
4675;5878;2
4676;4025;5
4677;4978;7
4678;8594;6
4679;7173;7
4680;1161;6
4681;6469;4
4682;5671;6
4683;8511;3
4684;2722;5
4685;5006;5
4686;7459;4
4687;6345;1
4688;4217;3
4689;1622;5
4690;4207;3
4691;5707;7
4692;7256;7
4693;1509;2
4694;6111;4
4695;8058;2
4696;8066;2
4697;5294;6
4698;4684;3
4699;8947;6
4700;3847;3
4701;2087;6
4702;7083;2
4703;8783;7
4704;7396;3
4705;5002;4
4706;1319;7
4707;3322;1
4708;6688;4
4709;3698;2
4710;7165;1
4711;3334;7
4712;1351;5
4713;2402;4
4714;4790;5
4715;2351;3
4716;2300;7
4717;4345;1
4718;3060;6
4719;2653;4
4720;7423;3
4721;8562;5
4722;5400;5
4723;7054;5
4724;5101;1
4725;8002;2
4726;7750;2
4727;7904;2
4728;3412;2
4729;3043;7
4730;1561;5
4731;3232;5
4732;5505;3
4733;1271;6
4734;8043;2
4735;3844;5
4736;6216;2
4737;8016;4
4738;2334;7
4739;1354;5
4740;3270;6
4741;3477;3
4742;8232;6
4743;1134;7
4744;8842;3
4745;8101;4
4746;3886;6
4747;8277;2
4748;7276;1
4749;1143;4
4750;2198;1
4751;7923;6
4752;8209;7
4753;7648;3
4754;8145;5
4755;4430;4
4756;7765;5
4757;3125;7
4758;6310;7
4759;1497;2
4760;2783;6
4761;8868;7
4762;1102;4
4763;7099;4
4764;5146;1
4765;5821;3
4766;7988;3
4767;8971;5
4768;3837;4
4769;4495;7
4770;3857;5
4771;1872;5
4772;2999;6
4773;7764;6
4774;5357;7
4775;8876;2
4776;6996;4
4777;7881;4
4778;4812;3
4779;6000;6
4780;8055;5
4781;2891;3
4782;8857;2
4783;6961;3
4784;6904;3
4785;1925;4
4786;1728;6
4787;5060;2
4788;4759;5
4789;5480;6
4790;7349;1
4791;3557;3
4792;3153;5
4793;7022;5
4794;7454;5
4795;4057;6
4796;2791;4
4797;5079;7
4798;6177;5
4799;8389;3
4800;8632;5
4801;3350;7
4802;5720;2
4803;7107;4
4804;4955;3
4805;3854;5
4806;3197;2
4807;7856;5
4808;7387;3
4809;3298;3
4810;1439;2
4811;4180;7
4812;3740;6
4813;2526;2
4814;4647;5
4815;4702;7
4816;6404;1
4817;8251;7
4818;4594;4
4819;3645;1
4820;6852;5
4821;6633;1
4822;5650;7
4823;5871;3
4824;5444;1
4825;3850;7
4826;6490;6
4827;4554;2
4828;7432;2
4829;6967;6
4830;2549;3
4831;7694;2
4832;5430;5
4833;3411;3
4834;1306;2
4835;5741;6
4836;2355;7
4837;1268;7
4838;3272;5
4839;4935;5
4840;4857;7
4841;5440;6
4842;4536;5
4843;7014;1
4844;2274;7
4845;8825;3
4846;5807;4
4847;6672;4
4848;6311;1
4849;7814;6
4850;7289;6
4851;7841;3
4852;5825;3
4853;8966;7
4854;7792;4
4855;8800;5
4856;7418;1
4857;8419;6
4858;1971;1
4859;8755;4
4860;2128;4
4861;1455;7
4862;8025;5
4863;4610;1
4864;6918;7
4865;5939;5
4866;7675;7
4867;8729;4
4868;5065;6
4869;7222;4
4870;1308;3
4871;5952;4
4872;7650;5
4873;4564;7
4874;6490;4
4875;4057;6
4876;6344;1
4877;8410;7
4878;8652;1
4879;7566;2
4880;7136;7
4881;7258;1
4882;1176;3
4883;8339;1
4884;8770;4
4885;3309;4
4886;8201;4
4887;7583;7
4888;4368;2
4889;4764;5
4890;6945;2
4891;2291;4
4892;8746;6
4893;2849;6
4894;6791;3
4895;2275;7
4896;4051;5
4897;2710;4
4898;1996;4
4899;4976;5
4900;4549;5
4901;1781;6
4902;3392;4
4903;1961;6
4904;4995;5
4905;4971;6
4906;2590;6
4907;1385;5
4908;5858;5
4909;6499;6
4910;2236;2
4911;8696;5
4912;8916;6
4913;2753;6
4914;4128;6
4915;8837;3
4916;7801;2
4917;1459;4
4918;2713;7
4919;8762;4
4920;5112;1
4921;5869;7
4922;4177;3
4923;5259;2
4924;3806;6
4925;5886;2
4926;7529;4
4927;8463;1
4928;5526;5
4929;8870;7
4930;3586;1
4931;1071;5
4932;1580;3
4933;3710;2
4934;8194;5
4935;6203;4
4936;6293;3
4937;8064;5
4938;6906;5
4939;2553;6
4940;2530;5
4941;5642;1
4942;2708;7
4943;6016;7
4944;6704;1
4945;8582;7
4946;7844;2
4947;8976;5
4948;3408;5
4949;4149;4
4950;6561;4
4951;6477;2
4952;5663;6
4953;8679;3
4954;2119;6
4955;6958;6
4956;4441;6
4957;8601;7
4958;3186;7
4959;6868;2
4960;2674;7
4961;8288;5
4962;1336;7
4963;7746;3
4964;8632;4
4965;3243;5
4966;2063;6
4967;7722;7
4968;4754;2
4969;1301;3
4970;6545;5
4971;5547;7
4972;3425;3
4973;8851;2
4974;7005;2
4975;2718;4
4976;7448;6
4977;6427;1
4978;1158;1
4979;7129;5
4980;6165;6
4981;2523;5
4982;6899;3
4983;1233;7
4984;3756;4
4985;8947;6
4986;2274;6
4987;8962;1
4988;2053;1
4989;2960;4
4990;8292;6
4991;7787;1
4992;7079;7
4993;4487;1
4994;3349;3
4995;7495;1
4996;6402;7
4997;2846;3
4998;8655;5
4999;7601;7
5000;6140;2
5001;2375;1
5002;7262;5
5003;8107;7
5004;8707;1
5005;4036;5
5006;1196;5
5007;3449;5
5008;3934;4
5009;4546;5
5010;6765;7
5011;8510;3
5012;8089;6
5013;2661;5
5014;7514;7
5015;7036;1
5016;1869;5
5017;7015;4
5018;4230;4
5019;4193;7
5020;5522;7
5021;2014;6
5022;8083;2
5023;2239;2
5024;4819;1
5025;7783;2
5026;4178;2
5027;7166;4
5028;2042;7
5029;7150;4
5030;1467;4
5031;6808;6
5032;5298;1
5033;1109;6
5034;2364;7
5035;5159;3
5036;6856;3
5037;8213;5
5038;7175;1
5039;7902;2
5040;6068;2
5041;5927;5
5042;6567;2
5043;7391;2
5044;8617;3
5045;6466;4
5046;3678;1
5047;3659;3
5048;5322;6
5049;3963;1
5050;2953;3
5051;5760;4
5052;6745;4
5053;3910;5
5054;1397;1
5055;8721;6
5056;4187;2
5057;4346;1
5058;5972;5
5059;4487;5
5060;3474;6
5061;5087;3
5062;5426;7
5063;3267;6
5064;6904;5
5065;5330;1
5066;8493;6
5067;8299;2
5068;3290;3
5069;6921;2
5070;3069;3
5071;5327;2
5072;2673;6
5073;4438;7
5074;7065;5
5075;4284;2
5076;4140;3
5077;7587;6
5078;3489;3
5079;1680;1
5080;5977;4
5081;7263;5
5082;7557;2
5083;2328;6
5084;2466;2
5085;1571;3
5086;8292;7
5087;1047;5
5088;1915;7
5089;3927;5
5090;5914;6
5091;7264;1
5092;4345;2
5093;4554;3
5094;7643;1
5095;6657;6
5096;5858;1
5097;5981;2
5098;5335;2
5099;3801;7
5100;4542;4
5101;4734;3
5102;4862;4
5103;3065;6
5104;6248;7
5105;3428;3
5106;6148;7
5107;1038;3
5108;1747;7
5109;4726;3
5110;8079;2
5111;2238;6
5112;8290;7
5113;1397;4
5114;3466;3
5115;1949;6
5116;3663;7
5117;6308;6
5118;8255;2
5119;8645;7
5120;7004;3
5121;8521;4
5122;6849;3
5123;6797;2
5124;8653;1
5125;8048;3
5126;8702;7
5127;7445;4
5128;3960;3
5129;2276;1
5130;1742;3
5131;4123;6
5132;7718;7
5133;5334;2
5134;7028;7
5135;2891;5
5136;3000;5
5137;2709;5
5138;5612;6
5139;4737;5
5140;1720;5
5141;7724;6
5142;3118;6
5143;1102;4
5144;1441;5
5145;4752;4
5146;8338;3
5147;2701;6
5148;2612;6
5149;2540;4
5150;6535;5
5151;4531;4
5152;1521;2
5153;4485;7
5154;2536;6
5155;8269;2
5156;2127;7
5157;2120;6
5158;6740;7
5159;2947;4
5160;7519;5
5161;4027;7
5162;1027;5
5163;5338;3
5164;7138;2
5165;7535;4
5166;6465;5
5167;4346;2
5168;7106;2
5169;4918;1
5170;2415;1
5171;3459;5
5172;2733;1
5173;4445;1
5174;7836;3
5175;4097;5
5176;8784;2
5177;6850;3
5178;2899;2
5179;8821;5
5180;6298;6
5181;1243;7
5182;6084;1
5183;7506;4
5184;3002;1
5185;6163;3
5186;3971;7
5187;1744;4
5188;7673;7
5189;7303;7
5190;2026;6
5191;8660;5
5192;6340;6
5193;3693;7
5194;2336;7
5195;6686;3
5196;1526;4
5197;3281;7
5198;6510;2
5199;6876;4
5200;5186;7
5201;4636;1
5202;4773;5
5203;7121;1
5204;8582;7
5205;4445;1
5206;2279;4
5207;3657;4
5208;6641;3
5209;5236;5
5210;7815;4
5211;5684;4
5212;8413;6
5213;8553;1
5214;6060;1
5215;5151;4
5216;6198;3
5217;7441;2
5218;8751;3
5219;4040;7
5220;1022;7
5221;5459;2
5222;5981;5
5223;7243;6
5224;8071;5
5225;6715;2
5226;8472;7
5227;8561;1
5228;8265;7
5229;4788;6
5230;7059;3
5231;4763;3
5232;1382;4
5233;6183;2
5234;8487;3
5235;2369;1
5236;6638;7
5237;2756;3
5238;8412;3
5239;2960;7
5240;5821;4
5241;7028;4
5242;2984;6
5243;1528;4
5244;2520;3
5245;3211;3
5246;5747;3
5247;4229;7
5248;3557;7
5249;3429;2
5250;8794;5
5251;5725;1
5252;1348;5
5253;1190;6
5254;3950;5
5255;8733;6
5256;4343;3
5257;6045;5
5258;4501;5
5259;6947;3
5260;5758;1
5261;1881;2
5262;8000;3
5263;3749;5
5264;5792;2
5265;7287;3
5266;4413;2
5267;4843;7
5268;2975;6
5269;6823;4
5270;1557;4
5271;6751;3
5272;3614;5
5273;2487;2
5274;3607;2
5275;1996;4
5276;2695;3
5277;1140;3
5278;5295;2
5279;7624;5
5280;8630;7
5281;8736;6
5282;3356;6
5283;7615;3
5284;3171;2
5285;8023;3
5286;7937;3
5287;8893;1
5288;5238;1
5289;5195;1
5290;1273;7
5291;2438;2
5292;2181;4
5293;6864;5
5294;4740;3
5295;3622;5
5296;5078;5
5297;2212;2
5298;5002;3
5299;5644;5
5300;1991;1
5301;5106;3
5302;2504;2
5303;7522;2
5304;6655;7
5305;4976;7
5306;4254;5
5307;6923;6
5308;6343;5
5309;6262;7
5310;2349;1
5311;2294;5
5312;8424;1
5313;3375;2
5314;2895;6
5315;7060;3
5316;4372;3
5317;4795;6
5318;4417;5
5319;7812;7
5320;6226;6
5321;3480;3
5322;2727;3
5323;8859;1
5324;8128;3
5325;3870;4
5326;2656;3
5327;3685;2
5328;4985;5
5329;4612;1
5330;4333;2
5331;6585;2
5332;8303;7
5333;3209;4
5334;5550;6
5335;2191;6
5336;8357;7
5337;4194;6
5338;5378;1
5339;6853;7
5340;2203;7
5341;4920;3
5342;1824;3
5343;5616;3
5344;3222;1
5345;8525;2
5346;3686;6
5347;6942;6
5348;4679;7
5349;2995;1
5350;7523;4
5351;5412;3
5352;6597;5
5353;3058;4
5354;2051;4
5355;6212;2
5356;1514;5
5357;2482;1
5358;7356;7
5359;8937;5
5360;8836;7
5361;5164;5
5362;4457;3
5363;7919;1
5364;3773;7
5365;4187;2
5366;2187;6
5367;4333;1
5368;5409;4
5369;5921;6
5370;4429;7
5371;4794;6
5372;1776;2
5373;2956;3
5374;1019;6
5375;1267;2
5376;1475;4
5377;5594;1
5378;2004;2
5379;6051;6
5380;2935;6
5381;4744;6
5382;1919;2
5383;5711;6
5384;5419;2
5385;8969;1
5386;8690;3
5387;6389;1
5388;4643;3
5389;1592;2
5390;5485;4
5391;7321;5
5392;3487;6
5393;8078;5
5394;6297;2
5395;3587;1
5396;6544;6
5397;4159;5
5398;6975;7
5399;5018;1
5400;4146;3
5401;6049;3
5402;2739;1
5403;2571;2
5404;1578;5
5405;6778;2
5406;6480;2
5407;6699;2
5408;1813;5
5409;3192;2
5410;6481;5
5411;1513;4
5412;5189;6
5413;2045;7
5414;3590;1
5415;8724;7
5416;1957;6
5417;3839;6
5418;7523;2
5419;6361;6
5420;2233;2
5421;1381;7
5422;2799;4
5423;3755;7
5424;1117;6
5425;2249;6
5426;2533;3
5427;2957;2
5428;1275;7
5429;8706;1
5430;2590;6
5431;3093;7
5432;3438;7
5433;7580;7
5434;5422;7
5435;5613;4
5436;6386;1
5437;7612;6
5438;4849;1
5439;6082;7
5440;6016;4
5441;6217;5
5442;8422;5
5443;2322;1
5444;5847;5
5445;1119;4
5446;2484;1
5447;6731;4
5448;3136;1
5449;2544;4
5450;3069;6
5451;6705;1
5452;4435;3
5453;2486;1
5454;3243;7
5455;8030;4
5456;5803;2
5457;8322;3
5458;6303;5
5459;2804;1
5460;4060;6
5461;8039;7
5462;2998;2
5463;5813;7
5464;1772;2
5465;5154;4
5466;6393;6
5467;7943;2
5468;7538;5
5469;6527;5
5470;6742;4
5471;8869;7
5472;2934;7
5473;3469;3
5474;7765;7
5475;8934;3
5476;4120;1
5477;7331;6
5478;4375;5
5479;3405;3
5480;2689;7
5481;1066;1
5482;5560;5
5483;2237;7
5484;4615;7
5485;7977;4
5486;5432;6
5487;3338;4
5488;2109;6
5489;1795;1
5490;3066;4
5491;2449;3
5492;1685;7
5493;3943;4
5494;2016;3
5495;3787;7
5496;3888;5
5497;6245;3
5498;4856;2
5499;1866;3
5500;4676;2
5501;6940;6
5502;4488;3
5503;3672;6
5504;5997;3
5505;1234;7
5506;6085;4
5507;2092;5
5508;1341;6
5509;8346;4
5510;4262;3
5511;4935;5
5512;1865;6
5513;8000;2
5514;3811;6
5515;4353;7
5516;1612;3
5517;5504;3
5518;3635;6
5519;2513;4
5520;4358;1
5521;3803;3
5522;7050;1
5523;7472;2
5524;7646;7
5525;6053;6
5526;1060;1
5527;4561;6
5528;4281;1
5529;4072;7
5530;2345;7
5531;2595;1
5532;4564;2
5533;4301;6
5534;4745;2
5535;2511;7
5536;4308;5
5537;6069;1
5538;4185;7
5539;4025;1
5540;4229;1
5541;1896;4
5542;4294;7
5543;7984;1
5544;8223;7
5545;4855;4
5546;1541;4
5547;2283;1
5548;2701;6
5549;7585;6
5550;1628;6
5551;7240;1
5552;4008;6
5553;5677;4
5554;6343;4
5555;8515;1
5556;5483;7
5557;1689;5
5558;8213;3
5559;1593;7
5560;2850;2
5561;5199;6
5562;5039;7
5563;5059;2
5564;1482;3
5565;4759;4
5566;4651;5
5567;4367;6
5568;4295;6
5569;6686;6
5570;5141;1
5571;3542;4
5572;2587;4
5573;7021;5
5574;7332;4
5575;7080;4
5576;5677;2
5577;3204;1
5578;2319;4
5579;7444;4
5580;3320;5
5581;6310;1
5582;2236;5
5583;4086;4
5584;2341;2
5585;3281;4
5586;4149;1
5587;1584;3
5588;7464;1
5589;5860;7
5590;2815;3
5591;4062;6
5592;7353;3
5593;2726;1
5594;3989;1
5595;3928;7
5596;3085;3
5597;5727;7
5598;7624;4
5599;2358;1
5600;6995;7
5601;3365;3
5602;5741;7
5603;3839;3
5604;7610;7
5605;6908;2
5606;6643;1
5607;7665;7
5608;5144;7
5609;8832;6
5610;2663;7
5611;2278;7
5612;2112;1
5613;5115;3
5614;1958;7
5615;6243;1
5616;1234;7
5617;2047;6
5618;7901;4
5619;2950;3
5620;4271;4
5621;2645;1
5622;2145;1
5623;8411;2
5624;6320;5
5625;2842;5
5626;1482;6
5627;7131;1
5628;3020;1
5629;4170;6
5630;8098;5
5631;7956;7
5632;2656;3
5633;1202;3
5634;4247;1
5635;7974;7
5636;1493;7
5637;7115;3
5638;7926;1
5639;1991;2
5640;4146;3
5641;7863;4
5642;2849;2
5643;3492;3
5644;5279;5
5645;6669;2
5646;8549;2
5647;2669;1
5648;2676;7
5649;8245;6
5650;2768;4
5651;1185;6
5652;1637;3
5653;6607;5
5654;1058;4
5655;8963;6
5656;3288;6
5657;4681;4
5658;3688;5
5659;8650;4
5660;3513;3
5661;7805;7
5662;5113;5
5663;8482;6
5664;6573;4
5665;6408;3
5666;3007;7
5667;6158;5
5668;2952;7
5669;7517;4
5670;2397;3
5671;2018;4
5672;3117;3
5673;3206;7
5674;2331;5
5675;4742;4
5676;4571;7
5677;7108;1
5678;4155;6
5679;4309;1
5680;4115;5
5681;6750;3
5682;1949;5
5683;6157;7
5684;5644;3
5685;1251;3
5686;1218;5
5687;8535;7
5688;6246;1
5689;7696;1
5690;3261;3
5691;8417;1
5692;6384;6
5693;5620;3
5694;7153;1
5695;1521;4
5696;6666;4
5697;4452;7
5698;4282;7
5699;8987;7
5700;5066;3
5701;8636;5
5702;7872;2
5703;8805;7
5704;1703;7
5705;6062;2
5706;3384;2
5707;6860;2
5708;2285;3
5709;1417;3
5710;8454;5
5711;8645;4
5712;2176;2
5713;5448;4
5714;8258;1
5715;6954;1
5716;8695;5
5717;7333;7
5718;7066;6
5719;5378;6
5720;5860;7
5721;8987;6
5722;7684;1
5723;5392;5
5724;4537;7
5725;6173;1
5726;8337;5
5727;6478;1
5728;6435;2
5729;8662;5
5730;6426;3
5731;5097;1
5732;6298;4
5733;4768;1
5734;7617;4
5735;8603;7
5736;6658;4
5737;6407;6
5738;6156;7
5739;3846;4
5740;8556;6
5741;1083;2
5742;4203;5
5743;2119;5
5744;3578;4
5745;7143;5
5746;1655;5
5747;5399;6
5748;2216;7
5749;6885;5
5750;3777;2
5751;4663;7
5752;5553;1
5753;6664;1
5754;6091;7
5755;8274;2
5756;8984;1
5757;6166;4
5758;1672;3
5759;4166;5
5760;1305;4
5761;3584;7
5762;8582;7
5763;6431;2
5764;8873;5
5765;1972;2
5766;6443;6
5767;7889;5
5768;7577;1
5769;3902;5
5770;4042;4
5771;3632;4
5772;5607;5
5773;7783;2
5774;1361;6
5775;2475;6
5776;2429;1
5777;5929;2
5778;2722;1
5779;3084;7
5780;8974;4
5781;1345;3
5782;1085;2
5783;1024;4
5784;6756;1
5785;2841;3
5786;7339;7
5787;3503;7
5788;5941;6
5789;6984;1
5790;8182;3
5791;6420;7
5792;5771;1
5793;4802;5
5794;2543;5
5795;5086;2
5796;1377;6
5797;6195;3
5798;7667;7
5799;2551;5
5800;8884;4
5801;6287;2
5802;2789;1
5803;7508;3
5804;3219;7
5805;3892;1
5806;6088;2
5807;3293;1
5808;7770;1
5809;8347;2
5810;2529;1
5811;3292;4
5812;6233;6
5813;4496;1
5814;2584;3
5815;4642;4
5816;2629;5
5817;2726;2
5818;3517;4
5819;3024;4
5820;5655;3
5821;5230;3
5822;1185;5
5823;6046;6
5824;3593;4
5825;1576;3
5826;8679;1
5827;5168;2
5828;3259;6
5829;8962;2
5830;6504;2
5831;3833;5
5832;7906;6
5833;1528;4
5834;5766;6
5835;5597;5
5836;4989;2
5837;4375;3
5838;3515;5
5839;8744;1
5840;8722;6
5841;1346;2
5842;3107;3
5843;5304;1
5844;1437;4
5845;5043;5
5846;4993;6
5847;4090;7
5848;4082;7
5849;3649;6
5850;5635;5
5851;5489;1
5852;3069;5
5853;3330;2
5854;8126;6
5855;1969;2
5856;8778;3
5857;8280;4
5858;3082;4
5859;5042;2
5860;4453;6
5861;6618;2
5862;3802;5
5863;4059;4
5864;2091;5
5865;8078;6
5866;8062;7
5867;3235;1
5868;1216;5
5869;4257;5
5870;2795;4
5871;8007;3
5872;6640;6
5873;6374;4
5874;7847;3
5875;7284;5
5876;6456;1
5877;6386;6
5878;3263;6
5879;1967;4
5880;5487;1
5881;1309;1
5882;4821;1
5883;4392;5
5884;5238;1
5885;7414;7
5886;3352;6
5887;5459;4
5888;1567;2
5889;6822;6
5890;3713;1
5891;3978;4
5892;6092;3
5893;1485;5
5894;5900;4
5895;2825;7
5896;1190;3
5897;8531;6
5898;3955;2
5899;8282;1
5900;6590;7
5901;3963;6
5902;1967;1
5903;1681;7
5904;8888;5
5905;8407;7
5906;6851;4
5907;8311;6
5908;3861;7
5909;4639;5
5910;7767;6
5911;6586;5
5912;7565;7
5913;5145;7
5914;6984;4
5915;6443;2
5916;1642;1
5917;7412;2
5918;4378;7
5919;5230;2
5920;4765;1
5921;5654;2
5922;8690;2
5923;4002;4
5924;7814;5
5925;8681;5
5926;4638;2
5927;4494;2
5928;3818;3
5929;6278;3
5930;2408;3
5931;7271;1
5932;2410;2
5933;1914;3
5934;5793;2
5935;1846;1
5936;4167;6
5937;8728;6
5938;1751;7
5939;1864;5
5940;2593;1
5941;3474;6
5942;5102;4
5943;6283;2
5944;8222;5
5945;3318;6
5946;8416;7
5947;8663;6
5948;8369;7
5949;6049;5
5950;5110;1
5951;1657;3
5952;4929;3
5953;1172;3
5954;4117;7
5955;7329;5
5956;4236;2
5957;6040;4
5958;4094;5
5959;8808;5
5960;7597;2
5961;7343;4
5962;6778;7
5963;1033;1
5964;5565;5
5965;2838;5
5966;1086;1
5967;3203;7
5968;3694;5
5969;5641;6
5970;2113;7
5971;5025;5
5972;6761;3
5973;5128;2
5974;4730;3
5975;4689;5
5976;3692;7
5977;6909;7
5978;1992;7
5979;5981;3
5980;5680;4
5981;2908;6
5982;3187;1
5983;5061;1
5984;7995;2
5985;5063;2
5986;3667;1
5987;6134;5
5988;7216;4
5989;6942;2
5990;6162;7
5991;3028;5
5992;2613;6
5993;8210;2
5994;7512;3
5995;5344;3
5996;2361;2
5997;2268;1
5998;3249;4
5999;3384;4
6000;7687;5
6001;6558;2
6002;3822;1
6003;6767;3
6004;2131;1
6005;5142;7
6006;8283;1
6007;3807;3
6008;3644;3
6009;7401;4
6010;8319;6
6011;1100;4
6012;7703;1
6013;4597;5
6014;2941;4
6015;2549;5
6016;6248;1
6017;2599;5
6018;8248;2
6019;2615;5
6020;8703;1
6021;6533;2
6022;7904;5
6023;6373;1
6024;8641;5
6025;5126;1
6026;4946;5
6027;5089;6
6028;5543;4
6029;4334;5
6030;3184;7
6031;2898;6
6032;2178;4
6033;8509;7
6034;5336;1
6035;3239;4
6036;2406;5
6037;6481;2
6038;7226;4
6039;1293;1
6040;3884;3
6041;2238;2
6042;2239;5
6043;4052;2
6044;1040;6
6045;6437;1
6046;1532;6
6047;5705;5
6048;4385;3
6049;3714;4
6050;5448;7
6051;3588;3
6052;5825;3
6053;3401;1
6054;2220;1
6055;3631;2
6056;7860;2
6057;3574;3
6058;4344;6
6059;2567;6
6060;4359;5
6061;1481;6
6062;7237;1
6063;2168;5
6064;6516;6
6065;2009;7
6066;6502;4
6067;3425;7
6068;1960;2
6069;8306;5
6070;1582;2
6071;8090;4
6072;4169;4
6073;2059;5
6074;5163;7
6075;2391;4
6076;7218;1
6077;8061;5
6078;7588;3
6079;6846;7
6080;3351;6
6081;8065;7
6082;3785;6
6083;4036;5
6084;7137;1
6085;8271;4
6086;1937;7
6087;5601;1
6088;2868;1
6089;3623;3
6090;4662;5
6091;5802;3
6092;6048;1
6093;5871;1
6094;3832;7
6095;8971;1
6096;6648;5
6097;5282;4
6098;7821;4
6099;4773;6
6100;1933;2
6101;8525;4
6102;8860;7
6103;1539;4
6104;3675;4
6105;1085;5
6106;5954;7
6107;4537;7
6108;6199;2
6109;4602;7
6110;2981;5
6111;1418;5
6112;6534;1
6113;6854;4
6114;8019;7
6115;4666;2
6116;5210;7
6117;1417;6
6118;7987;3
6119;6770;6
6120;6598;5
6121;1951;1
6122;5118;4
6123;5578;7
6124;7463;1
6125;4352;1
6126;4288;2
6127;4394;5
6128;2120;3
6129;1398;7
6130;6001;4
6131;6456;6
6132;1330;7
6133;5721;5
6134;3313;4
6135;8307;1
6136;1835;6
6137;4595;2
6138;3622;4
6139;8542;2
6140;8782;4
6141;4565;5
6142;6855;3
6143;8342;1
6144;7142;7
6145;8327;7
6146;6433;6
6147;1892;2
6148;5601;2
6149;4103;2
6150;2063;1
6151;7074;1
6152;2264;4
6153;2797;2
6154;4712;1
6155;8749;2
6156;7386;6
6157;6190;1
6158;1007;6
6159;4345;5
6160;1017;3
6161;6102;4
6162;3559;3
6163;8312;7
6164;1224;5
6165;1697;7
6166;3806;6
6167;8124;6
6168;4726;4
6169;1219;5
6170;7702;4
6171;7666;2
6172;5724;5
6173;8497;1
6174;2362;3
6175;4174;7
6176;5032;7
6177;8211;4
6178;6245;1
6179;8082;4
6180;3361;6
6181;2120;1
6182;2491;4
6183;7153;7
6184;7837;5
6185;1208;7
6186;8250;7
6187;1045;6
6188;7542;2
6189;5063;4
6190;3042;5
6191;4465;6
6192;8699;3
6193;7159;5
6194;1673;1
6195;1919;6
6196;7023;2
6197;2145;3
6198;5891;1
6199;8900;5
6200;1076;2
6201;3388;4
6202;6969;4
6203;8559;2
6204;1012;3
6205;8144;5
6206;6612;3
6207;3885;5
6208;4025;1
6209;7422;7
6210;5167;7
6211;6378;1
6212;3126;5
6213;1986;3
6214;6796;7
6215;7550;7
6216;2035;7
6217;3935;5
6218;6579;5
6219;1017;4
6220;3259;1
6221;2542;5
6222;2056;5
6223;8225;3
6224;3768;4
6225;7826;7
6226;3102;3
6227;5860;2
6228;3436;4
6229;7963;1
6230;2187;6
6231;2891;1
6232;5599;7
6233;7811;1
6234;4375;4
6235;4037;5
6236;7381;6
6237;1470;6
6238;1157;3
6239;2656;4
6240;4691;2
6241;4136;2
6242;1447;1
6243;5297;1
6244;5789;2
6245;8543;5
6246;4339;5
6247;7014;5
6248;1465;2
6249;5395;1
6250;5557;4
6251;7837;3
6252;5991;5
6253;6743;1
6254;1204;3
6255;1685;4
6256;7652;2
6257;8667;7
6258;8719;4
6259;5818;7
6260;4279;5
6261;3473;1
6262;4047;4
6263;6894;4
6264;2037;2
6265;2346;5
6266;1250;3
6267;5011;6
6268;1256;1
6269;8621;3
6270;8737;4
6271;4414;4
6272;3504;6
6273;6134;7
6274;1009;3
6275;3990;5
6276;6955;5
6277;1573;1
6278;8637;2
6279;3585;2
6280;2176;2
6281;8461;1
6282;7628;6
6283;1948;1
6284;5107;4
6285;1771;1
6286;7397;2
6287;8060;2
6288;3741;1
6289;2740;1
6290;5774;5
6291;6167;2
6292;1891;1
6293;5490;6
6294;3018;7
6295;4934;2
6296;4497;2
6297;5685;3
6298;7394;5
6299;3893;7
6300;4054;4
6301;5202;4
6302;7327;6
6303;3687;5
6304;1085;4
6305;4169;6
6306;8532;1
6307;5506;6
6308;4988;7
6309;4431;3
6310;5893;5
6311;6982;3
6312;3883;4
6313;4622;4
6314;4122;7
6315;1981;7
6316;4811;3
6317;5760;6
6318;1568;7
6319;1337;6
6320;3570;2
6321;1778;7
6322;2440;7
6323;8086;1
6324;1790;2
6325;5236;1
6326;5499;6
6327;7586;3
6328;5118;3
6329;5206;4
6330;8843;3
6331;4172;5
6332;8346;1
6333;4446;1
6334;3553;6
6335;8365;4
6336;3048;6
6337;3488;7
6338;4014;5
6339;7868;7
6340;4697;6
6341;3657;3
6342;1233;5
6343;8772;1
6344;1515;7
6345;8889;1
6346;4079;5
6347;4163;1
6348;8904;7
6349;1666;1
6350;5147;1
6351;3587;2
6352;3656;7
6353;7614;4
6354;5767;5
6355;7622;7
6356;1125;5
6357;3243;2
6358;8148;4
6359;1162;1
6360;7353;2
6361;3513;2
6362;1668;3
6363;6565;7
6364;3691;1
6365;7279;4
6366;6409;1
6367;5244;5
6368;7448;5
6369;1844;4
6370;3298;5
6371;1944;4
6372;6424;2
6373;8287;2
6374;2325;7
6375;4987;7
6376;2871;7
6377;3797;4
6378;8602;4
6379;8226;2
6380;5330;5
6381;2759;6
6382;4548;4
6383;6282;4
6384;4767;5
6385;7696;2
6386;5020;5
6387;5433;6
6388;8646;6
6389;4281;1
6390;2423;1
6391;5487;7
6392;2788;5
6393;7591;2
6394;3737;5
6395;4446;2
6396;1433;4
6397;7492;6
6398;7614;4
6399;6598;3
6400;5107;2
6401;2045;6
6402;6953;4
6403;5873;3
6404;3454;5
6405;4052;1
6406;2753;5
6407;2665;5
6408;3990;5
6409;3115;2
6410;3372;7
6411;3657;5
6412;7267;2
6413;6145;5
6414;7385;5
6415;5242;1
6416;2775;2
6417;5552;1
6418;2841;7
6419;4384;6
6420;6352;3
6421;5108;5
6422;7525;4
6423;8807;1
6424;8039;3
6425;2499;3
6426;6766;6
6427;1204;6
6428;8991;5
6429;1243;2
6430;1324;6
6431;5002;3
6432;3760;7
6433;8987;6
6434;3420;5
6435;5296;4
6436;8065;1
6437;8422;4
6438;2850;6
6439;3744;1
6440;7166;5
6441;2773;7
6442;3137;4
6443;6340;4
6444;6088;6
6445;8358;1
6446;2678;7
6447;5530;1
6448;1901;6
6449;3117;3
6450;6936;6
6451;3862;6
6452;8415;4
6453;5418;4
6454;5947;4
6455;7266;5
6456;3618;5
6457;2232;4
6458;8094;1
6459;2118;2
6460;6902;4
6461;3723;3
6462;2678;2
6463;7411;5
6464;1231;1
6465;1314;5
6466;6640;6
6467;5017;5
6468;5953;1
6469;8649;5
6470;7837;3
6471;6717;2
6472;8346;1
6473;4331;2
6474;8470;4
6475;4376;6
6476;8821;7
6477;1351;2
6478;7089;3
6479;1749;3
6480;3862;4
6481;3196;3
6482;6954;2
6483;3963;3
6484;3141;6
6485;2181;1
6486;1870;2
6487;3684;5
6488;3970;3
6489;7898;7
6490;2985;4
6491;8946;5
6492;1345;5
6493;2988;2
6494;8143;1
6495;2405;5
6496;4824;6
6497;1521;4
6498;1666;7
6499;5455;2
6500;4669;6
6501;4497;2
6502;5956;4
6503;3120;5
6504;4095;1
6505;6331;6
6506;1203;4
6507;4691;1
6508;7646;2
6509;8840;7
6510;3061;1
6511;7633;2
6512;1560;2
6513;2346;7
6514;5347;2
6515;5748;7
6516;7525;7
6517;8254;7
6518;1300;7
6519;6491;4
6520;5117;2
6521;1543;3
6522;3349;4
6523;7354;2
6524;1817;5
6525;3634;3
6526;8270;7
6527;4705;3
6528;6840;4
6529;5664;4
6530;4750;7
6531;1900;1
6532;1523;4
6533;4190;3
6534;1814;1
6535;7467;5
6536;5151;4
6537;6613;3
6538;4480;6
6539;1218;3
6540;2678;4
6541;1216;4
6542;3918;2
6543;8421;5
6544;6877;4
6545;8835;7
6546;4655;6
6547;4671;6
6548;7250;5
6549;5590;2
6550;7355;3
6551;8516;1
6552;6606;3
6553;2310;1
6554;3696;2
6555;1964;7
6556;4353;1
6557;8886;3
6558;3020;7
6559;4766;5
6560;7587;2
6561;5873;1
6562;8033;3
6563;1504;6
6564;4640;7
6565;5956;4
6566;4614;6
6567;1314;2
6568;7564;4
6569;5838;4
6570;5001;4
6571;7094;3
6572;5329;3
6573;5877;2
6574;6846;5
6575;1145;3
6576;8069;4
6577;2592;1
6578;8791;4
6579;2808;2
6580;8434;7
6581;5310;7
6582;3566;3
6583;5333;2
6584;7670;3
6585;8849;7
6586;8719;5
6587;2402;7
6588;5746;1
6589;4702;5
6590;8925;4
6591;3363;2
6592;7517;6
6593;4933;5
6594;8346;5
6595;5139;7
6596;1514;4
6597;3774;5
6598;1441;5
6599;8274;5
6600;4184;5
6601;2803;5
6602;5651;1
6603;4475;2
6604;7044;5
6605;2388;2
6606;4848;5
6607;5873;6
6608;7725;4
6609;8863;4
6610;6602;3
6611;1612;4
6612;7439;6
6613;4400;4
6614;5487;5
6615;1973;3
6616;4076;2
6617;7532;6
6618;8186;3
6619;5342;6
6620;7775;1
6621;2733;2
6622;6034;4
6623;5755;4
6624;7893;4
6625;5520;3
6626;3082;5
6627;8896;7
6628;6581;7
6629;7826;4
6630;1621;5
6631;7833;1
6632;4970;5
6633;6944;5
6634;3792;7
6635;1647;4
6636;2649;2
6637;5185;1
6638;4123;7
6639;3768;1
6640;1331;1
6641;7717;6
6642;8766;3
6643;2795;6
6644;3780;7
6645;1124;6
6646;2994;2
6647;8002;3
6648;8926;1
6649;1473;1
6650;8946;1
6651;1533;5
6652;5155;4
6653;7643;1
6654;8449;4
6655;8273;6
6656;7738;2
6657;8997;1
6658;8838;7
6659;7741;6
6660;6001;6
6661;6813;2
6662;3790;7
6663;7377;2
6664;2601;7
6665;7590;3
6666;5444;5
6667;1666;4
6668;4742;3
6669;5287;1
6670;4551;6
6671;4794;4
6672;8682;7
6673;2825;1
6674;1389;6
6675;2024;7
6676;2957;5
6677;6580;3
6678;2697;2
6679;7804;2
6680;5811;5
6681;2286;4
6682;3608;6
6683;2500;5
6684;7689;7
6685;7959;4
6686;8303;5
6687;5293;7
6688;1902;5
6689;2946;5
6690;7403;7
6691;7262;5
6692;2924;5
6693;1281;6
6694;3267;2
6695;3688;6
6696;7526;1
6697;6230;3
6698;6632;1
6699;2459;5
6700;2353;3
6701;2129;5
6702;3175;2
6703;7833;7
6704;8856;5
6705;4895;1
6706;4685;5
6707;5374;7
6708;1364;5
6709;5761;6
6710;6393;6
6711;8429;5
6712;3360;5
6713;8712;3
6714;4397;6
6715;8457;7
6716;5495;3
6717;1384;6
6718;5469;7
6719;3028;5
6720;1220;3
6721;1883;5
6722;4210;4
6723;3785;7
6724;2817;3
6725;4199;2
6726;4124;7
6727;6200;1
6728;2255;2
6729;5444;6
6730;2106;5
6731;4308;6
6732;3302;1
6733;6317;3
6734;4767;5
6735;7716;3
6736;6873;4
6737;3939;7
6738;7478;1
6739;7784;4
6740;2148;2
6741;7118;4
6742;3732;7
6743;5601;4
6744;5642;3
6745;7626;5
6746;4210;5
6747;3794;4
6748;6930;1
6749;4461;2
6750;4838;1
6751;7466;6
6752;8158;5
6753;7582;3
6754;3511;1
6755;4257;5
6756;3475;1
6757;8967;1
6758;6829;3
6759;1486;2
6760;8400;1
6761;2950;2
6762;1008;1
6763;2915;7
6764;1183;6
6765;3285;2
6766;6913;6
6767;4486;5
6768;7335;6
6769;8222;1
6770;8713;1
6771;2563;7
6772;2889;2
6773;5720;4
6774;4504;3
6775;8890;1
6776;3593;7
6777;6099;1
6778;6606;6
6779;7268;1
6780;5958;2
6781;4464;7
6782;8014;4
6783;4835;7
6784;2051;1
6785;1967;4
6786;6742;2
6787;5139;3
6788;5209;5
6789;5274;6
6790;6415;6
6791;6632;7
6792;3000;3
6793;3815;1
6794;2952;1
6795;8194;5
6796;5591;1
6797;2381;2
6798;7401;3
6799;5569;6
6800;2698;2
6801;2081;2
6802;3459;2
6803;8097;5
6804;2070;4
6805;3050;7
6806;2916;2
6807;8085;4
6808;4724;5
6809;8781;5
6810;4972;3
6811;3385;6
6812;7417;6
6813;6035;4
6814;5626;4
6815;5495;7
6816;1452;6
6817;1565;2
6818;7324;5
6819;5097;6
6820;3976;2
6821;8957;6
6822;7229;2
6823;2950;2
6824;7928;7
6825;5708;5
6826;1421;7
6827;8249;1
6828;1784;1
6829;8430;2
6830;4494;5
6831;6921;2
6832;3002;7
6833;8479;4
6834;6797;4
6835;4230;5
6836;3339;1
6837;5748;5
6838;4733;1
6839;6199;7
6840;3588;2
6841;5207;7
6842;6465;4
6843;8978;4
6844;8444;5
6845;2409;2
6846;5418;1
6847;6352;2
6848;6825;2
6849;5258;6
6850;1874;2
6851;5610;5
6852;3226;6
6853;6442;6
6854;6886;3
6855;2523;4
6856;3307;3
6857;6015;1
6858;6650;1
6859;7750;4
6860;1476;6
6861;4137;7
6862;2034;6
6863;1902;5
6864;2184;7
6865;4759;7
6866;3399;6
6867;6393;1
6868;8620;7
6869;6024;1
6870;2982;7
6871;3813;1
6872;4958;6
6873;4003;5
6874;8207;5
6875;6861;5
6876;6125;4
6877;8463;2
6878;5305;6
6879;3640;4
6880;1624;5
6881;4506;3
6882;6610;1
6883;7743;1
6884;8063;5
6885;4535;7
6886;5524;2
6887;5384;3
6888;5018;2
6889;8231;2
6890;2273;5
6891;2144;2
6892;6254;1
6893;3881;1
6894;5157;2
6895;2159;5
6896;8129;6
6897;6136;3
6898;4721;6
6899;7032;1
6900;8570;1
6901;3406;4
6902;1753;2
6903;7632;6
6904;8892;5
6905;7710;6
6906;5752;5
6907;8067;2
6908;5001;6
6909;1023;6
6910;7438;5
6911;5909;5
6912;4461;1
6913;5763;4
6914;1951;1
6915;3029;6
6916;8099;5
6917;6360;2
6918;2242;4
6919;6023;7
6920;2848;3
6921;3986;6
6922;4679;6
6923;3582;3
6924;7384;2
6925;6882;2
6926;4185;7
6927;7414;5
6928;4032;4
6929;7887;6
6930;5354;6
6931;8473;2
6932;2289;3
6933;5807;5
6934;8932;7
6935;1867;6
6936;2905;3
6937;1067;1
6938;7670;1
6939;3624;6
6940;7573;3
6941;7392;1
6942;7737;5
6943;4740;4
6944;4570;6
6945;4076;7
6946;4177;7
6947;2558;6
6948;3239;4
6949;8307;2
6950;6557;4
6951;7851;1
6952;2257;5
6953;8315;2
6954;7612;5
6955;2260;3
6956;1649;5
6957;1778;4
6958;6718;4
6959;8770;1
6960;7478;2
6961;7589;4
6962;8511;6
6963;2857;6
6964;6866;6
6965;6669;3
6966;6169;7
6967;2061;4
6968;3872;6
6969;8542;6
6970;2924;7
6971;2271;7
6972;7329;3
6973;6880;7
6974;5412;2
6975;6970;6
6976;3668;6
6977;8027;5
6978;4009;1
6979;6679;7
6980;8660;3
6981;6458;7
6982;3827;7
6983;5404;5
6984;7394;2
6985;7435;5
6986;8723;2
6987;7290;7
6988;8977;2
6989;2367;3
6990;3886;4
6991;6914;7
6992;6358;4
6993;5423;3
6994;7587;2
6995;3698;3
6996;7055;2
6997;5782;4
6998;1792;5
6999;2443;5
7000;6815;3
7001;4141;2
7002;8808;5
7003;1068;1
7004;4072;2
7005;8321;5
7006;2066;5
7007;7856;5
7008;7714;2
7009;2730;6
7010;3097;7
7011;3659;6
7012;1642;3
7013;5519;4
7014;7886;3
7015;1144;7
7016;1083;5
7017;2225;2
7018;1753;2
7019;2472;4
7020;1202;2
7021;1081;4
7022;6659;4
7023;8786;7
7024;7610;4
7025;5094;5
7026;5874;1
7027;1948;6
7028;1057;3
7029;1540;6
7030;4726;7
7031;6032;5
7032;4912;5
7033;3595;5
7034;1321;3
7035;7288;2
7036;2148;2
7037;1859;2
7038;8508;2
7039;3258;4
7040;3677;1
7041;6581;4
7042;4897;5
7043;4410;4
7044;1084;3
7045;8846;7
7046;8841;1
7047;1491;6
7048;4183;5
7049;4189;5
7050;4920;5
7051;3358;5
7052;2129;2
7053;7203;4
7054;1644;1
7055;2918;3
7056;5588;5
7057;3572;3
7058;7427;7
7059;3374;4
7060;4346;5
7061;4358;7
7062;5844;5
7063;4014;1
7064;6119;2
7065;2210;1
7066;1238;3
7067;6268;6
7068;4172;6
7069;5858;5
7070;5727;7
7071;6673;4
7072;6213;2
7073;4217;5
7074;2778;5
7075;3325;1
7076;8964;7
7077;1312;5
7078;2161;2
7079;8824;6
7080;4012;7
7081;8927;4
7082;2897;3
7083;7640;1
7084;4803;3
7085;6569;6
7086;4019;6
7087;7745;1
7088;3975;6
7089;8351;7
7090;8790;2
7091;1919;7
7092;1152;1
7093;4701;1
7094;4226;7
7095;5616;2
7096;8915;4
7097;2658;1
7098;1733;4
7099;8366;2
7100;4355;5
7101;3097;5
7102;6644;2
7103;4719;5
7104;4689;3
7105;5130;3
7106;5280;3
7107;5405;1
7108;6644;4
7109;1902;1
7110;7645;3
7111;7813;3
7112;8396;5
7113;7152;4
7114;7263;4
7115;4785;1
7116;4430;1
7117;6525;5
7118;8869;1
7119;8826;3
7120;5847;2
7121;2902;5
7122;7786;4
7123;5819;3
7124;2544;1
7125;7262;2
7126;6834;4
7127;6557;3
7128;7038;3
7129;4366;3
7130;2024;1
7131;1851;5
7132;7882;4
7133;6354;2
7134;5684;5
7135;6416;4
7136;5527;6
7137;5461;3
7138;7424;7
7139;6661;4
7140;7224;4
7141;8600;1
7142;6825;5
7143;5591;1
7144;5791;5
7145;7994;4
7146;8259;3
7147;1087;4
7148;7402;4
7149;2661;7
7150;7224;6
7151;2900;3
7152;2588;6
7153;5674;2
7154;3765;1
7155;1607;1
7156;8765;6
7157;5920;1
7158;8602;5
7159;8363;6
7160;1532;3
7161;3803;5
7162;6449;6
7163;1910;1
7164;4422;2
7165;4341;7
7166;7275;1
7167;1622;2
7168;8666;1
7169;7050;6
7170;8934;1
7171;8521;3
7172;2501;5
7173;7361;3
7174;1815;5
7175;8774;7
7176;3619;2
7177;5451;6
7178;6207;4
7179;6491;3
7180;3766;1
7181;3031;3
7182;2783;7
7183;3940;6
7184;1451;7
7185;5446;1
7186;5830;6
7187;8589;1
7188;1379;1
7189;7432;6
7190;2097;6
7191;8462;7
7192;5580;1
7193;2819;2
7194;8942;2
7195;2580;1
7196;8054;1
7197;1907;5
7198;2833;4
7199;5182;7
7200;4218;3
7201;7577;4
7202;2138;6
7203;6174;5
7204;4322;6
7205;5350;6
7206;2685;2
7207;5806;6
7208;3867;3
7209;8236;3
7210;8490;3
7211;6293;5
7212;3397;2
7213;3560;2
7214;6118;6
7215;6826;3
7216;7647;4
7217;3965;6
7218;3570;5
7219;6442;7
7220;4725;3
7221;2837;7
7222;1824;5
7223;4552;1
7224;4027;6
7225;8982;4
7226;8175;5
7227;3802;7
7228;3540;3
7229;7090;5
7230;2266;7
7231;1700;1
7232;2261;5
7233;8427;2
7234;4340;6
7235;8821;3
7236;5206;2
7237;1935;2
7238;3518;4
7239;1704;6
7240;4554;1
7241;1174;5
7242;4932;7
7243;3638;3
7244;5648;1
7245;4980;7
7246;3060;3
7247;6754;6
7248;5577;4
7249;1386;6
7250;8069;7
7251;8550;1
7252;5896;1
7253;4649;5
7254;6941;7
7255;3342;2
7256;3795;4
7257;6371;2
7258;2315;7
7259;2991;2
7260;3484;5
7261;7687;7
7262;5000;5
7263;3577;7
7264;7609;4
7265;5015;4
7266;4941;3
7267;3754;1
7268;3511;3
7269;3923;5
7270;4462;6
7271;5362;6
7272;7052;5
7273;6761;5
7274;2153;6
7275;3574;6
7276;6696;2
7277;7887;3
7278;7037;2
7279;6381;3
7280;7369;6
7281;4925;1
7282;8921;4
7283;8747;7
7284;8025;3
7285;1887;2
7286;6379;5
7287;2456;2
7288;6084;6
7289;4066;1
7290;7872;5
7291;7563;4
7292;8811;4
7293;7754;2
7294;1163;2
7295;5602;3
7296;2298;7
7297;8891;7
7298;5552;4
7299;1388;5
7300;7234;2
7301;3031;7
7302;5190;3
7303;1324;4
7304;1514;6
7305;8207;7
7306;7475;3
7307;2234;6
7308;8263;5
7309;3095;2
7310;3318;6
7311;8695;6
7312;2741;1
7313;6046;4
7314;1855;7
7315;7519;3
7316;4536;6
7317;4003;4
7318;3725;6
7319;1450;2
7320;3164;5
7321;3206;5
7322;5915;5
7323;3480;3
7324;5145;3
7325;2129;3
7326;6670;6
7327;1143;4
7328;2378;4
7329;7086;2
7330;3636;3
7331;7655;4
7332;2169;3
7333;1028;6
7334;1455;4
7335;5290;4
7336;6373;1
7337;4355;2
7338;4093;4
7339;8521;1
7340;7431;5
7341;5772;2
7342;7984;6
7343;1711;6
7344;3801;1
7345;2461;3
7346;6705;2
7347;1303;7
7348;4139;7
7349;8441;2
7350;5524;4
7351;2677;2
7352;6368;4
7353;2293;7
7354;5031;1
7355;4051;1
7356;5584;2
7357;6749;6
7358;2111;7
7359;8966;1
7360;4128;2
7361;4737;1
7362;8949;5
7363;8019;4
7364;6520;7
7365;8744;5
7366;2710;2
7367;2992;6
7368;2620;7
7369;5073;7
7370;5000;4
7371;2420;2
7372;2103;5
7373;6901;1
7374;5626;3
7375;4554;5
7376;4228;5
7377;5273;6
7378;5798;1
7379;7229;3
7380;4654;7
7381;4046;4
7382;7027;1
7383;2093;4
7384;2315;6
7385;7230;4
7386;2353;6
7387;7715;1
7388;4398;2
7389;5846;3
7390;4469;4
7391;6044;2
7392;5069;4
7393;3872;6
7394;6097;2
7395;2157;3
7396;7175;3
7397;7465;5
7398;7716;7
7399;2485;7
7400;3274;1
7401;8774;5
7402;3603;6
7403;2049;1
7404;3844;4
7405;7484;1
7406;8568;3
7407;2313;6
7408;5078;7
7409;8845;7
7410;8097;6
7411;3430;6
7412;6655;3
7413;3822;5
7414;8324;3
7415;3262;6
7416;6938;2
7417;4430;2
7418;2752;5
7419;3406;7
7420;5725;7
7421;1651;6
7422;2101;1
7423;2616;3
7424;8976;5
7425;8980;7
7426;2891;2
7427;5149;2
7428;2439;1
7429;4769;1
7430;7801;5
7431;5271;2
7432;2614;6
7433;4348;5
7434;4972;2
7435;7953;3
7436;5250;5
7437;5532;5
7438;1074;7
7439;8103;1
7440;8147;5
7441;4529;2
7442;1864;5
7443;2450;6
7444;7768;7
7445;6607;7
7446;8326;6
7447;7092;2
7448;3022;1
7449;1275;5
7450;5672;4
7451;2344;6
7452;5089;2
7453;5104;2
7454;3043;7
7455;5617;4
7456;2874;7
7457;5626;3
7458;2073;7
7459;7755;7
7460;1939;6
7461;4489;4
7462;4725;4
7463;1026;6
7464;6931;1
7465;3441;2
7466;6803;1
7467;3662;4
7468;4061;1
7469;4648;4
7470;1684;7
7471;1250;1
7472;7951;6
7473;5915;1
7474;8063;6
7475;3394;6
7476;4652;3
7477;1246;3
7478;7649;2
7479;7247;6
7480;3825;1
7481;6399;1
7482;8850;6
7483;6485;1
7484;7122;5
7485;2306;1
7486;7465;1
7487;7317;4
7488;1011;1
7489;3782;5
7490;8940;1
7491;5349;7
7492;2712;5
7493;1254;1
7494;4611;6
7495;4899;3
7496;1341;3
7497;6749;4
7498;8542;3
7499;1283;6
7500;7320;4
7501;7805;6
7502;3139;2
7503;2571;1
7504;2300;1
7505;6739;7
7506;1375;3
7507;2917;1
7508;3415;4
7509;8538;1
7510;6890;1
7511;2629;3
7512;7052;1
7513;4103;6
7514;6982;5
7515;4519;4
7516;1659;7
7517;6746;2
7518;8261;5
7519;7841;3
7520;2517;5
7521;8522;7
7522;1017;6
7523;1417;5
7524;2565;5
7525;3908;7
7526;1224;5
7527;8824;7
7528;2066;4
7529;4946;3
7530;7453;6
7531;2199;1
7532;5930;2
7533;6412;7
7534;1567;7
7535;6882;7
7536;5067;2
7537;4451;2
7538;6824;3
7539;7933;7
7540;2381;6
7541;5291;7
7542;4222;2
7543;2170;3
7544;5033;4
7545;8837;7
7546;8264;6
7547;7415;3
7548;1659;7
7549;5472;7
7550;6845;7
7551;4804;1
7552;4356;1
7553;6256;1
7554;1877;1
7555;7304;3
7556;4038;2
7557;7763;3
7558;1502;2
7559;6328;5
7560;1372;6
7561;5131;1
7562;3260;7
7563;4574;2
7564;5657;4
7565;5195;1
7566;4884;7
7567;4610;5
7568;7016;1
7569;8136;1
7570;6756;3
7571;2879;7
7572;1916;7
7573;7615;4
7574;6762;7
7575;3086;7
7576;7884;2
7577;3374;3
7578;7308;2
7579;8746;1
7580;1200;7
7581;7178;3
7582;1395;2
7583;1099;6
7584;2498;2
7585;6952;2
7586;6513;5
7587;1889;1
7588;3719;2
7589;5567;5
7590;6230;4
7591;8296;2
7592;3784;2
7593;3288;2
7594;2854;7
7595;4983;3
7596;2417;2
7597;2996;1
7598;4564;1
7599;6312;3
7600;1108;6
7601;7174;5
7602;2923;2
7603;1906;5
7604;3671;1
7605;6685;3
7606;7206;3
7607;7562;2
7608;5416;7
7609;4182;5
7610;1983;4
7611;7209;6
7612;4262;5
7613;4546;4
7614;4610;2
7615;7830;6
7616;2360;4
7617;8750;3
7618;5789;1
7619;3431;2
7620;1221;6
7621;8491;6
7622;8372;6
7623;7152;3
7624;5177;6
7625;3413;4
7626;8782;3
7627;3882;2
7628;4124;2
7629;1140;5
7630;4570;6
7631;2999;6
7632;7896;2
7633;1117;3
7634;4473;6
7635;7159;5
7636;4568;3
7637;3658;7
7638;6831;6
7639;3132;7
7640;5728;3
7641;2840;3
7642;5712;2
7643;6606;2
7644;4396;7
7645;8326;7
7646;4228;3
7647;2620;5
7648;7909;5
7649;5451;2
7650;2607;4
7651;3364;3
7652;6088;1
7653;2119;5
7654;6426;5
7655;7674;1
7656;4240;5
7657;1173;6
7658;5142;2
7659;5366;1
7660;6809;7
7661;2011;5
7662;6066;1
7663;3731;4
7664;3621;2
7665;7737;7
7666;8317;5
7667;3968;3
7668;7926;7
7669;7193;1
7670;4970;5
7671;4497;5
7672;6531;3
7673;5346;1
7674;7362;3
7675;1907;6
7676;4496;7
7677;2414;1
7678;5982;7
7679;1827;5
7680;4645;4
7681;7625;1
7682;8156;1
7683;8587;6
7684;3990;2
7685;4092;5
7686;3241;1
7687;3680;2
7688;3455;4
7689;7582;7
7690;1282;5
7691;2237;5
7692;8122;3
7693;6810;5
7694;1818;2
7695;5237;5
7696;8134;3
7697;2307;3
7698;2141;3
7699;8338;1
7700;7661;1
7701;5353;7
7702;6042;7
7703;7565;4
7704;7836;6
7705;3500;5
7706;6101;3
7707;2788;5
7708;8844;3
7709;7767;1
7710;3556;2
7711;6588;7
7712;1944;1
7713;2737;6
7714;2335;2
7715;8711;4
7716;6942;6
7717;3143;3
7718;1288;5
7719;3426;3
7720;7734;2
7721;2475;1
7722;4409;3
7723;6577;1
7724;4966;1
7725;6517;1
7726;6266;2
7727;4133;3
7728;4490;1
7729;1071;7
7730;2247;2
7731;5382;3
7732;6981;6
7733;6604;6
7734;8384;2
7735;3162;5
7736;6980;3
7737;8747;5
7738;7078;4
7739;4308;4
7740;3773;6
7741;6182;4
7742;4096;5
7743;4696;5
7744;4166;1
7745;5740;2
7746;7450;5
7747;8684;1
7748;2492;2
7749;2807;6
7750;1944;6
7751;8610;7
7752;6863;3
7753;5212;2
7754;4691;1
7755;7989;2
7756;3796;1
7757;5419;2
7758;1153;1
7759;5597;2
7760;6900;3
7761;2826;2
7762;3029;4
7763;5285;7
7764;3441;3
7765;1027;1
7766;7803;6
7767;7795;1
7768;3904;6
7769;8531;6
7770;2776;4
7771;2224;5
7772;1146;6
7773;6760;7
7774;2035;5
7775;1822;5
7776;8743;4
7777;5766;1
7778;2451;2
7779;3745;2
7780;5870;3
7781;7839;7
7782;1386;3
7783;4280;2
7784;8449;4
7785;8750;4
7786;8923;2
7787;4048;4
7788;2747;3
7789;6320;3
7790;4095;1
7791;7221;5
7792;5227;7
7793;6211;2
7794;4674;6
7795;4195;1
7796;8234;6
7797;4872;6
7798;8520;2
7799;5705;3
7800;5161;6
7801;3151;4
7802;3511;4
7803;4231;1
7804;1074;6
7805;1020;4
7806;1167;1
7807;1333;5
7808;5165;4
7809;4979;7
7810;3310;4
7811;3940;6
7812;1156;4
7813;4252;5
7814;7032;5
7815;7192;1
7816;1549;6
7817;2507;4
7818;6365;5
7819;8965;5
7820;6568;6
7821;3549;4
7822;1326;6
7823;3864;6
7824;5803;6
7825;4233;2
7826;6821;6
7827;3078;2
7828;3892;1
7829;6500;1
7830;7986;4
7831;2313;5
7832;4639;6
7833;3338;4
7834;5664;3
7835;3963;3
7836;3729;3
7837;4031;3
7838;2041;2
7839;3722;5
7840;3212;1
7841;5277;3
7842;7883;1
7843;3923;7
7844;6709;4
7845;2834;7
7846;3500;1
7847;4360;1
7848;7156;4
7849;8308;1
7850;5499;2
7851;7288;1
7852;5663;4
7853;3459;4
7854;4019;3
7855;7373;6
7856;6591;5
7857;2677;4
7858;4425;3
7859;4137;3
7860;5250;5
7861;5979;1
7862;2537;3
7863;8830;3
7864;4537;3
7865;4793;2
7866;7896;1
7867;4973;3
7868;6193;4
7869;4784;1
7870;7008;5
7871;4701;1
7872;2874;3
7873;7659;2
7874;4433;7
7875;7290;7
7876;3510;3
7877;3359;7
7878;7933;4
7879;7259;1
7880;2172;1
7881;8199;6
7882;7750;4
7883;3913;5
7884;6247;1
7885;8840;4
7886;6968;3
7887;1276;5
7888;8794;7
7889;7063;1
7890;3361;6
7891;6238;1
7892;2272;7
7893;2257;7
7894;7856;2
7895;3895;5
7896;5763;3
7897;2756;5
7898;1066;5
7899;2282;1
7900;6336;6
7901;7356;5
7902;6630;4
7903;5430;1
7904;4118;1
7905;2189;6
7906;5548;6
7907;6488;2
7908;7363;4
7909;2314;1
7910;2160;7
7911;4979;2
7912;4541;1
7913;1596;3
7914;1511;6
7915;4706;7
7916;3823;3
7917;8431;3
7918;8463;1
7919;4867;6
7920;3618;5
7921;3902;3
7922;7862;1
7923;6324;2
7924;7716;3
7925;2736;7
7926;1415;7
7927;5248;3
7928;1527;7
7929;5425;7
7930;6511;7
7931;5847;2
7932;3891;6
7933;8251;5
7934;7476;1
7935;2261;5
7936;8509;5
7937;3022;6
7938;8683;3
7939;8100;3
7940;5588;6
7941;6452;4
7942;1786;1
7943;2098;4
7944;8497;6
7945;2637;6
7946;5348;3
7947;8638;5
7948;4507;2
7949;1221;5
7950;7430;7
7951;5827;2
7952;4159;2
7953;5193;1
7954;3525;2
7955;7908;7
7956;2249;4
7957;6696;5
7958;1115;4
7959;2986;3
7960;5093;1
7961;6316;3
7962;4502;1
7963;1605;6
7964;7557;3
7965;8877;5
7966;7201;6
7967;3342;7
7968;3176;5
7969;8024;5
7970;7677;2
7971;4522;1
7972;6476;4
7973;7359;4
7974;3288;6
7975;4542;1
7976;8352;1
7977;6811;4
7978;3543;6
7979;4884;3
7980;5916;4
7981;8868;6
7982;5549;7
7983;4483;7
7984;2042;5
7985;8477;3
7986;3431;7
7987;4201;1
7988;8017;7
7989;6809;4
7990;4494;7
7991;8449;3
7992;5465;1
7993;3752;1
7994;3409;7
7995;3688;4
7996;2511;1
7997;8504;4
7998;1785;6
7999;2454;1
8000;3513;3
8001;1239;2
8002;6851;6
8003;8555;5
8004;1851;1
8005;7955;2
8006;2239;5
8007;8250;3
8008;2951;7
8009;3187;6
8010;7230;3
8011;5846;3
8012;5498;2
8013;3268;1
8014;3957;6
8015;7071;2
8016;4394;4
8017;4499;2
8018;4405;6
8019;7214;2
8020;2111;6
8021;4950;7
8022;2361;4
8023;4794;3
8024;7488;4
8025;4632;7
8026;7541;5
8027;6723;4
8028;1968;3
8029;8207;2
8030;7477;6
8031;4334;2
8032;3961;6
8033;2070;1
8034;7809;7
8035;7595;5
8036;6194;5
8037;2942;5
8038;5087;2
8039;7634;6
8040;4282;1
8041;3094;5
8042;7535;6
8043;4077;6
8044;6887;5
8045;4949;1
8046;6824;6
8047;8743;4
8048;8139;1
8049;5056;5
8050;1787;6
8051;3975;2
8052;5531;2
8053;7595;5
8054;5794;5
8055;7119;6
8056;3386;4
8057;3006;5
8058;4193;4
8059;1893;6
8060;2043;7
8061;1165;3
8062;6820;6
8063;8997;2
8064;8038;7
8065;3343;4
8066;6219;1
8067;3776;3
8068;4284;4
8069;3622;6
8070;8678;4
8071;6965;2
8072;3319;5
8073;3291;1
8074;7957;5
8075;2615;2
8076;2225;6
8077;3794;6
8078;6659;2
8079;3298;2
8080;6503;1
8081;8807;6
8082;3735;7
8083;1948;4
8084;8651;3
8085;4454;5
8086;6482;3
8087;3698;6
8088;5491;1
8089;4687;3
8090;1664;6
8091;3170;6
8092;7150;1
8093;4813;1
8094;3840;4
8095;5088;2
8096;8415;2
8097;5273;1
8098;4374;1
8099;1654;2
8100;5222;2
8101;5240;6
8102;3259;5
8103;7934;6
8104;2831;3
8105;8353;3
8106;5102;2
8107;3808;7
8108;2871;6
8109;7005;1
8110;8319;7
8111;5500;1
8112;3840;5
8113;2646;7
8114;5722;2
8115;8570;1
8116;3488;3
8117;6057;3
8118;5986;4
8119;8434;4
8120;3777;4
8121;5040;5
8122;5704;1
8123;3942;7
8124;4912;1
8125;5105;2
8126;8018;6
8127;8554;2
8128;5137;3
8129;7071;3
8130;4537;5
8131;6647;2
8132;7068;5
8133;6055;1
8134;1339;2
8135;8952;4
8136;5509;5
8137;6753;5
8138;6287;1
8139;8819;7
8140;3184;2
8141;4152;4
8142;2682;7
8143;7455;6
8144;3168;4
8145;4225;7
8146;4381;4
8147;7935;5
8148;7619;4
8149;3773;4
8150;1221;6
8151;1643;5
8152;1955;3
8153;1940;6
8154;4143;3
8155;4759;7
8156;4273;7
8157;8369;4
8158;8222;1
8159;2052;5
8160;7660;3
8161;2056;4
8162;7100;7
8163;7764;6
8164;4206;1
8165;8575;5
8166;6740;5
8167;1439;7
8168;3677;1
8169;4914;2
8170;6419;2
8171;3715;6
8172;6432;6
8173;5680;1
8174;2374;7
8175;3589;3
8176;1850;2
8177;6895;4
8178;8776;6
8179;3220;1
8180;5544;3
8181;5243;2
8182;3009;6
8183;3372;1
8184;1452;1
8185;5810;6
8186;6724;5
8187;5330;6
8188;7377;3
8189;7592;4
8190;5064;6
8191;2650;7
8192;2997;6
8193;3781;4
8194;5914;2
8195;3284;2
8196;6336;1
8197;7847;1
8198;8222;3
8199;2889;3
8200;7232;3
8201;2101;4
8202;6959;7
8203;2895;2
8204;4334;2
8205;3380;5
8206;8044;6
8207;7461;6
8208;5632;4
8209;5101;2
8210;1928;2
8211;8428;1
8212;2455;3
8213;6330;1
8214;4767;5
8215;2154;1
8216;6278;4
8217;6398;2
8218;3854;6
8219;7487;2
8220;8039;4
8221;3831;7
8222;4402;1
8223;1870;5
8224;6212;4
8225;2052;5
8226;2065;4
8227;1211;6
8228;8596;1
8229;1786;6
8230;5508;5
8231;3949;5
8232;2117;6
8233;1247;2
8234;5356;3
8235;8899;6
8236;2360;4
8237;8545;7
8238;6202;6
8239;6629;3
8240;5596;3
8241;6495;2
8242;6613;1
8243;3542;2
8244;1965;7
8245;5783;4
8246;2056;4
8247;6352;6
8248;6847;1
8249;5757;1
8250;2139;1
8251;6630;3
8252;2991;4
8253;3712;4
8254;8462;7
8255;1157;5
8256;6800;5
8257;1748;4
8258;5612;3
8259;4174;1
8260;4071;2
8261;1026;1
8262;2548;1
8263;7573;6
8264;4757;7
8265;5567;6
8266;2231;6
8267;8420;7
8268;3055;2
8269;7811;6
8270;8539;5
8271;6264;5
8272;4759;4
8273;3816;3
8274;1209;3
8275;2067;5
8276;1162;4
8277;4486;2
8278;6459;4
8279;5678;6
8280;3552;3
8281;8879;5
8282;5150;6
8283;6846;7
8284;8836;1
8285;8725;5
8286;8305;3
8287;2002;2
8288;3397;2
8289;1955;7
8290;3573;2
8291;8503;3
8292;3178;2
8293;3653;4
8294;4737;1
8295;7097;1
8296;3356;6
8297;1934;6
8298;4296;4
8299;6225;3
8300;7861;7
8301;2139;3
8302;7846;5
8303;3194;3
8304;6469;4
8305;2899;4
8306;3684;4
8307;1219;6
8308;4474;1
8309;2023;1
8310;5496;1
8311;2298;3
8312;1372;7
8313;7114;5
8314;1195;6
8315;7436;1
8316;4880;5
8317;7465;3
8318;7372;4
8319;8937;3
8320;5881;4
8321;5217;5
8322;3714;2
8323;3750;5
8324;5977;6
8325;3888;3
8326;7676;4
8327;6047;1
8328;6268;2
8329;7801;6
8330;7523;7
8331;4777;5
8332;3318;4
8333;4564;1
8334;3944;4
8335;7572;6
8336;7100;6
8337;1026;1
8338;8407;5
8339;3517;3
8340;1573;2
8341;7060;3
8342;3415;6
8343;6910;1
8344;7871;4
8345;5284;7
8346;5450;3
8347;6102;3
8348;4417;2
8349;2155;5
8350;8899;7
8351;8895;5
8352;3624;3
8353;7948;2
8354;3157;5
8355;1573;2
8356;6408;7
8357;3286;3
8358;3207;1
8359;6620;2
8360;2355;3
8361;8075;7
8362;6378;6
8363;8389;6
8364;6546;1
8365;3283;4
8366;4549;2
8367;7948;6
8368;4463;2
8369;4361;3
8370;7314;5
8371;6820;5
8372;4325;6
8373;5758;1
8374;5913;5
8375;1831;2
8376;1524;2
8377;1892;2
8378;7285;5
8379;2074;6
8380;7398;5
8381;5079;4
8382;8612;1
8383;8755;1
8384;5083;4
8385;3348;4
8386;3726;6
8387;2973;5
8388;3560;3
8389;5609;7
8390;5781;4
8391;8189;4
8392;8117;1
8393;8918;2
8394;5509;5
8395;6430;7
8396;8690;7
8397;6886;7
8398;8683;7
8399;6653;7
8400;1709;2
8401;8634;3
8402;1383;4
8403;6005;6
8404;5385;7
8405;7192;2
8406;2316;6
8407;6205;2
8408;3110;4
8409;4294;2
8410;3234;5
8411;1248;3
8412;4816;5
8413;8379;6
8414;6540;4
8415;6524;5
8416;1861;1
8417;6732;5
8418;5932;3
8419;3280;2
8420;3012;7
8421;7540;7
8422;5461;1
8423;8787;3
8424;1308;1
8425;6797;1
8426;3444;1
8427;7854;7
8428;2067;3
8429;4563;5
8430;5819;6
8431;8981;2
8432;5695;2
8433;6177;5
8434;7438;6
8435;7324;1
8436;5173;7
8437;8090;3
8438;6244;6
8439;5474;5
8440;6841;1
8441;8377;2
8442;5657;7
8443;6685;5
8444;7528;4
8445;3529;6
8446;6757;5
8447;2526;7
8448;8372;6
8449;3250;3
8450;8510;3
8451;1010;2
8452;6047;7
8453;3993;2
8454;5553;6
8455;7154;3
8456;6061;4
8457;7871;6
8458;6532;7
8459;5926;2
8460;4962;6
8461;2851;2
8462;2099;2
8463;6006;6
8464;2018;4
8465;8974;7
8466;5919;4
8467;3672;4
8468;4427;3
8469;4065;4
8470;7357;1
8471;6407;4
8472;3577;7
8473;5824;7
8474;4726;3
8475;1680;3
8476;3286;3
8477;8214;6
8478;8381;3
8479;4485;2
8480;3724;3
8481;1859;1
8482;7582;2
8483;5052;1
8484;1996;5
8485;6136;4
8486;8673;3
8487;7129;7
8488;5028;4
8489;3480;5
8490;4317;4
8491;4018;4
8492;7678;1
8493;2597;6
8494;6879;3
8495;4263;3
8496;2581;7
8497;3024;1
8498;7096;3
8499;4363;4
8500;2735;2
8501;4519;2
8502;1916;3
8503;7173;1
8504;1941;7
8505;8994;1
8506;6144;4
8507;1222;2
8508;7202;5
8509;3036;2
8510;3174;3
8511;2730;3
8512;5056;7
8513;8285;6
8514;7756;5
8515;6622;6
8516;1921;4
8517;7360;2
8518;8611;7
8519;8729;7
8520;1974;2
8521;8105;1
8522;8733;5
8523;3455;4
8524;8303;6
8525;5272;3
8526;7887;3
8527;2539;3
8528;1026;2
8529;7474;1
8530;6167;7
8531;5807;5
8532;3195;6
8533;1462;4
8534;2575;1
8535;4728;4
8536;1715;7
8537;6286;1
8538;5459;2
8539;4162;6
8540;7831;1
8541;3632;1
8542;7928;5
8543;6215;2
8544;3521;2
8545;4220;2
8546;6009;4
8547;5466;5
8548;8748;4
8549;3576;1
8550;7664;4
8551;1871;1
8552;1854;4
8553;5538;7
8554;7396;3
8555;3891;1
8556;6505;2
8557;5335;6
8558;3980;3
8559;1398;4
8560;7817;2
8561;6237;6
8562;3690;5
8563;8575;3
8564;8590;1
8565;7027;6
8566;8219;2
8567;3280;7
8568;2063;2
8569;1579;3
8570;2472;2
8571;7924;4
8572;3125;5
8573;6527;5
8574;6849;3
8575;4666;3
8576;6824;3
8577;5218;1
8578;2087;2
8579;5004;1
8580;8150;2
8581;3552;4
8582;8158;5
8583;6263;1
8584;1894;1
8585;5064;7
8586;5477;3
8587;6965;2
8588;4380;1
8589;5845;2
8590;6377;3
8591;2360;3
8592;8249;2
8593;2349;6
8594;7094;4
8595;6460;7
8596;3312;3
8597;7094;6
8598;5307;3
8599;1555;7
8600;5318;4
8601;1260;4
8602;8482;6
8603;1213;3
8604;6718;5
8605;5718;6
8606;7998;3
8607;1130;1
8608;7059;5
8609;4061;1
8610;1831;5
8611;6136;7
8612;4483;2
8613;3495;1
8614;2733;6
8615;1691;6
8616;1799;3
8617;6471;4
8618;8138;7
8619;8080;7
8620;1686;7
8621;7225;4
8622;8412;5
8623;6536;2
8624;2415;1
8625;4158;3
8626;7290;4
8627;6429;5
8628;4648;2
8629;3722;5
8630;3205;1
8631;4068;5
8632;3864;2
8633;7349;1
8634;3638;6
8635;6649;4
8636;8865;5
8637;7160;2
8638;1556;7
8639;1245;5
8640;6758;1
8641;2736;1
8642;8238;2
8643;3402;5
8644;6738;5
8645;3161;3
8646;1260;1
8647;8393;7
8648;7726;3
8649;2062;2
8650;1029;6
8651;3249;5
8652;7539;2
8653;7205;2
8654;4410;3
8655;7888;6
8656;8919;7
8657;2361;3
8658;3050;5
8659;7578;7
8660;4235;5
8661;1851;2
8662;4547;1
8663;4137;4
8664;6649;2
8665;5847;7
8666;1186;5
8667;5621;4
8668;2641;7
8669;3073;1
8670;6859;1
8671;1083;5
8672;2015;5
8673;3066;1
8674;5985;1
8675;7759;1
8676;1250;2
8677;6999;5
8678;5377;3
8679;1063;5
8680;3585;1
8681;6934;1
8682;1187;3
8683;1389;5
8684;3557;1
8685;5851;6
8686;2449;7
8687;4067;1
8688;1591;2
8689;3568;6
8690;8727;1
8691;5293;2
8692;7032;5
8693;7438;7
8694;3712;2
8695;4655;1
8696;2145;2
8697;8593;5
8698;5752;7
8699;6679;5
8700;7750;4
8701;7483;3
8702;5485;1
8703;3101;2
8704;5450;2
8705;2966;6
8706;7518;1
8707;3199;4
8708;2553;1
8709;6361;7
8710;5906;4
8711;6726;6
8712;8674;2
8713;7979;2
8714;6457;3
8715;2401;6
8716;8234;6
8717;6508;3
8718;1455;4
8719;8876;5
8720;1333;7
8721;4434;5
8722;1381;3
8723;2611;7
8724;3802;6
8725;5225;1
8726;7319;2
8727;8975;5
8728;8107;3
8729;5002;5
8730;8894;7
8731;8275;7
8732;7687;7
8733;8106;1
8734;2197;4
8735;6778;7
8736;1714;3
8737;5187;6
8738;2848;2
8739;5109;3
8740;2263;5
8741;7064;7
8742;1697;7
8743;6121;2
8744;1766;7
8745;8141;2
8746;2729;7
8747;8431;2
8748;5121;1
8749;6701;6
8750;2496;3
8751;2095;2
8752;4424;1
8753;8693;6
8754;2757;2
8755;8147;4
8756;7814;2
8757;1922;6
8758;3234;2
8759;6415;7
8760;3326;1
8761;5002;4
8762;6711;5
8763;3942;2
8764;7562;2
8765;1095;7
8766;1814;4
8767;6838;2
8768;8797;1
8769;1010;5
8770;2123;3
8771;3673;6
8772;5730;2
8773;5191;6
8774;1523;1
8775;4494;1
8776;2593;3
8777;4640;4
8778;6478;6
8779;3568;3
8780;5263;2
8781;3180;5
8782;8042;2
8783;1216;5
8784;3666;4
8785;1373;2
8786;1370;7
8787;1648;2
8788;7887;1
8789;6889;3
8790;3740;7
8791;5274;3
8792;3525;7
8793;7619;4
8794;3762;7
8795;1703;5
8796;5375;5
8797;7065;2
8798;2057;7
8799;5587;1
8800;3769;3
8801;5360;4
8802;6164;4
8803;5207;7
8804;5120;3
8805;5869;1
8806;7985;1
8807;3776;1
8808;5509;4
8809;1799;5
8810;3278;5
8811;3104;3
8812;4367;6
8813;7564;3
8814;3507;2
8815;6674;1
8816;8985;4
8817;4978;3
8818;7177;5
8819;2146;3
8820;3558;4
8821;2607;4
8822;8527;6
8823;8004;2
8824;1082;6
8825;1420;1
8826;1987;3
8827;1720;4
8828;5702;4
8829;8697;6
8830;7997;3
8831;1200;2
8832;8021;4
8833;1828;2
8834;4633;7
8835;8725;1
8836;2438;6
8837;7014;4
8838;8337;3
8839;5277;7
8840;8908;7
8841;7467;4
8842;7191;5
8843;2837;1
8844;4017;2
8845;5025;6
8846;2582;6
8847;6705;2
8848;4374;2
8849;3921;5
8850;4977;2
8851;2442;4
8852;3057;2
8853;6678;3
8854;8327;6
8855;4263;1
8856;4739;6
8857;2185;7
8858;8030;4
8859;1683;1
8860;4760;7
8861;1053;7
8862;4113;4
8863;4265;5
8864;2355;2
8865;8404;7
8866;1442;5
8867;6395;2
8868;4903;7
8869;1804;1
8870;1833;4
8871;7477;6
8872;1583;4
8873;3119;1
8874;2904;4
8875;5234;4
8876;3305;3
8877;7199;7
8878;3913;3
8879;1155;1
8880;7050;5
8881;3019;1
8882;5686;7
8883;1356;4
8884;6575;2
8885;2636;3
8886;7073;6
8887;2875;2
8888;2424;2
8889;7054;6
8890;2672;2
8891;6152;7
8892;7536;6
8893;8747;3
8894;1637;3
8895;6651;1
8896;8617;2
8897;7654;2
8898;7662;5
8899;2261;4
8900;1308;1
8901;7868;2
8902;3517;4
8903;3044;4
8904;3477;3
8905;4525;3
8906;6045;5
8907;6944;3
8908;6254;4
8909;5646;3
8910;4785;1
8911;4938;1
8912;7829;5
8913;3037;6
8914;3453;3
8915;4387;5
8916;1312;6
8917;8141;1
8918;7885;2
8919;5483;1
8920;6305;1
8921;5733;5
8922;5068;5
8923;8282;2
8924;5826;4
8925;6295;6
8926;8995;7
8927;7994;2
8928;8793;6
8929;8225;7
8930;4445;1
8931;6893;7
8932;2019;5
8933;2234;3
8934;8645;1
8935;8354;5
8936;5776;1
8937;3766;5
8938;8553;1
8939;6658;2
8940;6740;6
8941;5937;1
8942;7876;2
8943;6022;7
8944;5500;3
8945;6102;6
8946;4767;6
8947;8857;5
8948;4839;7
8949;2392;2
8950;3181;3
8951;3100;2
8952;4575;6
8953;4582;6
8954;4400;1
8955;8888;6
8956;8208;1
8957;4548;5
8958;2198;6
8959;1847;1
8960;7162;4
8961;6297;4
8962;5019;4
8963;8772;3
8964;7769;3
8965;1188;2
8966;1254;5
8967;1426;4
8968;5991;1
8969;4642;6
8970;8492;3
8971;6240;7
8972;8331;1
8973;8933;6
8974;3828;5
8975;8993;2
8976;5643;1
8977;2461;7
8978;1995;6
8979;3877;6
8980;5502;6
8981;1044;6
8982;6002;2
8983;4032;3
8984;7287;5
8985;1159;4
8986;3749;1
8987;3492;3
8988;2488;1
8989;6337;7
8990;4557;3
8991;3647;1
8992;6311;7
8993;7556;5
8994;4522;1
8995;7809;3
8996;6539;7
8997;3512;7
8998;4719;1
8999;5116;1
9000;8059;1
9001;4007;6
9002;6361;1
9003;6294;7
9004;1358;6
9005;6218;5
9006;4866;6
9007;6295;4
9008;2951;4
9009;6867;6
9010;8427;4
9011;3033;7
9012;3284;4
9013;6063;1
9014;8809;3
9015;3887;6
9016;5667;3
9017;8062;6
9018;8326;7
9019;4627;2
9020;3654;5
9021;3117;4
9022;3319;7
9023;4555;4
9024;1887;7
9025;3262;2
9026;1802;4
9027;2876;3
9028;2863;6
9029;6053;7
9030;5747;6
9031;3338;1
9032;1620;3
9033;7219;3
9034;5738;5
9035;1513;3
9036;5073;6
9037;2258;6
9038;2721;6
9039;4656;6
9040;4668;6
9041;4765;2
9042;3513;1
9043;2202;6
9044;2715;7
9045;8905;6
9046;2922;6
9047;5694;7
9048;3470;3
9049;2080;5
9050;3590;7
9051;2156;7
9052;5817;1
9053;2382;5
9054;2758;2
9055;7829;7
9056;8149;3
9057;5534;4
9058;8386;7
9059;2694;3
9060;1785;7
9061;7582;7
9062;6889;5
9063;3031;7
9064;3103;3
9065;3452;1
9066;7148;2
9067;8724;3
9068;7725;1
9069;3446;2
9070;4319;2
9071;3190;6
9072;8203;7
9073;3281;5
9074;3867;1
9075;5712;3
9076;1765;2
9077;8832;4
9078;8671;6
9079;2128;5
9080;2294;3
9081;4205;3
9082;3486;1
9083;7198;3
9084;6747;3
9085;7190;1
9086;3543;7
9087;2452;6
9088;1955;1
9089;3997;5
9090;8215;1
9091;1393;1
9092;6064;5
9093;8912;5
9094;2872;6
9095;2620;5
9096;7610;1
9097;3895;3
9098;8420;2
9099;8881;4
9100;2480;5
9101;6960;3
9102;2408;2
9103;4945;5
9104;3377;7
9105;3285;7
9106;4056;6
9107;6403;3
9108;7808;7
9109;1405;1
9110;2021;3
9111;4972;7
9112;8504;1
9113;5051;6
9114;3525;4
9115;6120;3
9116;8548;5
9117;5444;6
9118;1677;3
9119;5956;4
9120;6203;6
9121;6078;1
9122;4231;4
9123;4324;3
9124;8527;2
9125;4926;7
9126;4132;5
9127;8032;4
9128;6374;5
9129;7416;3
9130;3633;1
9131;7483;2
9132;2947;3
9133;2815;5
9134;6779;7
9135;8693;7
9136;1679;4
9137;6733;2
9138;7153;2
9139;8113;2
9140;5679;7
9141;1057;3
9142;5852;4
9143;4242;5
9144;2374;6
9145;2097;3
9146;6352;4
9147;2167;5
9148;2341;7
9149;1871;7
9150;3241;5
9151;6423;5
9152;1199;6
9153;8869;4
9154;2826;4
9155;7309;3
9156;6969;7
9157;3868;3
9158;2866;1
9159;4975;4
9160;2511;3
9161;5509;5
9162;8475;6
9163;6753;5
9164;5988;7
9165;7518;6
9166;4037;6
9167;2053;4
9168;6030;4
9169;4469;3
9170;8526;1
9171;6638;5
9172;3646;7
9173;2429;7
9174;6205;3
9175;5407;3
9176;5670;1
9177;2765;5
9178;4960;3
9179;4280;4
9180;2036;3
9181;1028;7
9182;2529;6
9183;8985;2
9184;7311;3
9185;7953;2
9186;4275;7
9187;2496;4
9188;5467;1
9189;1689;2
9190;8536;1
9191;4346;4
9192;8511;6
9193;3571;6
9194;4907;6
9195;3200;6
9196;6515;5
9197;6559;6
9198;1751;4
9199;8459;2
9200;4544;2
9201;4159;2
9202;7217;6
9203;8218;2
9204;8419;4
9205;2402;6
9206;8081;2
9207;2096;7
9208;7376;1
9209;5069;4
9210;7459;7
9211;7356;3
9212;3458;6
9213;3129;1
9214;3605;2
9215;8871;7
9216;7160;4
9217;8774;3
9218;5504;7
9219;1059;1
9220;3813;1
9221;6349;5
9222;5495;5
9223;4018;5
9224;3192;4
9225;3522;1
9226;6408;1
9227;1687;5
9228;4586;4
9229;1889;1
9230;4799;4
9231;6140;5
9232;3005;3
9233;3542;4
9234;8870;1
9235;2553;2
9236;2760;4
9237;6229;1
9238;1572;1
9239;6612;5
9240;3508;6
9241;4308;7
9242;4603;3
9243;5278;1
9244;7114;2
9245;8926;3
9246;6933;1
9247;4093;7
9248;4946;6
9249;3486;3
9250;8689;7
9251;1714;3
9252;2361;1
9253;3516;4
9254;8209;7
9255;8282;2
9256;1058;3
9257;5336;3
9258;6071;5
9259;1473;1
9260;5153;5
9261;7661;1
9262;7164;1
9263;3706;6
9264;7601;2
9265;2046;2
9266;8724;5
9267;5761;6
9268;2457;5
9269;5295;7
9270;1924;3
9271;5537;7
9272;6569;3
9273;5001;7
9274;8196;7
9275;6170;3
9276;2230;4
9277;1273;1
9278;7700;2
9279;1489;2
9280;6956;2
9281;7181;1
9282;7517;2
9283;6488;5
9284;6233;1
9285;2470;7
9286;5239;4
9287;1947;1
9288;8927;1
9289;3262;3
9290;2434;2
9291;2401;5
9292;6150;4
9293;1226;3
9294;7682;1
9295;7157;7
9296;1218;4
9297;5399;5
9298;6021;2
9299;6806;3
9300;7108;2
9301;1917;4
9302;2546;1
9303;6237;3
9304;2860;4
9305;4206;4
9306;3287;4
9307;7533;6
9308;3840;3
9309;2795;1
9310;6368;2
9311;3705;2
9312;8144;1
9313;3370;1
9314;5838;4
9315;3737;2
9316;1505;2
9317;1393;2
9318;3557;4
9319;3031;1
9320;6445;4
9321;6231;1
9322;5679;7
9323;2260;1
9324;7241;4
9325;4747;6
9326;4333;5
9327;8560;1
9328;3740;3
9329;5637;7
9330;2266;2
9331;6299;2
9332;2269;4
9333;7919;2
9334;5322;2
9335;4092;2
9336;6800;2
9337;3210;2
9338;7376;5
9339;4199;2
9340;1429;7
9341;5135;5
9342;8349;1
9343;3540;2
9344;4322;2
9345;1477;3
9346;5784;5
9347;8604;1
9348;6666;6
9349;1981;3
9350;5724;6
9351;1926;4
9352;6659;2
9353;2912;7
9354;7805;5
9355;2376;2
9356;6378;5
9357;5261;4
9358;8368;5
9359;4467;3
9360;2916;3
9361;3441;4
9362;8581;3
9363;5841;6
9364;1559;1
9365;3790;4
9366;1943;7
9367;1113;3
9368;6050;2
9369;8800;1
9370;1910;5
9371;4378;4
9372;4387;6
9373;5128;3
9374;7112;2
9375;6161;2
9376;1341;1
9377;5397;3
9378;3244;4
9379;6132;7
9380;7450;3
9381;1644;5
9382;6516;5
9383;5982;7
9384;2177;2
9385;8179;6
9386;7183;3
9387;5678;6
9388;6917;1
9389;6314;3
9390;3269;1
9391;8013;2
9392;2336;7
9393;5629;3
9394;1563;7
9395;1278;7
9396;4271;7
9397;1191;3
9398;1514;6
9399;8157;3
9400;2344;5
9401;1167;4
9402;1987;7
9403;8747;4
9404;2069;7
9405;1320;4
9406;2633;5
9407;8673;6
9408;2350;7
9409;2337;5
9410;1122;6
9411;3628;4
9412;3114;4
9413;2285;6
9414;8897;6
9415;3730;4
9416;3448;4
9417;3333;5
9418;8353;7
9419;6401;7
9420;2371;4
9421;8255;4
9422;3108;3
9423;2759;6
9424;4932;4
9425;3480;5
9426;3310;3
9427;4166;3
9428;6535;4
9429;5502;3
9430;1471;5
9431;5103;2
9432;5751;4
9433;3516;6
9434;2553;5
9435;8442;4
9436;8353;2
9437;6461;3
9438;1703;2
9439;7466;7
9440;1084;6
9441;7034;6
9442;8883;2
9443;6698;1
9444;3935;7
9445;2710;4
9446;4363;7
9447;7138;3
9448;4169;6
9449;4747;7
9450;1941;6
9451;7823;4
9452;7398;3
9453;3794;3
9454;5953;2
9455;7675;2
9456;2230;1
9457;3548;7
9458;6303;6
9459;1763;5
9460;3563;5
9461;6213;5
9462;4094;6
9463;1410;2
9464;1098;4
9465;6667;2
9466;2920;7
9467;6779;1
9468;7113;2
9469;3577;5
9470;5519;2
9471;3198;4
9472;1274;7
9473;2916;2
9474;1422;1
9475;4711;5
9476;2424;7
9477;5287;5
9478;7292;3
9479;7989;5
9480;8043;2
9481;8933;1
9482;7355;4
9483;7929;1
9484;2834;7
9485;1912;7
9486;3197;5
9487;7310;5
9488;7737;2
9489;3328;4
9490;2478;1
9491;8334;6
9492;4424;7
9493;6735;5
9494;3194;1
9495;8319;7
9496;2224;6
9497;6347;2
9498;8674;5
9499;4109;3
9500;2505;7
9501;1256;3
9502;1295;3
9503;7055;1
9504;4539;2
9505;2050;5
9506;6375;5
9507;4870;6
9508;2132;6
9509;6630;6
9510;1279;4
9511;4218;1
9512;1225;3
9513;5442;6
9514;2889;4
9515;3674;2
9516;6857;5
9517;5284;4
9518;2961;5
9519;8466;6
9520;3198;5
9521;7814;2
9522;8686;5
9523;6610;2
9524;7496;2
9525;1490;6
9526;3189;4
9527;6914;4
9528;6190;4
9529;2972;3
9530;3912;4
9531;1995;7
9532;1010;7
9533;3708;2
9534;2765;6
9535;6353;5
9536;7515;2
9537;3480;3
9538;7855;3
9539;1192;4
9540;5820;3
9541;8295;5
9542;6542;4
9543;1531;1
9544;6127;7
9545;3704;7
9546;8204;6
9547;4542;2
9548;8852;3
9549;4113;3
9550;8979;3
9551;6813;7
9552;5539;5
9553;3904;3
9554;4535;3
9555;7018;1
9556;5751;7
9557;7029;1
9558;2892;5
9559;3805;5
9560;3251;3
9561;5916;6
9562;5430;4
9563;2936;5
9564;4318;2
9565;4778;1
9566;2106;5
9567;5468;4
9568;3892;4
9569;3224;1
9570;4556;4
9571;7226;4
9572;4468;4
9573;8194;4
9574;2922;5
9575;6045;7
9576;1483;1
9577;5522;2
9578;2728;4
9579;2213;6
9580;2326;7
9581;8134;5
9582;2348;2
9583;3052;2
9584;6100;5
9585;1471;5
9586;8798;7
9587;1936;2
9588;2811;6
9589;6817;4
9590;5600;7
9591;6475;3
9592;7878;6
9593;8628;4
9594;7256;3
9595;8492;5
9596;2648;5
9597;4170;5
9598;3198;2
9599;4997;7
9600;8337;2
9601;8872;4
9602;8583;2
9603;4482;2
9604;1928;4
9605;6232;2
9606;3223;1
9607;5388;7
9608;5316;1
9609;1546;6
9610;7017;6
9611;4170;3
9612;5577;1
9613;7906;6
9614;1765;6
9615;4727;1
9616;6724;5
9617;3809;4
9618;5246;3
9619;2013;5
9620;8427;6
9621;5023;7
9622;4362;1
9623;7252;7
9624;1153;4
9625;3419;1
9626;3807;7
9627;4495;4
9628;7612;3
9629;1292;6
9630;3738;5
9631;3589;7
9632;7309;4
9633;8414;6
9634;8887;7
9635;2928;5
9636;4271;2
9637;5920;4
9638;6437;7
9639;7564;3
9640;1703;5
9641;4271;4
9642;8269;5
9643;4637;2
9644;8279;5
9645;8568;3
9646;6049;6
9647;5309;2
9648;4736;5
9649;7745;1
9650;7526;5
9651;3689;3
9652;1347;7
9653;7670;2
9654;7368;1
9655;1788;1
9656;4459;3
9657;6767;5
9658;2730;7
9659;2278;1
9660;4679;6
9661;8452;6
9662;4471;5
9663;3859;5
9664;8916;5
9665;5762;3
9666;7473;7
9667;3723;3
9668;4642;2
9669;2878;3
9670;7587;1
9671;3619;4
9672;5249;5
9673;5448;4
9674;6346;2
9675;2596;7
9676;3405;6
9677;4544;7
9678;7550;6
9679;2249;4
9680;8334;4
9681;8102;4
9682;2726;5
9683;8656;1
9684;4161;3
9685;1629;4
9686;8149;3
9687;2414;2
9688;4498;4
9689;4139;7
9690;8932;3
9691;4192;7
9692;4715;1
9693;2263;7
9694;4955;7
9695;3682;6
9696;6931;6
9697;7417;5
9698;6690;4
9699;2854;3
9700;4065;4
9701;6454;6
9702;4772;3
9703;1144;7
9704;8663;5
9705;2036;7
9706;6791;6
9707;7382;6
9708;2353;6
9709;2245;4
9710;1963;2
9711;4075;4
9712;7307;3
9713;2211;7
9714;1119;5
9715;3838;2
9716;1929;6
9717;6664;7
9718;1628;4
9719;3601;5
9720;5118;1
9721;2430;6
9722;1521;4
9723;4041;4
9724;5563;5
9725;5926;4
9726;7844;1
9727;8479;4
9728;5999;5
9729;2610;4
9730;1456;1
9731;3662;5
9732;3936;6
9733;3766;4
9734;5918;1
9735;1125;4
9736;3125;6
9737;1042;2
9738;4048;4
9739;6535;3
9740;6582;6
9741;1941;3
9742;5666;6
9743;1478;3
9744;7610;3
9745;8159;3
9746;6730;1
9747;6782;7
9748;8841;6
9749;5950;1
9750;1108;3
9751;4958;2
9752;7528;5
9753;8452;2
9754;5212;7
9755;1616;3
9756;2435;3
9757;2990;7
9758;3563;7
9759;2480;4
9760;2839;5
9761;3119;7
9762;7036;7
9763;7314;1
9764;6148;4
9765;2190;5
9766;2807;6
9767;8310;2
9768;6021;4
9769;2622;7
9770;6905;5
9771;2479;7
9772;1497;3
9773;6103;7
9774;7777;5
9775;3327;3
9776;5189;7
9777;2674;7
9778;2764;5
9779;2775;2
9780;7503;6
9781;6821;5
9782;2435;4
9783;8170;3
9784;4920;7
9785;6434;5
9786;3225;1
9787;8429;2
9788;3082;6
9789;4034;1
9790;4202;7
9791;4415;3
9792;1203;2
9793;8028;5
9794;3548;5
9795;1756;7
9796;1263;4
9797;1935;3
9798;7949;4
9799;5438;7
9800;1205;5
9801;6335;4
9802;5096;4
9803;2076;1
9804;7395;2
9805;3922;5
9806;3374;5
9807;5173;2
9808;2194;4
9809;7211;3
9810;6566;7
9811;6922;4
9812;1456;5
9813;4879;6
9814;6481;3
9815;7691;2
9816;7024;1
9817;6387;6
9818;4249;4
9819;7802;5
9820;7127;2
9821;5765;5
9822;7947;3
9823;3569;7
9824;6733;7
9825;3713;1
9826;2986;2
9827;1205;2
9828;7552;5
9829;7270;7
9830;3275;2
9831;8760;3
9832;2230;4
9833;7181;3
9834;6676;6
9835;4318;2
9836;6221;4
9837;7669;6
9838;3708;6
9839;5298;1
9840;3187;1
9841;2497;1
9842;3251;3
9843;2436;1
9844;3000;2
9845;3221;7
9846;2764;5
9847;3246;1
9848;3094;2
9849;6612;5
9850;3070;2
9851;6548;7
9852;2172;3
9853;5428;7
9854;6114;7
9855;4165;2
9856;5672;7
9857;3325;4
9858;8425;5
9859;4123;3
9860;6022;5
9861;7690;6
9862;5310;7
9863;5037;4
9864;5026;1
9865;4404;1
9866;5219;5
9867;6791;7
9868;7363;5
9869;4512;6
9870;6745;3
9871;1242;4
9872;6359;7
9873;1712;3
9874;2726;1
9875;5590;3
9876;1453;3
9877;4339;5
9878;2059;4
9879;8023;7
9880;2206;4
9881;5157;1
9882;8444;2
9883;5258;2
9884;1959;7
9885;4939;7
9886;4825;2
9887;7951;5
9888;2383;7
9889;2708;4
9890;2875;7
9891;1083;6
9892;6564;7
9893;2454;7
9894;6567;7
9895;8269;4
9896;7039;4
9897;5333;2
9898;7178;7
9899;3205;3
9900;8643;2
9901;4141;2
9902;7477;6
9903;1409;2
9904;4045;1
9905;3903;4
9906;5585;5
9907;3014;5
9908;3373;2
9909;5807;3
9910;2881;2
9911;6101;2
9912;4152;4
9913;2248;2
9914;7408;1
9915;6499;4
9916;3740;3
9917;7115;6
9918;6269;2
9919;7614;4
9920;4407;5
9921;7839;7
9922;2648;1
9923;8873;1
9924;5015;5
9925;4638;1
9926;4899;4
9927;2561;3
9928;7460;1
9929;2996;4
9930;1788;3
9931;7795;1
9932;1475;2
9933;6919;5
9934;7531;1
9935;8995;1
9936;8352;5
9937;4995;6
9938;8499;7
9939;5522;6
9940;6978;7
9941;2338;4
9942;5269;2
9943;7689;5
9944;5567;2
9945;3482;5
9946;8611;3
9947;3792;5
9948;1987;3
9949;3805;7
9950;8273;3
9951;7486;7
9952;5889;6
9953;2140;5
9954;7677;1
9955;4594;7
9956;8408;6
9957;8817;7
9958;8276;4
9959;7395;1
9960;6083;7
9961;3479;2
9962;2082;1
9963;7346;3
9964;6360;3
9965;2297;1
9966;6389;7
9967;4545;1
9968;2053;5
9969;8460;2
9970;8101;7
9971;5871;1
9972;2103;1
9973;4159;3
9974;8458;4
9975;5520;7
9976;8374;7
9977;7553;7
9978;7368;3
9979;6084;4
9980;8352;3
9981;7667;1
9982;8948;5
9983;4772;7
9984;1496;4
9985;8873;5
9986;2844;7
9987;7300;3
9988;7323;6
9989;1686;2
9990;2289;4
9991;7930;2
9992;8978;2
9993;4393;1
9994;6616;6
9995;8131;3
9996;7799;3
9997;1221;6
9998;3291;2
9999;4379;2
10000;6124;2
10001;6867;2
10002;8403;6
10003;2878;1
10004;2429;3
10005;5186;6
10006;5273;1
10007;2532;5
10008;2943;7
10009;2579;7
10010;8864;3
10011;8699;2
10012;6291;7
10013;8786;5
10014;5795;7
10015;2774;7
10016;4541;7
10017;2982;6
10018;4713;2
10019;5947;2
10020;8018;3
10021;2432;1
10022;5083;2
10023;4267;1
10024;4787;4
10025;1349;4
10026;2194;1
10027;4993;4
10028;6732;3
10029;2911;6
10030;3084;2
10031;6073;3
10032;3233;5
10033;7657;4
10034;1145;5
10035;4939;3
10036;5917;2
10037;6166;1
10038;8080;2
10039;4534;3
10040;5230;1
10041;3091;6
10042;4581;1
10043;3278;2
10044;1476;1
10045;2286;4
10046;7089;2
10047;2180;3
10048;6455;3
10049;5092;3
10050;6976;4
10051;8010;4
10052;7489;3
10053;5808;6
10054;5211;3
10055;8360;1
10056;7162;1
10057;6722;7
10058;2841;5
10059;8300;6
10060;8800;6
10061;8455;6
10062;3097;5
10063;1014;3
10064;8297;6
10065;5340;6
10066;6891;1
10067;3831;2
10068;8544;6
10069;3853;4
10070;6430;7
10071;7729;1
10072;3420;1
10073;1365;1
10074;1067;3
10075;4745;6
10076;4193;3
10077;5006;7
10078;2205;7
10079;5365;6
10080;3955;6
10081;3488;2
10082;4494;5
10083;8447;4
10084;8154;3
10085;6669;1
10086;1985;4
10087;6890;5
10088;6293;1
10089;3980;5
10090;5569;7
10091;4831;7
10092;4396;1
10093;2755;7
10094;8638;4
10095;6753;2
10096;8372;5
10097;1300;7
10098;6805;2
10099;8293;4
10100;5683;1
10101;4337;2
10102;6812;6
10103;1184;3
10104;4963;5
10105;1752;6
10106;3839;3
10107;4227;7
10108;2258;5
10109;4972;3
10110;2425;3
10111;1063;3
10112;2572;4
10113;2976;6
10114;3674;4
10115;8896;1
10116;6840;4
10117;5783;4
10118;8548;3
10119;5324;7
10120;4658;6
10121;3383;5
10122;5654;4
10123;6637;5
10124;7566;5
10125;5314;4
10126;7455;2
10127;5044;5
10128;4299;6
10129;6341;6
10130;2599;6
10131;3791;6
10132;4737;6
10133;4903;1
10134;8956;2
10135;5481;4
10136;1835;4
10137;6898;7
10138;2666;3
10139;6448;4
10140;4143;6
10141;5961;4
10142;7795;6
10143;5444;7
10144;2831;7
10145;8330;5
10146;8807;6
10147;4520;2
10148;7638;3
10149;6831;1
10150;5408;1
10151;4653;1
10152;1449;3
10153;8123;1
10154;4476;4
10155;7959;5
10156;3544;3
10157;4065;4
10158;8457;1
10159;8587;5
10160;8897;2
10161;1385;6
10162;4887;3
10163;2190;6
10164;6969;3
10165;7227;7
10166;1049;7
10167;1475;4
10168;5662;5
10169;2024;5
10170;6784;6
10171;7271;2
10172;7758;7
10173;5953;5
10174;2449;3
10175;1937;5
10176;8863;4
10177;4892;1
10178;2730;7
10179;6462;6
10180;6676;5
10181;6664;3
10182;3683;4
10183;4304;2
10184;1479;1
10185;2701;6
10186;4375;2
10187;6506;7
10188;3759;7
10189;6012;4
10190;4428;5
10191;7157;5
10192;4658;1
10193;6531;6
10194;1766;7
10195;2105;1
10196;5907;2
10197;4739;7
10198;8961;1
10199;4289;7
10200;8005;3
10201;5712;1
10202;3461;1
10203;4157;1
10204;5224;2
10205;7960;7
10206;3970;7
10207;3431;7
10208;8141;3
10209;3207;1
10210;8143;1
10211;3919;7
10212;4711;7
10213;2113;2
10214;3858;6
10215;3380;2
10216;5700;6
10217;5179;3
10218;8473;2
10219;8928;6
10220;5767;4
10221;5733;6
10222;7076;2
10223;8919;1
10224;1466;7
10225;8792;5
10226;6702;4
10227;3942;4
10228;1275;4
10229;5161;5
10230;6160;4
10231;7115;6
10232;2857;3
10233;8807;4
10234;3868;6
10235;3854;4
10236;5840;7
10237;6340;5
10238;8564;4
10239;2227;6
10240;8746;3
10241;7669;7
10242;3059;6
10243;1762;5
10244;5300;6
10245;6871;7
10246;6892;2
10247;4682;1
10248;1276;6
10249;3742;2
10250;4342;5
10251;7516;3
10252;2228;5
10253;3081;3
10254;1723;3
10255;1136;5
10256;2320;3
10257;5865;7
10258;8107;4
10259;3464;2
10260;5349;1
10261;6551;7
10262;6541;2
10263;3471;2
10264;3939;4
10265;1325;3
10266;3016;5
10267;5067;3
10268;8210;1
10269;4126;6
10270;3059;3
10271;4619;5
10272;5766;3
10273;4997;7
10274;5762;7
10275;4946;3
10276;4035;5
10277;1835;5
10278;5398;5
10279;2489;2
10280;6780;1
10281;2823;2
10282;5901;1
10283;2785;4
10284;2482;3
10285;7261;4
10286;2181;4
10287;3405;6
10288;4986;6
10289;5264;4
10290;5177;2
10291;6675;5
10292;6865;7
10293;8931;1
10294;7073;2
10295;5446;2
10296;2271;7
10297;3100;4
10298;6968;6
10299;8388;5
10300;6159;4
10301;3299;5
10302;4820;6
10303;1086;3
10304;3267;2
10305;7176;3
10306;2109;4
10307;2915;6
10308;2297;7
10309;1716;3
10310;1962;6
10311;4740;2
10312;7177;4
10313;2791;3
10314;4054;7
10315;8589;7
10316;7487;3
10317;3089;7
10318;1188;1
10319;1865;5
10320;6555;7
10321;5913;7
10322;4704;5
10323;1450;1
10324;5032;3
10325;7022;7
10326;8906;1
10327;1343;4
10328;4198;5
10329;8111;3
10330;8876;5
10331;2625;3
10332;4596;7
10333;7938;4
10334;3989;4
10335;1626;1
10336;5951;2
10337;4645;2
10338;4142;2
10339;8041;2
10340;1851;3
10341;5853;2
10342;7301;1
10343;6294;7
10344;8959;4
10345;7069;3
10346;1918;5
10347;4089;3
10348;5816;4
10349;2220;7
10350;2628;1
10351;8808;2
10352;5249;1
10353;7678;6
10354;4004;5
10355;8448;4
10356;7104;6
10357;7129;6
10358;3087;3
10359;3246;3
10360;7113;4
10361;8835;7
10362;5267;6
10363;7347;2
10364;7259;5
10365;3793;1
10366;8601;4
10367;4936;5
10368;5325;1
10369;7338;2
10370;6318;3
10371;1034;7
10372;4586;5
10373;8145;4
10374;4732;1
10375;5508;6
10376;1779;5
10377;7028;4
10378;8340;5
10379;6327;5
10380;2176;7
10381;1598;3
10382;3937;4
10383;7563;7
10384;6125;3
10385;1899;4
10386;6559;1
10387;2537;1
10388;1771;7
10389;7882;7
10390;1937;4
10391;2067;5
10392;4596;4
10393;8140;5
10394;7460;2
10395;7382;7
10396;2612;1
10397;6019;2
10398;2924;6
10399;6394;5
10400;6831;3
10401;6780;2
10402;8132;1
10403;3312;5
10404;4971;1
10405;5610;3
10406;7085;5
10407;2383;3
10408;2960;2
10409;8580;3
10410;6171;1
10411;1736;4
10412;1774;5
10413;6392;1
10414;7335;7
10415;8686;2
10416;3627;7
10417;7018;4
10418;4469;7
10419;2356;6
10420;5927;3
10421;3186;1
10422;5944;1
10423;6974;3
10424;8946;5
10425;5166;1
10426;8043;6
10427;3462;5
10428;1915;7
10429;4821;7
10430;8239;4
10431;3734;7
10432;6143;2
10433;7672;3
10434;7502;3
10435;7205;3
10436;6939;1
10437;8373;6
10438;1524;3
10439;5375;7
10440;8598;3
10441;8158;1
10442;1045;6
10443;4443;6
10444;5980;4
10445;5312;6
10446;6797;5
10447;4028;7
10448;6650;7
10449;1715;7
10450;3675;3
10451;2947;6
10452;2954;1
10453;1024;6
10454;7320;3
10455;1113;5
10456;8761;4
10457;3204;5
10458;3784;5
10459;3082;1
10460;2761;5
10461;2353;5
10462;5164;7
10463;8051;6
10464;7008;2
10465;8723;2
10466;3258;4
10467;8974;4
10468;8109;7
10469;5462;6
10470;3513;4
10471;5966;6
10472;7235;7
10473;7827;7
10474;3101;6
10475;6836;2
10476;5547;7
10477;8387;3
10478;2743;1
10479;3332;2
10480;3798;3
10481;7268;4
10482;3511;7
10483;8195;7
10484;5253;3
10485;7141;3
10486;1274;7
10487;5992;4
10488;1096;3
10489;2425;1
10490;7047;4
10491;6004;2
10492;1871;4
10493;8196;3
10494;4920;1
10495;1942;1
10496;1159;3
10497;7471;2
10498;4597;4
10499;8179;6
10500;6407;6
10501;8118;4
10502;2017;4
10503;5855;4
10504;5388;5
10505;8717;2
10506;6661;1
10507;4596;7
10508;2445;6
10509;3042;4
10510;4554;7
10511;6708;7
10512;1172;7
10513;4890;2
10514;7351;5
10515;8998;2
10516;5696;2
10517;7853;1
10518;1774;2
10519;2011;5
10520;3632;5
10521;8959;1
10522;3639;6
10523;6385;6
10524;2403;6
10525;6683;7
10526;2524;2
10527;1395;4
10528;5123;1
10529;4586;7
10530;1792;2
10531;4667;3
10532;3804;2
10533;7467;2
10534;6858;5
10535;2509;6
10536;7227;2
10537;8659;6
10538;7153;2
10539;6465;4
10540;8806;7
10541;1975;6
10542;6071;4
10543;6818;1
10544;1252;1
10545;3848;3
10546;8660;3
10547;7375;6
10548;5796;7
10549;3607;7
10550;1798;5
10551;2263;5
10552;1576;7
10553;7659;5
10554;5347;6
10555;8005;3
10556;8609;7
10557;4199;7
10558;8796;7
10559;3831;1
10560;3204;3
10561;7954;2
10562;5921;4
10563;5008;4
10564;2968;6
10565;5547;3
10566;4642;2
10567;5896;5
10568;6603;1
10569;7775;1
10570;3266;7
10571;2188;7
10572;3620;6
10573;2700;6
10574;6122;5
10575;2618;6
10576;2385;1
10577;6855;1
10578;8774;1
10579;5039;6
10580;6433;5
10581;6003;3
10582;1047;7
10583;4918;2
10584;1982;4
10585;5441;3
10586;2155;7
10587;1214;2
10588;1709;6
10589;2200;6
10590;7324;1
10591;5633;4
10592;4356;3
10593;2563;6
10594;1508;1
10595;3810;1
10596;3289;2
10597;3192;4
10598;1389;7
10599;6518;1
10600;2619;2
10601;2796;4
10602;3124;1
10603;6184;3
10604;6158;2
10605;4231;1
10606;5970;5
10607;1335;4
10608;8321;6
10609;5974;1
10610;8525;4
10611;2961;5
10612;6442;5
10613;2085;6
10614;7300;3
10615;4436;1
10616;7358;3
10617;1719;1
10618;6910;1
10619;3353;3
10620;3981;2
10621;6536;3
10622;5781;3
10623;2104;4
10624;4716;7
10625;1327;5
10626;2243;7
10627;7559;7
10628;1278;7
10629;3965;5
10630;4487;2
10631;8277;4
10632;7968;3
10633;6479;5
10634;7002;4
10635;3852;2
10636;8531;7
10637;4245;2
10638;4212;6
10639;4318;5
10640;5647;2
10641;3282;4
10642;4493;1
10643;8250;3
10644;2385;7
10645;1285;5
10646;6323;7
10647;5468;4
10648;3243;2
10649;4123;7
10650;6677;3
10651;2760;1
10652;8360;1
10653;3541;2
10654;5921;5
10655;7577;3
10656;6592;5
10657;2090;6
10658;6595;2
10659;5039;6
10660;3035;2
10661;8867;5
10662;5378;1
10663;7372;4
10664;8757;4
10665;1126;1
10666;5706;7
10667;5124;1
10668;3731;4
10669;5574;2
10670;4516;2
10671;6992;1
10672;1574;1
10673;8343;2
10674;1109;2
10675;4343;5
10676;2464;1
10677;4322;2
10678;7043;1
10679;7628;5
10680;2782;4
10681;1328;1
10682;1185;1
10683;7782;3
10684;3331;1
10685;1720;5
10686;5407;3
10687;6816;2
10688;1233;7
10689;7078;4
10690;1851;6
10691;8060;4
10692;7377;1
10693;1430;3
10694;2689;6
10695;4973;6
10696;2730;2
10697;7897;5
10698;1631;6
10699;4895;3
10700;2636;5
10701;1081;6
10702;2788;6
10703;5660;6
10704;4469;6
10705;2036;1
10706;5572;2
10707;5440;6
10708;8907;2
10709;3821;3
10710;6425;3
10711;4942;2
10712;3865;4
10713;7880;1
10714;2496;5
10715;3323;2
10716;6038;6
10717;3768;5
10718;1874;3
10719;6797;1
10720;2664;2
10721;4305;3
10722;6397;4
10723;6719;6
10724;1237;6
10725;4547;7
10726;3458;2
10727;2934;1
10728;6500;3
10729;5548;3
10730;4610;3
10731;1096;1
10732;1733;3
10733;1383;1
10734;8179;1
10735;5010;2
10736;2499;5
10737;1899;5
10738;2319;2
10739;2865;5
10740;7288;5
10741;8969;2
10742;7189;3
10743;8535;3
10744;4247;2
10745;2459;4
10746;2568;2
10747;1394;4
10748;5933;6
10749;8142;6
10750;7197;7
10751;8559;2
10752;8636;1
10753;2527;3
10754;8188;2
10755;8525;6
10756;5510;7
10757;8146;4
10758;7203;5
10759;1758;7
10760;1089;5
10761;7136;4
10762;2243;6
10763;6866;4
10764;1146;1
10765;4272;6
10766;3534;6
10767;1197;4
10768;2999;1
10769;5880;4
10770;2476;5
10771;1479;6
10772;5487;3
10773;4061;4
10774;8461;1
10775;6546;1
10776;6674;2
10777;7293;2
10778;7913;2
10779;3918;7
10780;6019;4
10781;1450;4
10782;6305;5
10783;6483;4
10784;7416;2
10785;2436;5
10786;7009;7
10787;2189;1
10788;5312;4
10789;3495;5
10790;7614;3
10791;1747;4
10792;1397;5
10793;3011;2
10794;1472;3
10795;2628;2
10796;6049;4
10797;6535;6
10798;2115;4
10799;7390;7
10800;6839;6
10801;4559;4
10802;4967;4
10803;4958;2
10804;1287;7
10805;2629;3
10806;1350;4
10807;4352;5
10808;1552;5
10809;8781;5
10810;2015;1
10811;8781;1
10812;6068;3
10813;4105;1
10814;8332;3
10815;6269;4
10816;3784;2
10817;4046;1
10818;2047;1
10819;8827;1
10820;1098;7
10821;6481;1
10822;6551;4
10823;6382;4
10824;4362;2
10825;7770;4
10826;3766;6
10827;1917;7
10828;1898;5
10829;1169;3
10830;3866;6
10831;8040;3
10832;5582;1
10833;5349;4
10834;5884;2
10835;2690;3
10836;5622;4
10837;3603;2
10838;8795;2
10839;7882;1
10840;3939;3
10841;6267;1
10842;5881;7
10843;2157;4
10844;3088;3
10845;4114;2
10846;4352;3
10847;2324;4
10848;8344;4
10849;4605;5
10850;7588;2
10851;7412;3
10852;6686;1
10853;1702;3
10854;1310;1
10855;8818;4
10856;2594;2
10857;6815;3
10858;4771;3
10859;4191;7
10860;1529;3
10861;6369;3
10862;5360;3
10863;7375;2
10864;1822;4
10865;5063;4
10866;8760;5
10867;2294;7
10868;3736;7
10869;2656;5
10870;3326;7
10871;1770;2
10872;1912;7
10873;1483;3
10874;3211;6
10875;3930;7
10876;4041;4
10877;2472;5
10878;6481;6
10879;6989;4
10880;2623;5
10881;5450;1
10882;5020;3
10883;6876;5
10884;4576;7
10885;2404;3
10886;1400;7
10887;1384;4
10888;6232;6
10889;3906;1
10890;7277;5
10891;6142;5
10892;5178;3
10893;6618;5
10894;3063;6
10895;4519;4
10896;3277;2
10897;8103;4
10898;8122;3
10899;8515;4
10900;3944;2
10901;5083;7
10902;3757;3
10903;2146;7
10904;5081;2
10905;3135;7
10906;6037;5
10907;7937;4
10908;7185;6
10909;1357;2
10910;5894;2
10911;3841;5
10912;1721;4
10913;6248;4
10914;6852;3
10915;4185;2
10916;1816;1
10917;3447;7
10918;1348;5
10919;3428;3
10920;7670;4
10921;5990;2
10922;7878;2
10923;7008;1
10924;2026;6
10925;5674;6
10926;5929;2
10927;6810;5
10928;2197;1
10929;2406;3
10930;7970;7
10931;5482;7
10932;7563;4
10933;2397;5
10934;5055;4
10935;6479;7
10936;1703;6
10937;7361;7
10938;5380;3
10939;7417;7
10940;6140;4
10941;8500;2
10942;2283;3
10943;6621;1
10944;5552;2
10945;2154;4
10946;1811;1
10947;3363;2
10948;1284;1
10949;5702;4
10950;6144;6
10951;2505;2
10952;7171;4
10953;8003;3
10954;1950;3
10955;8930;1
10956;7097;7
10957;4057;5
10958;8141;2
10959;8245;1
10960;3316;6
10961;4310;1
10962;4110;7
10963;7046;7
10964;2159;1
10965;4835;1
10966;8680;7
10967;4924;5
10968;7115;6
10969;7338;1
10970;6433;6
10971;7337;6
10972;3146;3
10973;1465;4
10974;8135;6
10975;6413;7
10976;7652;1
10977;3830;1
10978;2114;4
10979;7110;5
10980;5370;2
10981;4870;7
10982;7842;3
10983;2402;6
10984;5564;3
10985;2293;2
10986;2546;7
10987;4605;4
10988;1848;1
10989;1720;7
10990;4138;3
10991;1227;6
10992;5711;3
10993;1812;7
10994;5864;5
10995;5977;4
10996;4847;7
10997;6151;7
10998;1862;7
10999;4665;7
11000;2437;7
11001;6598;1
11002;7952;2
11003;8974;6
11004;3250;3
11005;7043;1
11006;3383;2
11007;1589;4
11008;1764;1
11009;4564;5
11010;3067;3
11011;7533;1
11012;4383;2
11013;6346;4
11014;4318;2
11015;6632;1
11016;4880;5
11017;1431;6
11018;3941;4
11019;7127;7
11020;1369;6
11021;5696;7
11022;8307;5
11023;2012;4
11024;6878;2
11025;6479;2
11026;1904;1
11027;5107;1
11028;2002;5
11029;6892;1
11030;3907;2
11031;5156;1
11032;6613;1
11033;8161;2
11034;8855;7
11035;6667;6
11036;2464;5
11037;3193;4
11038;5965;3
11039;8078;1
11040;8595;1
11041;3603;6
11042;6981;1
11043;6362;1
11044;6993;4
11045;1823;4
11046;8551;2
11047;4617;5
11048;2231;2
11049;7237;5
11050;5755;2
11051;8668;7
11052;6349;1
11053;3425;3
11054;7807;4
11055;5683;1
11056;7027;6
11057;8734;1
11058;4770;3
11059;6705;3
11060;4303;6
11061;1649;3
11062;1597;7
11063;3853;4
11064;1058;4
11065;6274;6
11066;6880;5
11067;3010;4
11068;1685;2
11069;3479;6
11070;4302;2
11071;2704;4
11072;5396;2
11073;3935;7
11074;7757;3
11075;6475;2
11076;7998;4
11077;7358;6
11078;1405;5
11079;1816;7
11080;7834;5
11081;7398;4
11082;6790;1
11083;8949;5
11084;4247;6
11085;6640;5
11086;8551;4
11087;1930;2
11088;3091;1
11089;7664;2
11090;1611;4
11091;6343;7
11092;3595;6
11093;3886;3
11094;8542;5
11095;4040;3
11096;2805;3
11097;5434;4
11098;3393;1
11099;2989;2
11100;1956;2
11101;4074;1
11102;1893;5
11103;5599;6
11104;2069;4
11105;7012;7
11106;7596;1
11107;7982;7
11108;1755;5
11109;1605;6
11110;5324;4
11111;3106;6
11112;3319;6
11113;4381;5
11114;6854;2
11115;1262;6
11116;5016;1
11117;2766;5
11118;6341;4
11119;7610;2
11120;5805;3
11121;2450;5
11122;5369;7
11123;8045;5
11124;8679;4
11125;8402;3
11126;3663;1
11127;3405;6
11128;6657;1
11129;5948;3
11130;7549;2
11131;3469;6
11132;2709;7
11133;8026;6
11134;8652;6
11135;6814;1
11136;6767;4
11137;6600;4
11138;4368;2
11139;8181;6
11140;6767;6
11141;6112;3
11142;6333;2
11143;7003;4
11144;5637;7
11145;8299;3
11146;6744;6
11147;8985;1
11148;1677;4
11149;1735;2
11150;1583;5
11151;4822;5
11152;5223;6
11153;3855;2
11154;5986;7
11155;3393;3
11156;7389;2
11157;5449;4
11158;1365;4
11159;2860;4
11160;7489;4
11161;3228;7
11162;5891;5
11163;2850;7
11164;8722;7
11165;5049;7
11166;8961;3
11167;7370;7
11168;4086;2
11169;1014;3
11170;4724;2
11171;2224;3
11172;8629;7
11173;5585;6
11174;5354;3
11175;4115;6
11176;2355;1
11177;8298;2
11178;3824;7
11179;3898;6
11180;1236;5
11181;3319;2
11182;4864;7
11183;7303;3
11184;3465;3
11185;5553;7
11186;7611;7
11187;8046;7
11188;7324;2
11189;2373;4
11190;6447;2
11191;1701;1
11192;2120;5
11193;3712;7
11194;7347;4
11195;3396;1
11196;8486;1
11197;4526;7
11198;7574;2
11199;1533;1
11200;8303;3
11201;6696;5
11202;3063;6
11203;8163;5
11204;2441;4
11205;8226;6
11206;3170;5
11207;5111;5
11208;7786;7
11209;7207;2
11210;8554;6
11211;7060;2
11212;1244;4
11213;3764;2
11214;2796;1
11215;7069;6
11216;7295;5
11217;2792;5
11218;4230;1
11219;4916;4
11220;5968;5
11221;5092;7
11222;5032;4
11223;5012;1
11224;8600;1
11225;2636;4
11226;7284;3
11227;4549;5
11228;4516;1
11229;8893;1
11230;3301;6
11231;7314;1
11232;4781;3
11233;4009;7
11234;6258;5
11235;6888;6
11236;6860;7
11237;8747;6
11238;3320;6
11239;1542;7
11240;4350;6
11241;6460;6
11242;4119;5
11243;8146;7
11244;3268;2
11245;1143;5
11246;8419;6
11247;3655;1
11248;5310;6
11249;5561;6
11250;3524;6
11251;8038;4
11252;6307;4
11253;7053;4
11254;8498;5
11255;7336;4
11256;1068;7
11257;7993;4
11258;4310;7
11259;4373;7
11260;6941;3
11261;3227;4
11262;1296;2
11263;1242;3
11264;3117;3
11265;1727;2
11266;5473;6
11267;5702;4
11268;1023;1
11269;4698;3
11270;6268;6
11271;5298;3
11272;1959;7
11273;5886;4
11274;7546;5
11275;4640;4
11276;1682;4
11277;6163;7
11278;4056;4
11279;7321;1
11280;6001;2
11281;7555;7
11282;6656;1
11283;5872;2
11284;3307;6
11285;1036;6
11286;5535;5
11287;4519;7
11288;3601;7
11289;3341;6
11290;7166;5
11291;4483;5
11292;4473;2
11293;2826;6
11294;8251;7
11295;1008;6
11296;3268;7
11297;7016;2
11298;8507;5
11299;5322;7
11300;8098;7
11301;2641;1
11302;1150;4
11303;5130;7
11304;3546;2
11305;5360;2
11306;1018;4
11307;1192;3
11308;6422;7
11309;8007;4
11310;7933;1
11311;1606;7
11312;7111;7
11313;6034;2
11314;4491;4
11315;7271;6
11316;8277;5
11317;7824;5
11318;1729;4
11319;8377;7
11320;4340;7
11321;6487;3
11322;3791;3
11323;8986;7
11324;2828;5
11325;8958;6
11326;2074;6
11327;7653;2
11328;4546;4
11329;8947;6
11330;2330;4
11331;3713;2
11332;4528;2
11333;1764;3
11334;8680;7
11335;3191;2
11336;5388;2
11337;6085;1
11338;8016;7
11339;7612;3
11340;8627;1
11341;8490;3
11342;7536;1
11343;7518;3
11344;2482;4
11345;6296;6
11346;3998;7
11347;3246;3
11348;4199;4
11349;6714;4
11350;6337;1
11351;8351;7
11352;1433;3
11353;5755;5
11354;2539;1
11355;4216;2
11356;7636;4
11357;4139;2
11358;8308;4
11359;8606;6
11360;7774;2
11361;4466;6
11362;4798;4
11363;5416;5
11364;1459;4
11365;2143;7
11366;5339;1
11367;5448;2
11368;4623;3
11369;5140;3
11370;1675;7
11371;2110;4
11372;1381;5
11373;6410;6
11374;6267;6
11375;1091;2
11376;3272;7
11377;3719;2
11378;4204;5
11379;3748;5
11380;8379;7
11381;4236;2
11382;5357;2
11383;4520;4
11384;2903;7
11385;6075;7
11386;5758;3
11387;5172;6
11388;3242;6
11389;6129;2
11390;1899;5
11391;1608;6
11392;4544;2
11393;2369;2
11394;4698;1
11395;7730;6
11396;2357;6
11397;6817;6
11398;7179;1
11399;6151;7
11400;3911;1
11401;5172;7
11402;3465;6
11403;4923;5
11404;1332;1
11405;2561;2
11406;1240;5
11407;8877;3
11408;6356;4
11409;1960;1
11410;1437;2
11411;2126;6
11412;6999;1
11413;2825;7
11414;1189;5
11415;8915;6
11416;5045;7
11417;4583;2
11418;1824;7
11419;1858;2
11420;6174;6
11421;7821;5
11422;8298;5
11423;8995;3
11424;7837;2
11425;8219;6
11426;8172;5
11427;1958;7
11428;5172;3
11429;8350;3
11430;7894;5
11431;5581;5
11432;4986;3
11433;7792;1
11434;7818;3
11435;8581;7
11436;5667;3
11437;7360;1
11438;6749;6
11439;3436;7
11440;7724;2
11441;4432;2
11442;5968;5
11443;2628;2
11444;3963;3
11445;4465;1
11446;7580;2
11447;7206;1
11448;3457;2
11449;2526;1
11450;1813;5
11451;1135;4
11452;7901;3
11453;6017;4
11454;8695;6
11455;7363;2
11456;4604;2
11457;6775;4
11458;5769;7
11459;6911;5
11460;2054;7
11461;1039;5
11462;5509;1
11463;1423;4
11464;6837;7
11465;1180;3
11466;2342;3
11467;5661;1
11468;6843;2
11469;2860;2
11470;1706;3
11471;7807;1
11472;1595;4
11473;6484;3
11474;4983;3
11475;4149;1
11476;5949;6
11477;4934;1
11478;7613;4
11479;1050;4
11480;6637;7
11481;3451;7
11482;2357;7
11483;8406;5
11484;7510;6
11485;2877;5
11486;6182;5
11487;3074;4
11488;8893;1
11489;4230;6
11490;4827;2
11491;5707;2
11492;7462;5
11493;7244;3
11494;3948;4
11495;1702;2
11496;7103;3
11497;8928;6
11498;5607;1
11499;8083;3
11500;7874;7
11501;6359;6
11502;4552;5
11503;7471;5
11504;1888;2
11505;4567;3
11506;3719;6
11507;2863;7
11508;5679;6
11509;4984;6
11510;1709;1
11511;7224;3
11512;4092;5
11513;6302;4
11514;2607;5
11515;3414;6
11516;4486;1
11517;3449;7
11518;6494;2
11519;7955;2
11520;3648;6
11521;5404;6
11522;6614;6
11523;5567;5
11524;7623;7
11525;7085;4
11526;6248;1
11527;7546;1
11528;2241;3
11529;2609;2
11530;4128;7
11531;6704;4
11532;5323;3
11533;8469;5
11534;1091;4
11535;6363;4
11536;6539;3
11537;5839;6
11538;8598;1
11539;6710;5
11540;8482;5
11541;6929;4
11542;8614;7
11543;7433;7
11544;3508;3
11545;7889;4
11546;6140;6
11547;4596;4
11548;3256;2
11549;7326;1
11550;4623;3
11551;4621;1
11552;8032;2
11553;2012;1
11554;7132;2
11555;7069;3
11556;3548;6
11557;8840;2
11558;5788;4
11559;3159;2
11560;5448;2
11561;7327;2
11562;2800;7
11563;4925;4
11564;8566;7
11565;2104;2
11566;6979;7
11567;2505;5
11568;8411;2
11569;8582;6
11570;1050;2
11571;2006;7
11572;4157;1
11573;5688;5
11574;3958;7
11575;3647;6
11576;8256;3
11577;5579;7
11578;5243;1
11579;1207;6
11580;4319;4
11581;5018;7
11582;6592;6
11583;1804;2
11584;2049;5
11585;5503;5
11586;8877;7
11587;5651;4
11588;7708;3
11589;6377;6
11590;5658;4
11591;5324;3
11592;1454;5
11593;2668;5
11594;6937;7
11595;5678;2
11596;2796;6
11597;8144;3
11598;7883;5
11599;3811;5
11600;6200;6
11601;3745;7
11602;5860;2
11603;7395;7
11604;1462;6
11605;3139;4
11606;7019;3
11607;5547;1
11608;2469;2
11609;5251;3
11610;5979;7
11611;3111;2
11612;8480;3
11613;4286;2
11614;3943;4
11615;3290;4
11616;5090;6
11617;1918;3
11618;4729;1
11619;2363;2
11620;2175;4
11621;7074;4
11622;1663;1
11623;3854;3
11624;2781;5
11625;4926;6
11626;7543;5
11627;7052;2
11628;1757;3
11629;2244;7
11630;6211;4
11631;1645;3
11632;5599;6
11633;7744;6
11634;5845;5
11635;5694;5
11636;1607;5
11637;8483;6
11638;1091;6
11639;2178;3
11640;1278;3
11641;5267;4
11642;1172;5
11643;4489;4
11644;2453;4
11645;8105;7
11646;8327;3
11647;1746;2
11648;5585;3
11649;5711;7
11650;2429;6
11651;2941;5
11652;6857;5
11653;5983;3
11654;5157;3
11655;2459;3
11656;7070;6
11657;2873;4
11658;5500;4
11659;7387;6
11660;3358;2
11661;7414;5
11662;1563;3
11663;6445;1
11664;2879;4
11665;7702;2
11666;1219;7
11667;5072;6
11668;3160;1
11669;1256;1
11670;1722;1
11671;6541;2
11672;7937;7
11673;2836;5
11674;7719;5
11675;2876;2
11676;3327;2
11677;4833;5
11678;5716;7
11679;2227;5
11680;2476;3
11681;3363;2
11682;1582;7
11683;5550;5
11684;4019;4
11685;6115;4
11686;4282;5
11687;7978;6
11688;8592;3
11689;4048;3
11690;2661;4
11691;1801;4
11692;1857;6
11693;6122;5
11694;7624;6
11695;6321;6
11696;8071;1
11697;3624;2
11698;4270;7
11699;4199;3
11700;7803;2
11701;5346;6
11702;7452;6
11703;7388;2
11704;8481;4
11705;6732;1
11706;6765;2
11707;4359;6
11708;8088;6
11709;7647;4
11710;3916;4
11711;4090;1
11712;1460;2
11713;3867;3
11714;1428;2
11715;8773;7
11716;5749;7
11717;6244;7
11718;6665;3
11719;8117;5
11720;4253;2
11721;6876;6
11722;1557;5
11723;2809;5
11724;8344;6
11725;2359;1
11726;7798;6
11727;4772;7
11728;6348;6
11729;8532;5
11730;1394;4
11731;1696;2
11732;8732;7
11733;3354;2
11734;3627;6
11735;7102;7
11736;3318;1
11737;6675;1
11738;7313;2
11739;4583;5
11740;3358;1
11741;3974;7
11742;4281;7
11743;2013;6
11744;3896;5
11745;5264;6
11746;4146;3
11747;8603;3
11748;5245;7
11749;4836;2
11750;6556;6
11751;1177;5
11752;7823;1
11753;6222;4
11754;6379;7
11755;1972;5
11756;6020;7
11757;1696;3
11758;5655;5
11759;3814;6
11760;7578;2
11761;3563;7
11762;3750;1
11763;8183;3
11764;1816;7
11765;8923;7
11766;1268;3
11767;6859;5
11768;4977;2
11769;3964;6
11770;7967;6
11771;4428;5
11772;1840;4
11773;7564;2
11774;8991;7
11775;8502;5
11776;3356;4
11777;6037;2
11778;3519;6
11779;8787;2
11780;4428;3
11781;5245;2
11782;8013;1
11783;5867;4
11784;2175;1
11785;7951;2
11786;8377;6
11787;7768;5
11788;5866;5
11789;7454;7
11790;3977;1
11791;6529;1
11792;3748;1
11793;6546;5
11794;6808;6
11795;1417;5
11796;3084;5
11797;6054;4
11798;4049;6
11799;5011;4
11800;8749;1
11801;4558;6
11802;2099;4
11803;6909;3
11804;3156;3
11805;8555;4
11806;2957;1
11807;2429;1
11808;6866;2
11809;6166;4
11810;6928;6
11811;4790;3
11812;4394;6
11813;6006;7
11814;6765;3
11815;5514;2
11816;4122;4
11817;8468;5
11818;6861;6
11819;3351;7
11820;6636;1
11821;2611;6
11822;5099;3
11823;1407;2
11824;5083;4
11825;7856;1
11826;5975;6
11827;4094;3
11828;2038;1
11829;8102;6
11830;1514;6
11831;5176;5
11832;1427;4
11833;6653;5
11834;7754;7
11835;6639;2
11836;5723;7
11837;7551;1
11838;3809;6
11839;2015;1
11840;3257;7
11841;5128;4
11842;2551;5
11843;2440;5
11844;7613;6
11845;3021;7
11846;7226;2
11847;1844;2
11848;7483;7
11849;2926;7
11850;5852;1
11851;3991;5
11852;7382;3
11853;2874;5
11854;5400;5
11855;1144;5
11856;6891;7
11857;6820;7
11858;4192;5
11859;5123;7
11860;3307;1
11861;4258;2
11862;2149;4
11863;1589;5
11864;8122;6
11865;5015;3
11866;6413;3
11867;2722;5
11868;5084;4
11869;6292;7
11870;4545;7
11871;6457;5
11872;3582;5
11873;2205;3
11874;5319;2
11875;8281;2
11876;7569;6
11877;2337;4
11878;8852;3
11879;8489;7
11880;5317;1
11881;1395;2
11882;4232;4
11883;7304;2
11884;2886;2
11885;5585;6
11886;7676;1
11887;8550;2
11888;3541;2
11889;1063;1
11890;7134;4
11891;8020;1
11892;2566;5
11893;3338;4
11894;5564;2
11895;1011;1
11896;3756;5
11897;4248;1
11898;4998;1
11899;5824;2
11900;3777;4
11901;7748;3
11902;2789;5
11903;1754;2
11904;8735;3
11905;5903;1
11906;2450;7
11907;7762;2
11908;4585;2
11909;2676;1
11910;3310;1
11911;4981;7
11912;6512;2
11913;4878;3
11914;5024;6
11915;8210;1
11916;7963;3
11917;4240;7
11918;1326;6
11919;4098;7
11920;8182;1
11921;6480;3
11922;8449;3
11923;4780;3
11924;6796;2
11925;7476;7
11926;3415;7
11927;2173;3
11928;2857;1
11929;4723;3
11930;3967;6
11931;6181;2
11932;5426;7
11933;8121;5
11934;1825;4
11935;2965;2
11936;3735;7
11937;3108;4
11938;5199;5
11939;6362;6
11940;8688;7
11941;3532;5
11942;3690;2
11943;8308;4
11944;5295;1
11945;2015;4
11946;3538;4
11947;8344;4
11948;2984;3
11949;3005;3
11950;2898;6
11951;1158;1
11952;7195;4
11953;3162;6
11954;1903;6
11955;2834;6
11956;2035;2
11957;3645;7
11958;6038;5
11959;5436;6
11960;8094;4
11961;1632;4
11962;6103;6
11963;1258;4
11964;1860;4
11965;5615;6
11966;5289;2
11967;1399;2
11968;6090;6
11969;2099;7
11970;6704;3
11971;3430;5
11972;2364;1
11973;2267;5
11974;8778;1
11975;6688;2
11976;7068;1
11977;2397;7
11978;3942;1
11979;7602;5
11980;5959;3
11981;7946;4
11982;5884;2
11983;5844;7
11984;8767;3
11985;2900;7
11986;7156;1
11987;1382;4
11988;2388;6
11989;4086;3
11990;4771;6
11991;6756;6
11992;8953;3
11993;3836;5
11994;7399;1
11995;7377;1
11996;4357;4
11997;5520;7
11998;2990;6
11999;3809;2
12000;8739;1
12001;5691;6
12002;6573;7
12003;5026;7
12004;1372;4
12005;3870;7
12006;8772;5
12007;5382;2
12008;1091;6
12009;8503;2
12010;6280;3
12011;6417;2
12012;5902;4
12013;1818;5
12014;7791;4
12015;3714;4
12016;6604;5
12017;5731;3
12018;4762;4
12019;3883;2
12020;6788;3
12021;2101;7
12022;6072;3
12023;2726;2
12024;1211;3
12025;8475;3
12026;5423;1
12027;4573;2
12028;3477;1
12029;4058;4
12030;8076;6
12031;8799;7
12032;2356;4
12033;2187;5
12034;5406;1
12035;7306;4
12036;2140;5
12037;4437;1
12038;7880;7
12039;2029;2
12040;6230;2
12041;8439;2
12042;1743;7
12043;2465;5
12044;5549;4
12045;7228;2
12046;6649;5
12047;2461;5
12048;5517;2
12049;8489;4
12050;2380;7
12051;5198;4
12052;4849;5
12053;8304;3
12054;7418;1
12055;3702;7
12056;3429;1
12057;3002;3
12058;1716;6
12059;4180;3
12060;5380;2
12061;4312;1
12062;6596;4
12063;5602;4
12064;5072;6
12065;8044;2
12066;5702;3
12067;1769;4
12068;8310;5
12069;3888;1
12070;8967;1
12071;6681;2
12072;6424;7
12073;8461;3
12074;8896;3
12075;1246;1
12076;2364;6
12077;5151;2
12078;3898;6
12079;6530;1
12080;3173;6
12081;8795;7
12082;2392;2
12083;7706;7
12084;6596;3
12085;3895;5
12086;5232;1
12087;3751;4
12088;3856;2
12089;5615;1
12090;6861;3
12091;5151;7
12092;5828;4
12093;2254;1
12094;1514;7
12095;2387;6
12096;1267;4
12097;2976;1
12098;2342;1
12099;7008;4
12100;4347;6
12101;5363;3
12102;1958;2
12103;2153;4
12104;6660;6
12105;8963;5
12106;5772;1
12107;7729;1
12108;6803;3
12109;5953;4
12110;1713;1
12111;1542;2
12112;5701;1
12113;6022;2
12114;8311;7
12115;5221;6
12116;6395;3
12117;4935;3
12118;1906;6
12119;4543;5
12120;2858;4
12121;2204;6
12122;2685;2
12123;3113;2
12124;7342;6
12125;7114;3
12126;8773;3
12127;5288;5
12128;5105;2
12129;6365;1
12130;8109;2
12131;8455;4
12132;7561;6
12133;5069;2
12134;1200;3
12135;6272;4
12136;1867;3
12137;2786;5
12138;7201;5
12139;3836;6
12140;1051;2
12141;3533;4
12142;6892;2
12143;8316;3
12144;1054;7
12145;8192;1
12146;5128;3
12147;7975;3
12148;5101;3
12149;3030;3
12150;3252;4
12151;1251;7
12152;1853;5
12153;2079;6
12154;2999;5
12155;8642;4
12156;3993;5
12157;8526;4
12158;7274;7
12159;3846;3
12160;4791;4
12161;8380;3
12162;7790;1
12163;5561;7
12164;5399;1
12165;4603;6
12166;7409;1
12167;4298;7
12168;1771;7
12169;4078;7
12170;2188;1
12171;8094;5
12172;5672;3
12173;4313;5
12174;7955;7
12175;1957;7
12176;8438;7
12177;3030;5
12178;8105;5
12179;4221;6
12180;4803;7
12181;1748;6
12182;1682;3
12183;4821;5
12184;1245;4
12185;3377;6
12186;3545;6
12187;2319;4
12188;5085;5
12189;1271;3
12190;5655;4
12191;1021;1
12192;8213;6
12193;3466;7
12194;8064;6
12195;5899;1
12196;6536;5
12197;3484;4
12198;7846;6
12199;5229;3
12200;5118;6
12201;2243;1
12202;1379;1
12203;6257;7
12204;4105;7
12205;4651;2
12206;8153;3
12207;3050;3
12208;2312;6
12209;2493;4
12210;6938;6
12211;4637;2
12212;5908;4
12213;8531;4
12214;8029;3
12215;6447;4
12216;1560;3
12217;1840;2
12218;7435;5
12219;2146;2
12220;5379;3
12221;1193;6
12222;3574;5
12223;7368;4
12224;7805;5
12225;2010;1
12226;5200;6
12227;1426;6
12228;4602;7
12229;3496;5
12230;2014;3
12231;7853;2
12232;3387;7
12233;6073;6
12234;6508;7
12235;3590;3
12236;3225;3
12237;1472;6
12238;4728;3
12239;1728;1
12240;1714;4
12241;7098;4
12242;8844;5
12243;7464;2
12244;7185;3
12245;8485;7
12246;8857;6
12247;1573;1
12248;6214;6
12249;7401;4
12250;6260;7
12251;5855;5
12252;3105;2
12253;7872;3
12254;6527;2
12255;8741;4
12256;7394;2
12257;8064;1
12258;8097;3
12259;7460;2
12260;5348;1
12261;2757;7
12262;6151;5
12263;2806;1
12264;8739;6
12265;7845;4
12266;6255;2
12267;3762;6
12268;7551;3
12269;8927;4
12270;2938;1
12271;7325;5
12272;4410;1
12273;3368;7
12274;2181;1
12275;1152;5
12276;7522;2
12277;6745;6
12278;8697;6
12279;4756;3
12280;8915;4
12281;7253;3
12282;5679;4
12283;6347;5
12284;2422;6
12285;5973;4
12286;5190;1
12287;7137;1
12288;5633;2
12289;1670;3
12290;1641;7
12291;2080;3
12292;6296;2
12293;5723;7
12294;3853;3
12295;4970;2
12296;5475;6
12297;8241;6
12298;4412;6
12299;6163;4
12300;2780;7
12301;4595;2
12302;3406;3
12303;6382;3
12304;4217;5
12305;1583;4
12306;6921;7
12307;6737;5
12308;1570;3
12309;1299;4
12310;5019;4
12311;3464;6
12312;8136;5
12313;7272;1
12314;4323;4
12315;5853;4
12316;5215;5
12317;2787;1
12318;2824;6
12319;2680;5
12320;4312;7
12321;3690;3
12322;6624;4
12323;4919;2
12324;8618;4
12325;3478;3
12326;6570;3
12327;3297;1
12328;6568;4
12329;2469;7
12330;1802;6
12331;2951;1
12332;4173;6
12333;5293;7
12334;8692;7
12335;8967;4
12336;2163;5
12337;4113;3
12338;6805;5
12339;6555;5
12340;3686;5
12341;3117;5
12342;2599;1
12343;4140;5
12344;8249;5
12345;1962;7
12346;6041;7
12347;4377;1
12348;5484;5
12349;8950;3
12350;4934;7
12351;3872;5
12352;3279;1
12353;6134;6
12354;4386;5
12355;7014;3
12356;2662;2
12357;6308;7
12358;1118;1
12359;8548;5
12360;2605;2
12361;5958;3
12362;6312;6
12363;3554;3
12364;5475;4
12365;3561;4
12366;1952;3
12367;5898;4
12368;6975;6
12369;6473;5
12370;4530;3
12371;3001;1
12372;5241;6
12373;5119;2
12374;5022;6
12375;1130;4
12376;1762;5
12377;3726;4
12378;6484;6
12379;5866;7
12380;4925;7
12381;8425;5
12382;2343;1
12383;8918;6
12384;1606;4
12385;3147;4
12386;5034;5
12387;7763;2
12388;3477;3
12389;5574;2
12390;3431;5
12391;2684;2
12392;3424;7
12393;6963;3
12394;6573;2
12395;2071;7
12396;4321;6
12397;5802;1
12398;4537;4
12399;7269;4
12400;1050;7
12401;2596;5
12402;7198;6
12403;8143;1
12404;4469;1
12405;2306;1
12406;5200;6
12407;2365;2
12408;3083;6
12409;1227;7
12410;8234;3
12411;1126;5
12412;2278;6
12413;6936;6
12414;5377;1
12415;2007;6
12416;2651;6
12417;6221;1
12418;7320;4
12419;4983;7
12420;2915;5
12421;2406;3
12422;7728;5
12423;2423;2
12424;4963;1
12425;8332;3
12426;7660;2
12427;4065;3
12428;4641;5
12429;5955;7
12430;1444;3
12431;6125;3
12432;4588;6
12433;4273;7
12434;5828;2
12435;5055;1
12436;4254;7
12437;1993;4
12438;4025;7
12439;6382;5
12440;4853;3
12441;8564;3
12442;3482;7
12443;5316;6
12444;8872;7
12445;1078;3
12446;2494;1
12447;1324;1
12448;2608;5
12449;4290;7
12450;5626;4
12451;6651;5
12452;1294;2
12453;3973;1
12454;6194;2
12455;4355;3
12456;3035;2
12457;6982;5
12458;8527;3
12459;3730;2
12460;2929;6
12461;4694;4
12462;3910;4
12463;5973;1
12464;6206;6
12465;7248;7
12466;2322;2
12467;1051;1
12468;6116;2
12469;3877;2
12470;4940;6
12471;3607;3
12472;4546;2
12473;2162;2
12474;1065;1
12475;3556;2
12476;3141;5
12477;2748;5
12478;4826;3
12479;5526;7
12480;4229;3
12481;8656;5
12482;7790;1
12483;7770;7
12484;6848;4
12485;4546;4
12486;6062;1
12487;7352;4
12488;6215;1
12489;3702;3
12490;2539;3
12491;7335;4
12492;3434;2
12493;3299;7
12494;2067;6
12495;4176;7
12496;5607;2
12497;2403;2
12498;2313;1
12499;4028;4
12500;8050;3
12501;6043;4
12502;8473;6
12503;3170;3
12504;4445;6
12505;6033;6
12506;3028;6
12507;4752;6
12508;6829;4
12509;1287;2
12510;4249;4
12511;7034;7
12512;5613;7
12513;8928;7
12514;6540;4
12515;8438;7
12516;7037;1
12517;8141;5
12518;4629;2
12519;6082;6
12520;6848;4
12521;1759;4
12522;7865;3
12523;1639;3
12524;7053;1
12525;7766;3
12526;7133;1
12527;4395;6
12528;3724;1
12529;1236;4
12530;5940;2
12531;6530;1
12532;6506;7
12533;6856;3
12534;3986;5
12535;2530;3
12536;5663;1
12537;5951;4
12538;7400;6
12539;8330;2
12540;6180;1
12541;6225;1
12542;4310;7
12543;3764;7
12544;5457;1
12545;8459;2
12546;3720;6
12547;5260;3
12548;2517;7
12549;4800;4
12550;8684;7
12551;8098;3
12552;5526;5
12553;1947;2
12554;2243;6
12555;6542;3
12556;4703;5
12557;4952;1
12558;8370;3
12559;6040;7
12560;2993;3
12561;6632;2
12562;2378;7
12563;7531;4
12564;5152;1
12565;2877;3
12566;3914;3
12567;2538;7
12568;4067;6
12569;4092;5
12570;4460;7
12571;1723;2
12572;8852;5
12573;5029;1
12574;5563;5
12575;4689;2
12576;7970;3
12577;8302;3
12578;5377;7
12579;8407;1
12580;3553;4
12581;2531;4
12582;3579;5
12583;1888;1
12584;7814;3
12585;5372;7
12586;6285;7
12587;5256;4
12588;3115;4
12589;8579;6
12590;6273;2
12591;2928;6
12592;3262;4
12593;5518;3
12594;1863;6
12595;8452;2
12596;4519;4
12597;2559;7
12598;2970;3
12599;8945;7
12600;8610;7
12601;4011;2
12602;5857;7
12603;1177;1
12604;6938;6
12605;3032;2
12606;5181;4
12607;3941;5
12608;4579;1
12609;7633;3
12610;6466;4
12611;1761;3
12612;5261;4
12613;1089;6
12614;1867;6
12615;2920;6
12616;4226;4
12617;5448;2
12618;4224;7
12619;1667;5
12620;4069;2
12621;7759;4
12622;2351;4
12623;1717;2
12624;4369;7
12625;2321;6
12626;3032;1
12627;4611;5
12628;1614;2
12629;1969;2
12630;8313;3
12631;7051;4
12632;1298;2
12633;4453;4
12634;3212;5
12635;7436;1
12636;8081;3
12637;2494;7
12638;7683;1
12639;5617;5
12640;1011;7
12641;3315;1
12642;3867;2
12643;2595;7
12644;1843;1
12645;8652;3
12646;6895;2
12647;5016;6
12648;3346;1
12649;6829;1
12650;8161;5
12651;1067;6
12652;6269;5
12653;5888;1
12654;5717;7
12655;2693;5
12656;1883;7
12657;3382;1
12658;6523;6
12659;4474;7
12660;1888;2
12661;5512;2
12662;7251;7
12663;8510;4
12664;2325;3
12665;3552;2
12666;1958;1
12667;4010;6
12668;4658;1
12669;6286;3
12670;1989;5
12671;2048;3
12672;2993;5
12673;4831;5
12674;5252;2
12675;6741;7
12676;5219;4
12677;6562;3
12678;3218;1
12679;7744;6
12680;1548;2
12681;3821;7
12682;6393;7
12683;1125;6
12684;2117;3
12685;1322;1
12686;3362;4
12687;8868;5
12688;4510;4
12689;6611;2
12690;2215;7
12691;4949;1
12692;3243;3
12693;2588;5
12694;3788;7
12695;6975;1
12696;5003;3
12697;1808;1
12698;2490;1
12699;2517;1
12700;6088;4
12701;8175;3
12702;6575;2
12703;5999;6
12704;3997;1
12705;7634;7
12706;3901;3
12707;2841;4
12708;8127;4
12709;3468;4
12710;8341;3
12711;4764;2
12712;7745;3
12713;5249;2
12714;6933;5
12715;6010;4
12716;6886;7
12717;7397;1
12718;8881;2
12719;8245;1
12720;7782;2
12721;6739;2
12722;3785;2
12723;7114;4
12724;7414;7
12725;8649;6
12726;2228;4
12727;3777;4
12728;2021;5
12729;6403;4
12730;1360;7
12731;8205;5
12732;8148;4
12733;7588;7
12734;2199;3
12735;8975;6
12736;7108;4
12737;8655;1
12738;6015;6
12739;7323;6
12740;4844;3
12741;2006;1
12742;6332;7
12743;6420;1
12744;8429;7
12745;7004;4
12746;4679;6
12747;1314;7
12748;6487;4
12749;5018;7
12750;3963;5
12751;2821;4
12752;8748;5
12753;4969;4
12754;7967;3
12755;1266;4
12756;1083;4
12757;6848;6
12758;5206;4
12759;2364;3
12760;3393;2
12761;6681;3
12762;3578;7
12763;1037;5
12764;5218;7
12765;3114;6
12766;2030;6
12767;6100;1
12768;5599;4
12769;7878;4
12770;4770;1
12771;6778;6
12772;7174;4
12773;8957;7
12774;5439;4
12775;1804;5
12776;6577;3
12777;5126;6
12778;7653;6
12779;8151;1
12780;4678;7
12781;1383;3
12782;6455;2
12783;6324;4
12784;6887;3
12785;4210;6
12786;5182;4
12787;3799;7
12788;4966;7
12789;8419;6
12790;7183;7
12791;1143;3
12792;4737;6
12793;4995;5
12794;1351;1
12795;6991;3
12796;8202;5
12797;1372;4
12798;6340;3
12799;6882;3
12800;7892;2
12801;4663;4
12802;7723;3
12803;1404;2
12804;5209;1
12805;6172;7
12806;4501;3
12807;4446;1
12808;3416;1
12809;1067;5
12810;6078;1
12811;1903;1
12812;4671;5
12813;1244;2
12814;2536;1
12815;7558;1
12816;6875;1
12817;6763;2
12818;7796;2
12819;2017;2
12820;7944;6
12821;6273;3
12822;4914;3
12823;6853;3
12824;7133;6
12825;7895;1
12826;8938;2
12827;3929;5
12828;3844;2
12829;7753;4
12830;6347;2
12831;3717;4
12832;3955;4
12833;6327;2
12834;1617;5
12835;8913;1
12836;3549;7
12837;1766;1
12838;8190;1
12839;2397;5
12840;4082;1
12841;8597;3
12842;3948;7
12843;4256;1
12844;3281;3
12845;3763;5
12846;2841;2
12847;3368;1
12848;7308;2
12849;1534;3
12850;1233;2
12851;1479;1
12852;2306;7
12853;5751;7
12854;5278;2
12855;5474;7
12856;6945;7
12857;1596;4
12858;5363;3
12859;2892;4
12860;6965;6
12861;8021;1
12862;4233;4
12863;3440;2
12864;3317;4
12865;3852;7
12866;4692;2
12867;1026;2
12868;8596;5
12869;8051;1
12870;2004;4
12871;7107;4
12872;3278;4
12873;1594;7
12874;1830;5
12875;8302;7
12876;3208;5
12877;3504;3
12878;6194;1
12879;4926;7
12880;8588;2
12881;3477;1
12882;4500;1
12883;4823;3
12884;5703;6
12885;5760;6
12886;4893;7
12887;2992;6
12888;7755;1
12889;4553;2
12890;5089;7
12891;2522;1
12892;4327;4
12893;2828;6
12894;3991;4
12895;4442;7
12896;4534;2
12897;2852;7
12898;3600;3
12899;5032;7
12900;5186;3
12901;4124;3
12902;2599;7
12903;4086;4
12904;3767;7
12905;4568;3
12906;5600;2
12907;4746;5
12908;3855;1
12909;4373;3
12910;8806;2
12911;2170;2
12912;6637;6
12913;3104;6
12914;2769;4
12915;3185;2
12916;5433;3
12917;8246;7
12918;3359;2
12919;7298;6
12920;1595;4
12921;3812;7
12922;2065;4
12923;8083;3
12924;3541;3
12925;5128;4
12926;4910;3
12927;1886;1
12928;2233;6
12929;4182;5
12930;4040;3
12931;5611;2
12932;2643;5
12933;4835;1
12934;8532;7
12935;8345;4
12936;4762;3
12937;5766;1
12938;5500;6
12939;1932;2
12940;6274;3
12941;6006;4
12942;6581;5
12943;7229;7
12944;8839;1
12945;2647;7
12946;6903;2
12947;2916;1
12948;7296;6
12949;2773;7
12950;7520;5
12951;1934;7
12952;8697;1
12953;5507;6
12954;3319;1
12955;4411;7
12956;1240;5
12957;4727;4
12958;3537;7
12959;2558;2
12960;7792;2
12961;1829;3
12962;3623;7
12963;3955;1
12964;7010;5
12965;7393;2
12966;8258;1
12967;4919;1
12968;5553;1
12969;6917;4
12970;5900;3
12971;5618;5
12972;2402;1
12973;6523;2
12974;7245;1
12975;4232;7
12976;2733;6
12977;6065;7
12978;5559;7
12979;6521;3
12980;6845;2
12981;4188;3
12982;8543;5
12983;5118;1
12984;6586;2
12985;7319;7
12986;6276;1
12987;1128;4
12988;8329;4
12989;6364;5
12990;8091;7
12991;5421;7
12992;7698;3
12993;2420;4
12994;7557;1
12995;5111;7
12996;2188;1
12997;8918;5
12998;6034;3
12999;6967;2
13000;3532;3
13001;3385;4
13002;5049;6
13003;4759;3
13004;4460;7
13005;6143;7
13006;6053;7
13007;4966;1
13008;5536;2
13009;5457;3
13010;4676;1
13011;5172;2
13012;6068;3
13013;8720;1
13014;2791;3
13015;8489;3
13016;8607;7
13017;5822;6
13018;1765;7
13019;2256;6
13020;5741;6
13021;5280;1
13022;1258;4
13023;4781;2
13024;1179;4
13025;8877;7
13026;7572;2
13027;8159;1
13028;6562;4
13029;3311;2
13030;8142;2
13031;8378;1
13032;6300;3
13033;1498;4
13034;7894;5
13035;7169;2
13036;7172;1
13037;2576;5
13038;3297;2
13039;5382;3
13040;1069;3
13041;1140;2
13042;6435;1
13043;4656;5
13044;8184;1
13045;5633;7
13046;2703;5
13047;1386;1
13048;2571;3
13049;3296;1
13050;6295;6
13051;8452;2
13052;1414;7
13053;7962;6
13054;7352;6
13055;4083;1
13056;3065;4
13057;7001;7
13058;1820;1
13059;3054;6
13060;3911;6
13061;8014;7
13062;5213;4
13063;3624;6
13064;4054;6
13065;4249;1
13066;6712;5
13067;8511;6
13068;8188;6
13069;5609;7
13070;1986;6
13071;6397;7
13072;6095;4
13073;2784;7
13074;2964;1
13075;1900;2
13076;7793;4
13077;7405;6
13078;1960;3
13079;6596;7
13080;1416;5
13081;7533;7
13082;5774;6
13083;8028;5
13084;1128;1
13085;3844;7
13086;8412;1
13087;5071;7
13088;3427;7
13089;5882;3
13090;1215;4
13091;7352;2
13092;5079;1
13093;3238;7
13094;4335;1
13095;2444;2
13096;2869;3
13097;8336;4
13098;6826;5
13099;2513;7
13100;5984;2
13101;1291;1
13102;8129;1
13103;1900;7
13104;5618;6
13105;6806;5
13106;7413;4
13107;2772;5
13108;4375;3
13109;1352;7
13110;1487;7
13111;1744;4
13112;3032;5
13113;4801;7
13114;4533;3
13115;2376;2
13116;3055;2
13117;6568;1
13118;1874;4
13119;6752;5
13120;7438;2
13121;4384;1
13122;5406;1
13123;7710;6
13124;3041;4
13125;3550;5
13126;6155;4
13127;5663;5
13128;7782;7
13129;7464;5
13130;4545;6
13131;8584;1
13132;7137;4
13133;7246;1
13134;7438;7
13135;1363;5
13136;5984;5
13137;7323;5
13138;2833;3
13139;5592;3
13140;5638;5
13141;1555;2
13142;2482;3
13143;5726;6
13144;1369;4
13145;8523;5
13146;2110;2
13147;7322;1
13148;5886;4
13149;2917;4
13150;6766;6
13151;6296;4
13152;7204;6
13153;1456;1
13154;4837;5
13155;8189;3
13156;1432;7
13157;3334;2
13158;2555;3
13159;2144;4
13160;2031;2
13161;4696;2
13162;5156;2
13163;7472;7
13164;1786;6
13165;6481;2
13166;4648;3
13167;2358;3
13168;8846;6
13169;4701;4
13170;7288;5
13171;1016;5
13172;2825;4
13173;3972;2
13174;5907;5
13175;2270;7
13176;6931;3
13177;1573;6
13178;1959;7
13179;1984;3
13180;5557;2
13181;6186;4
13182;2039;3
13183;7473;2
13184;3177;7
13185;4693;6
13186;3294;2
13187;5804;5
13188;4579;5
13189;4317;5
13190;7981;4
13191;4377;6
13192;7618;6
13193;5682;7
13194;1027;2
13195;1079;1
13196;4622;2
13197;5062;4
13198;5745;1
13199;6205;3
13200;7104;1
13201;5178;6
13202;4203;3
13203;4661;6
13204;7119;7
13205;3608;4
13206;6656;7
13207;5965;5
13208;1144;7
13209;2915;4
13210;3075;5
13211;1796;1
13212;6767;5
13213;1958;5
13214;1597;4
13215;7226;1
13216;7954;3
13217;4509;3
13218;6366;1
13219;3086;7
13220;3759;4
13221;8243;4
13222;6540;4
13223;7966;7
13224;5615;6
13225;7831;1
13226;8889;7
13227;2233;4
13228;8165;5
13229;1869;1
13230;5335;4
13231;6322;5
13232;1336;7
13233;7688;2
13234;2776;5
13235;2949;4
13236;4081;7
13237;4365;1
13238;6187;5
13239;6238;7
13240;7223;1
13241;3791;6
13242;3903;6
13243;3370;3
13244;7248;7
13245;7888;1
13246;1979;6
13247;1928;1
13248;7242;6
13249;5874;1
13250;3942;3
13251;8139;1
13252;5481;3
13253;4748;6
13254;6187;1
13255;1732;3
13256;7077;3
13257;8366;7
13258;5810;5
13259;2934;5
13260;1522;6
13261;8179;5
13262;2396;5
13263;6138;1
13264;7390;7
13265;5119;6
13266;6130;5
13267;2755;4
13268;2142;2
13269;3656;1
13270;4110;4
13271;2654;5
13272;3674;7
13273;2362;6
13274;2705;6
13275;2440;4
13276;2748;6
13277;7573;6
13278;2387;1
13279;5225;2
13280;1597;3
13281;1544;3
13282;8475;3
13283;5711;3
13284;7495;5
13285;3886;3
13286;7523;5
13287;2990;3
13288;2410;4
13289;2693;5
13290;6407;6
13291;7865;3
13292;1566;4
13293;1341;4
13294;8808;2
13295;6131;3
13296;3270;5
13297;5909;7
13298;2497;6
13299;7337;4
13300;3236;7
13301;6762;2
13302;7002;7
13303;4426;2
13304;7310;5
13305;5050;7
13306;6953;3
13307;4987;5
13308;5924;4
13309;3326;4
13310;6634;6
13311;3912;3
13312;3739;3
13313;8212;2
13314;1600;1
13315;7404;5
13316;3454;7
13317;7095;2
13318;8194;5
13319;3673;3
13320;3379;1
13321;2685;4
13322;1248;5
13323;5457;3
13324;3516;6
13325;8801;7
13326;3811;2
13327;2393;5
13328;3230;5
13329;2448;1
13330;7977;5
13331;3317;3
13332;6167;3
13333;3116;6
13334;4675;3
13335;8671;3
13336;6798;2
13337;5447;6
13338;7593;7
13339;5560;5
13340;6887;2
13341;3778;6
13342;2363;2
13343;8017;2
13344;4445;3
13345;7013;7
13346;2410;2
13347;3276;1
13348;5052;5
13349;2207;6
13350;4559;7
13351;6353;1
13352;3004;3
13353;7249;7
13354;1421;2
13355;2896;2
13356;8423;6
13357;5322;7
13358;3827;3
13359;2335;2
13360;7314;6
13361;6531;6
13362;4382;5
13363;1067;3
13364;8665;1
13365;4747;7
13366;4003;6
13367;5837;1
13368;6090;3
13369;4310;5
13370;3668;7
13371;8136;4
13372;7236;4
13373;3882;3
13374;6129;4
13375;3986;7
13376;8993;3
13377;7301;3
13378;7299;3
13379;1265;5
13380;7120;7
13381;4504;7
13382;6693;1
13383;8201;4
13384;7869;6
13385;5461;1
13386;6533;2
13387;4454;2
13388;5814;6
13389;4475;3
13390;6066;3
13391;1875;1
13392;8895;2
13393;2959;2
13394;2098;2
13395;7083;5
13396;8380;7
13397;2606;4
13398;7972;1
13399;8882;1
13400;4985;2
13401;1231;1
13402;5743;3
13403;3894;4
13404;3842;7
13405;5514;2
13406;5146;3
13407;5190;4
13408;8656;2
13409;7975;3
13410;2346;4
13411;5905;1
13412;3300;1
13413;8861;7
13414;8362;5
13415;6828;2
13416;7255;5
13417;1611;2
13418;2711;2
13419;2964;6
13420;6933;6
13421;1720;2
13422;1019;1
13423;8650;5
13424;3990;4
13425;6652;4
13426;5349;3
13427;2136;3
13428;5205;3
13429;4862;4
13430;7837;3
13431;8280;1
13432;2776;1
13433;5224;2
13434;7426;4
13435;5080;7
13436;1756;4
13437;6527;1
13438;1018;1
13439;6600;5
13440;8556;5
13441;4927;5
13442;1827;3
13443;2601;5
13444;3788;2
13445;8159;7
13446;4629;6
13447;7420;4
13448;3592;2
13449;5743;2
13450;4936;6
13451;2625;3
13452;1038;5
13453;2157;4
13454;1263;6
13455;4320;2
13456;7667;4
13457;5064;5
13458;5547;6
13459;2818;7
13460;3931;7
13461;7755;3
13462;2831;6
13463;7415;7
13464;8690;5
13465;5627;6
13466;4646;2
13467;2783;5
13468;2397;3
13469;8654;4
13470;6677;2
13471;8340;1
13472;4173;1
13473;3711;5
13474;8005;2
13475;7811;5
13476;4006;7
13477;7650;3
13478;8938;4
13479;1510;5
13480;1060;4
13481;6931;2
13482;8585;7
13483;3314;2
13484;1785;5
13485;4134;6
13486;3527;3
13487;7542;6
13488;6580;7
13489;2614;7
13490;3170;7
13491;3033;5
13492;5744;6
13493;2847;3
13494;7917;3
13495;2392;3
13496;1433;3
13497;7079;5
13498;8105;6
13499;7172;3
13500;1925;2
13501;1740;4
13502;6320;4
13503;7690;1
13504;1993;1
13505;6743;2
13506;6236;4
13507;5875;7
13508;2198;6
13509;8019;5
13510;8938;6
13511;1241;6
13512;6786;3
13513;6041;2
13514;6242;7
13515;2566;2
13516;1090;4
13517;6275;7
13518;2161;5
13519;8285;2
13520;6912;7
13521;6936;7
13522;3370;5
13523;2607;6
13524;4501;7
13525;3407;3
13526;5695;7
13527;5452;7
13528;4985;7
13529;3310;1
13530;5082;2
13531;4435;3
13532;3372;3
13533;6918;3
13534;8439;2
13535;7839;4
13536;5309;7
13537;5638;1
13538;2183;6
13539;5330;2
13540;1534;1
13541;2703;5
13542;2724;4
13543;6798;2
13544;8455;7
13545;5511;6
13546;6896;5
13547;8819;3
13548;6856;2
13549;3240;1
13550;1376;2
13551;1189;6
13552;7948;4
13553;5948;5
13554;3502;1
13555;1645;1
13556;5802;6
13557;3468;3
13558;3451;3
13559;2901;1
13560;7840;4
13561;4789;2
13562;4721;4
13563;6363;5
13564;7800;7
13565;6586;4
13566;5724;2
13567;7257;2
13568;2546;7
13569;3119;1
13570;1630;3
13571;5238;1
13572;4889;6
13573;2751;2
13574;2627;3
13575;2671;2
13576;1711;2
13577;3343;1
13578;6844;2
13579;3459;4
13580;5547;7
13581;6434;4
13582;4215;1
13583;6811;5
13584;3434;3
13585;3534;5
13586;4537;5
13587;4959;1
13588;5286;3
13589;6441;5
13590;2911;3
13591;8221;2
13592;7094;6
13593;5936;3
13594;7896;1
13595;6261;2
13596;3937;7
13597;8856;7
13598;4372;7
13599;8876;1
13600;5061;2
13601;1047;1
13602;5931;5
13603;5776;2
13604;2633;7
13605;3354;2
13606;1918;4
13607;4385;6
13608;4953;2
13609;1552;3
13610;6124;2
13611;8530;1
13612;7637;2
13613;4334;7
13614;3976;3
13615;7696;4
13616;3406;5
13617;7052;5
13618;2333;5
13619;5670;1
13620;1996;7
13621;3359;5
13622;1632;5
13623;3845;3
13624;6887;2
13625;5349;7
13626;8919;3
13627;5857;6
13628;4095;5
13629;3706;1
13630;4663;6
13631;1046;4
13632;5626;3
13633;3133;6
13634;2514;1
13635;7285;6
13636;3206;4
13637;1347;2
13638;8497;2
13639;6094;7
13640;7685;2
13641;4215;4
13642;8912;5
13643;8226;2
13644;2766;6
13645;2704;4
13646;2211;4
13647;4731;1
13648;7913;4
13649;4894;6
13650;5998;4
13651;1283;6
13652;1764;1
13653;5262;6
13654;8197;4
13655;1937;5
13656;5059;5
13657;5009;1
13658;8136;1
13659;5780;7
13660;3301;5
13661;1410;5
13662;4298;3
13663;4858;5
13664;3955;5
13665;1206;5
13666;1175;5
13667;4017;3
13668;5274;7
13669;5994;3
13670;1681;7
13671;4075;4
13672;7947;3
13673;3529;2
13674;5172;6
13675;6415;4
13676;6768;4
13677;6954;6
13678;8880;5
13679;2168;5
13680;6597;2
13681;7129;2
13682;1466;7
13683;4683;4
13684;2825;5
13685;7948;5
13686;7474;5
13687;6194;4
13688;5277;7
13689;2400;3
13690;8618;1
13691;2717;5
13692;3202;3
13693;6636;1
13694;4426;1
13695;4012;5
13696;7839;2
13697;6945;7
13698;7412;4
13699;5571;5
13700;1796;7
13701;1857;7
13702;8190;6
13703;3691;6
13704;2324;3
13705;3588;7
13706;4583;7
13707;8652;7
13708;2086;5
13709;8834;5
13710;5794;1
13711;4217;1
13712;1707;4
13713;8870;4
13714;6833;7
13715;3236;4
13716;5814;5
13717;3396;1
13718;2632;3
13719;2935;5
13720;2564;2
13721;7314;6
13722;1401;2
13723;5378;5
13724;3960;6
13725;7968;6
13726;4516;2
13727;6968;5
13728;3590;5
13729;6658;3
13730;2924;6
13731;7542;1
13732;3998;6
13733;8487;4
13734;6183;5
13735;7562;1
13736;3307;6
13737;5890;3
13738;1613;5
13739;5017;7
13740;4898;4
13741;3253;2
13742;3477;7
13743;6524;2
13744;7696;7
13745;8354;5
13746;3566;2
13747;7778;6
13748;1746;2
13749;5915;5
13750;6076;7
13751;2071;6
13752;4403;4
13753;6229;7
13754;4636;2
13755;2583;5
13756;1477;6
13757;1069;3
13758;7298;3
13759;5808;4
13760;7548;7
13761;2405;1
13762;7893;1
13763;6347;6
13764;7115;1
13765;6652;5
13766;8953;4
13767;4891;7
13768;3886;5
13769;5717;6
13770;4347;4
13771;1900;2
13772;8781;1
13773;7980;5
13774;7643;3
13775;3600;6
13776;7511;7
13777;4980;4
13778;7386;3
13779;5258;1
13780;8417;4
13781;1910;2
13782;6521;5
13783;4100;5
13784;8942;3
13785;1045;4
13786;8420;3
13787;4032;6
13788;2140;2
13789;4851;5
13790;7654;4
13791;8893;2
13792;2173;5
13793;2703;6
13794;2338;7
13795;7772;2
13796;7363;1
13797;2585;6
13798;1216;7
13799;8658;7
13800;6030;7
13801;4193;4
13802;7497;7
13803;3241;5
13804;2714;7
13805;6277;2
13806;5881;6
13807;1787;2
13808;2620;1
13809;8983;7
13810;1296;3
13811;8370;3
13812;6839;6
13813;5738;5
13814;3377;1
13815;7890;5
13816;7435;6
13817;8723;5
13818;2637;1
13819;1979;4
13820;4085;1
13821;3965;1
13822;6421;6
13823;3001;5
13824;6101;1
13825;3937;2
13826;7717;4
13827;6302;4
13828;3095;2
13829;1745;3
13830;6166;6
13831;3442;5
13832;1599;3
13833;3619;6
13834;1274;2
13835;2955;6
13836;1229;5
13837;2576;1
13838;1403;1
13839;7265;6
13840;4809;2
13841;7895;3
13842;5057;3
13843;8580;7
13844;4615;7
13845;4955;7
13846;4996;6
13847;2857;5
13848;5505;6
13849;4644;4
13850;7843;5
13851;5586;7
13852;4169;1
13853;1485;1
13854;2634;7
13855;1993;7
13856;1396;7
13857;2159;4
13858;6840;6
13859;4409;5
13860;8181;2
13861;1855;4
13862;5047;3
13863;2665;6
13864;4255;7
13865;3672;5
13866;4731;6
13867;3858;2
13868;4229;1
13869;2163;2
13870;3841;2
13871;3308;5
13872;4900;6
13873;8174;5
13874;7952;7
13875;6426;4
13876;1522;3
13877;6947;6
13878;8797;7
13879;8788;6
13880;8705;5
13881;7667;6
13882;4737;2
13883;2457;6
13884;8694;1
13885;8885;2
13886;7852;3
13887;8660;2
13888;2357;2
13889;7074;7
13890;8275;3
13891;2312;2
13892;6289;4
13893;1253;1
13894;6719;2
13895;6909;5
13896;4144;3
13897;8956;4
13898;7717;6
13899;4593;7
13900;7963;2
13901;2342;4
13902;1689;4
13903;8135;2
13904;1782;2
13905;8451;5
13906;2675;2
13907;6656;7
13908;8814;3
13909;2510;6
13910;5869;5
13911;2409;4
13912;7800;1
13913;4962;3
13914;7112;2
13915;3507;4
13916;6693;5
13917;7282;3
13918;6446;7
13919;8664;3
13920;6372;6
13921;2614;5
13922;7953;2
13923;1603;3
13924;1361;5
13925;7833;5
13926;3795;1
13927;4637;6
13928;3048;3
13929;2966;5
13930;8323;2
13931;6516;4
13932;4764;7
13933;7313;6
13934;6740;7
13935;6915;2
13936;1143;5
13937;1662;2
13938;3553;3
13939;7404;3
13940;3850;2
13941;3926;3
13942;3503;4
13943;8224;7
13944;6293;6
13945;3488;3
13946;2811;2
13947;7729;5
13948;7789;3
13949;7123;2
13950;4183;7
13951;5123;6
13952;1897;4
13953;4677;4
13954;2693;4
13955;1128;6
13956;8563;5
13957;8599;4
13958;7595;4
13959;8983;5
13960;8385;2
13961;8392;5
13962;6143;6
13963;3555;3
13964;4329;2
13965;8430;1
13966;4543;4
13967;8458;6
13968;3327;5
13969;8178;5
13970;6529;1
13971;2794;2
13972;8024;7
13973;2040;1
13974;7216;7
13975;2124;3
13976;3583;3
13977;7920;3
13978;5971;5
13979;6032;2
13980;1361;2
13981;2743;4
13982;7422;3
13983;2188;5
13984;1065;4
13985;7764;4
13986;2505;7
13987;4999;2
13988;5926;5
13989;3605;2
13990;7801;3
13991;2517;6
13992;4654;3
13993;1618;6
13994;2996;5
13995;5845;6
13996;5402;6
13997;2123;2
13998;5537;5
13999;5820;1
14000;2296;6
14001;4916;5
14002;4123;6
14003;7182;1
14004;1518;5
14005;6360;7
14006;1759;1
14007;1330;3
14008;1509;4
14009;4181;4
14010;6875;5
14011;5332;5
14012;2179;1
14013;3452;1
14014;8267;5
14015;6674;4
14016;7085;4
14017;4366;7
14018;4220;7
14019;5790;3
14020;2371;2
14021;2894;3
14022;2543;6
14023;4345;3
14024;1370;1
14025;5490;4
14026;1705;3
14027;4500;1
14028;8227;3
14029;3594;4
14030;7532;1
14031;5422;3
14032;3923;6
14033;8077;3
14034;3261;2
14035;4020;2
14036;8592;4
14037;2879;6
14038;7968;2
14039;6754;4
14040;4338;6
14041;7100;2
14042;1373;5
14043;8767;1
14044;2882;5
14045;6091;5
14046;1394;1
14047;3629;7
14048;6980;3
14049;1089;1
14050;7212;1
14051;3195;2
14052;8037;3
14053;5383;6
14054;7475;1
14055;5401;2
14056;1598;1
14057;8165;2
14058;3607;4
14059;8282;1
14060;1631;4
14061;5163;3
14062;1581;7
14063;8725;3
14064;5085;1
14065;2456;6
14066;7604;4
14067;6320;3
14068;1068;4
14069;8637;1
14070;4355;4
14071;7742;7
14072;8562;1
14073;2177;5
14074;8740;1
14075;6210;6
14076;1459;3
14077;4203;7
14078;4185;5
14079;1081;4
14080;3195;6
14081;3799;1
14082;7184;2
14083;3956;6
14084;3444;1
14085;4846;3
14086;6784;4
14087;3500;3
14088;2547;7
14089;2820;5
14090;2273;7
14091;3840;5
14092;2828;7
14093;7758;2
14094;3561;2
14095;1949;1
14096;2972;3
14097;6545;3
14098;8653;4
14099;5911;2
14100;8146;7
14101;8208;2
14102;1426;7
14103;5863;5
14104;5320;3
14105;1548;1
14106;7238;4
14107;4927;7
14108;4556;2
14109;3076;5
14110;1760;6
14111;3233;5
14112;1903;6
14113;1575;3
14114;4382;3
14115;4894;7
14116;7982;2
14117;4028;5
14118;5833;2
14119;8516;2
14120;2317;7
14121;4895;5
14122;4847;4
14123;2573;2
14124;6139;1
14125;8639;4
14126;4255;5
14127;7270;4
14128;1384;2
14129;6084;5
14130;2642;4
14131;7856;3
14132;1255;1
14133;3018;2
14134;1804;5
14135;3964;1
14136;3928;5
14137;7544;3
14138;8138;3
14139;1364;7
14140;2456;4
14141;1707;1
14142;7560;4
14143;5888;4
14144;1405;1
14145;6624;3
14146;1760;3
14147;5140;2
14148;5329;6
14149;8005;7
14150;1870;1
14151;5641;4
14152;8010;5
14153;5534;4
14154;7335;5
14155;7164;5
14156;1943;7
14157;8039;4
14158;7600;3
14159;3050;1
14160;6715;6
14161;7707;4
14162;1558;7
14163;3162;6
14164;8802;6
14165;3002;5
14166;2310;3
14167;7311;1
14168;5143;3
14169;6826;3
14170;7257;3
14171;2902;5
14172;6971;5
14173;2145;6
14174;4624;1
14175;7681;7
14176;2249;7
14177;1645;4
14178;6554;5
14179;7548;4
14180;5248;6
14181;3580;1
14182;7011;5
14183;6583;1
14184;2159;4
14185;2281;3
14186;1589;1
14187;1092;3
14188;3269;4
14189;5644;1
14190;3260;1
14191;8124;7
14192;8982;1
14193;5801;5
14194;2209;4
14195;4443;6
14196;5940;4
14197;4973;4
14198;5010;5
14199;4206;7
14200;7212;6
14201;7520;1
14202;4237;6
14203;7760;6
14204;2924;1
14205;2410;6
14206;2004;7
14207;1009;2
14208;6241;1
14209;5636;1
14210;8627;5
14211;6417;4
14212;1852;6
14213;7067;6
14214;2967;1
14215;6835;7
14216;3225;3
14217;7537;3
14218;5064;1
14219;4152;1
14220;7198;2
14221;8803;7
14222;7858;3
14223;8854;4
14224;7104;1
14225;7640;4
14226;4256;5
14227;2623;1
14228;7600;2
14229;8527;1
14230;8679;7
14231;5874;7
14232;1619;6
14233;1650;2
14234;6907;4
14235;5899;5
14236;1462;2
14237;4916;5
14238;5460;3
14239;6621;5
14240;1252;1
14241;5594;5
14242;1557;5
14243;5319;2
14244;6589;6
14245;1094;4
14246;7025;4
14247;5201;7
14248;8217;1
14249;5594;7
14250;3324;5
14251;5431;7
14252;3328;5
14253;3103;3
14254;2136;6
14255;5659;3
14256;4212;3
14257;6387;6
14258;1328;4
14259;1737;5
14260;6955;1
14261;1100;7
14262;3369;2
14263;3624;6
14264;6679;7
14265;7773;7
14266;4156;3
14267;8694;7
14268;7653;7
14269;5874;5
14270;4301;5
14271;8787;5
14272;2986;7
14273;7177;6
14274;3195;2
14275;1467;4
14276;4976;3
14277;8370;6
14278;6933;6
14279;3006;3
14280;2225;7
14281;6332;3
14282;8314;7
14283;4954;5
14284;1678;5
14285;3908;6
14286;2565;6
14287;4406;2
14288;6812;4
14289;8412;4
14290;1669;6
14291;2052;1
14292;7913;5
14293;5971;6
14294;6000;7
14295;2613;1
14296;5880;3
14297;1623;2
14298;1884;1
14299;6708;1
14300;3286;3
14301;3544;3
14302;3741;4
14303;2316;1
14304;2018;3
14305;2098;5
14306;4332;3
14307;6985;1
14308;1650;5
14309;2386;6
14310;1472;7
14311;7180;2
14312;5560;2
14313;1362;6
14314;5284;4
14315;4769;6
14316;2135;7
14317;7916;5
14318;5970;2
14319;3065;3
14320;7295;2
14321;1438;5
14322;4720;6
14323;4076;4
14324;5966;4
14325;6429;1
14326;2581;5
14327;5269;1
14328;6266;4
14329;6081;4
14330;6819;6
14331;8019;5
14332;6752;3
14333;6419;1
14334;1386;7
14335;6823;7
14336;8015;6
14337;5453;1
14338;5924;6
14339;8754;1
14340;5977;3
14341;1694;3
14342;2796;6
14343;5124;1
14344;2557;3
14345;1189;6
14346;7205;6
14347;2305;6
14348;1802;5
14349;7239;3
14350;1174;5
14351;5689;3
14352;6884;3
14353;8388;4
14354;5627;6
14355;8282;7
14356;3518;2
14357;6828;2
14358;6408;4
14359;7605;3
14360;4862;2
14361;6191;2
14362;2915;6
14363;7348;1
14364;4829;3
14365;2734;3
14366;3416;3
14367;1697;3
14368;6426;5
14369;6265;7
14370;2798;4
14371;1663;2
14372;8776;1
14373;3676;2
14374;6296;1
14375;4917;2
14376;3178;6
14377;2779;6
14378;7438;3
14379;1932;3
14380;3339;1
14381;6854;6
14382;1893;5
14383;1229;3
14384;1539;7
14385;8520;7
14386;6535;3
14387;5316;4
14388;6989;6
14389;8231;4
14390;4426;4
14391;4513;3
14392;1686;7
14393;8360;1
14394;1255;5
14395;1056;2
14396;4885;1
14397;2009;4
14398;2529;3
14399;1513;6
14400;6218;2
14401;1402;1
14402;1288;3
14403;8116;6
14404;2643;7
14405;6715;5
14406;2308;6
14407;7949;2
14408;7226;1
14409;1642;4
14410;4403;3
14411;7362;2
14412;8814;5
14413;7671;2
14414;1824;2
14415;2537;1
14416;6952;2
14417;3235;2
14418;1296;5
14419;7359;1
14420;4931;1
14421;3896;2
14422;8528;2
14423;5058;2
14424;5935;2
14425;4910;6
14426;2791;1
14427;8903;6
14428;5185;7
14429;8320;1
14430;7133;1
14431;4648;5
14432;3456;3
14433;8200;2
14434;3169;7
14435;2326;2
14436;3390;6
14437;6333;7
14438;3446;6
14439;6785;3
14440;5740;6
14441;4692;5
14442;2850;5
14443;3429;1
14444;8870;2
14445;4215;4
14446;1428;6
14447;5354;5
14448;3744;6
14449;2216;7
14450;6789;6
14451;7574;1
14452;2438;1
14453;6355;6
14454;2229;1
14455;3243;7
14456;7121;1
14457;2998;7
14458;3800;1
14459;3529;1
14460;8064;3
14461;7471;5
14462;3983;2
14463;5962;7
14464;3365;2
14465;7334;2
14466;5947;4
14467;6483;3
14468;6524;5
14469;2842;7
14470;1774;5
14471;6243;3
14472;7585;1
14473;2673;3
14474;6003;3
14475;7453;4
14476;1335;2
14477;5167;3
14478;5992;6
14479;3671;7
14480;1263;7
14481;8040;5
14482;1501;4
14483;5853;2
14484;2709;6
14485;6837;3
14486;7677;7
14487;5601;1
14488;1271;7
14489;1180;4
14490;5698;3
14491;1884;7
14492;6665;6
14493;4414;2
14494;7376;5
14495;4917;1
14496;1817;1
14497;3859;6
14498;3508;5
14499;8295;5
14500;8904;3
14501;5655;7
14502;6520;4
14503;3466;4
14504;1904;6
14505;7705;5
14506;3630;3
14507;7609;6
14508;2025;2
14509;1664;6
14510;3731;3
14511;5845;5
14512;1154;3
14513;7055;5
14514;5241;1
14515;5134;6
14516;3508;4
14517;3702;5
14518;8092;7
14519;1290;6
14520;7491;4
14521;6867;7
14522;6570;5
14523;4028;4
14524;2037;6
14525;1065;5
14526;2758;2
14527;5578;5
14528;7984;6
14529;2513;4
14530;6628;3
14531;3013;2
14532;5359;7
14533;1567;2
14534;2581;3
14535;5949;4
14536;3826;2
14537;2265;5
14538;8627;5
14539;3461;7
14540;6669;4
14541;3654;3
14542;1474;4
14543;5874;4
14544;8850;5
14545;8622;7
14546;8413;4
14547;7881;3
14548;6454;7
14549;7601;6
14550;8300;7
14551;4923;1
14552;8882;2
14553;6239;2
14554;2261;1
14555;2653;4
14556;2406;1
14557;2822;6
14558;7150;1
14559;5066;6
14560;1427;7
14561;6544;3
14562;5200;6
14563;4235;4
14564;4610;6
14565;4574;4
14566;7202;2
14567;8955;3
14568;2885;1
14569;4379;6
14570;6505;1
14571;6361;3
14572;8376;7
14573;4001;1
14574;2963;4
14575;7318;4
14576;8057;5
14577;4681;4
14578;3785;7
14579;5008;3
14580;3559;3
14581;2808;5
14582;3316;7
14583;2705;4
14584;5556;3
14585;2972;2
14586;4655;7
14587;4602;2
14588;7779;2
14589;2558;2
14590;6301;7
14591;7735;5
14592;7740;2
14593;1687;7
14594;6770;5
14595;7301;2
14596;4519;5
14597;4603;6
14598;5639;3
14599;2251;7
14600;8416;6
14601;2247;1
14602;6566;5
14603;3052;7
14604;6164;6
14605;1809;3
14606;8875;7
14607;7841;3
14608;1490;1
14609;6870;5
14610;7542;4
14611;1612;6
14612;7317;5
14613;5654;6
14614;8992;5
14615;3634;1
14616;2865;3
14617;8119;6
14618;3192;2
14619;6669;2
14620;7510;1
14621;2024;6
14622;5824;3
14623;3094;7
14624;1044;3
14625;2106;3
14626;4522;6
14627;7630;7
14628;5216;2
14629;6364;3
14630;7398;2
14631;2674;1
14632;7170;5
14633;7992;5
14634;7203;4
14635;5495;1
14636;1745;3
14637;7561;1
14638;1947;7
14639;1558;6
14640;8852;1
14641;3264;2
14642;6145;7
14643;1153;4
14644;2987;4
14645;6691;2
14646;3573;5
14647;4826;6
14648;3665;1
14649;5546;3
14650;3033;2
14651;5129;7
14652;1199;1
14653;7967;4
14654;2470;4
14655;8265;3
14656;4103;2
14657;5802;7
14658;2692;1
14659;3989;1
14660;3143;2
14661;6257;7
14662;8648;3
14663;4024;2
14664;3243;5
14665;3779;4
14666;3925;5
14667;6546;6
14668;1226;7
14669;1470;7
14670;4801;3
14671;8240;1
14672;1258;2
14673;4203;2
14674;5146;7
14675;1244;4
14676;7319;1
14677;5624;6
14678;2261;6
14679;7660;5
14680;6843;3
14681;8683;5
14682;2560;5
14683;7896;4
14684;4385;4
14685;2787;5
14686;3475;6
14687;2777;3
14688;1626;1
14689;2219;2
14690;7232;6
14691;4881;1
14692;1845;3
14693;4073;5
14694;5970;2
14695;8975;7
14696;6082;5
14697;8212;5
14698;6593;4
14699;2541;3
14700;8955;6
14701;2420;5
14702;2437;5
14703;6347;1
14704;3727;5
14705;8213;4
14706;7368;2
14707;4954;7
14708;4192;6
14709;5511;4
14710;6543;1
14711;6459;7
14712;1512;4
14713;7282;3
14714;5704;7
14715;5893;6
14716;8932;5
14717;5838;6
14718;1348;3
14719;4568;2
14720;1241;6
14721;1252;7
14722;7635;6
14723;5671;1
14724;2853;5
14725;2079;3
14726;2325;5
14727;4980;6
14728;4498;5
14729;7451;6
14730;5810;4
14731;2319;6
14732;6517;1
14733;8682;5
14734;2107;6
14735;6826;4
14736;2038;2
14737;6113;2
14738;7265;6
14739;6338;2
14740;2677;7
14741;8403;7
14742;1048;6
14743;2693;7
14744;1298;1
14745;8501;5
14746;1237;3
14747;2852;1
14748;3590;6
14749;1013;7
14750;5234;1
14751;6845;6
14752;3420;2
14753;6320;5
14754;3979;5
14755;8380;5
14756;3196;3
14757;8534;1
14758;1631;4
14759;7544;2
14760;2559;1
14761;2283;4
14762;1464;5
14763;2989;7
14764;1249;1
14765;6679;6
14766;2265;3
14767;5072;5
14768;2304;2
14769;6946;4
14770;3143;6
14771;8595;2
14772;2581;4
14773;4226;5
14774;5167;4
14775;7904;4
14776;4327;2
14777;8108;7
14778;5852;1
14779;6773;6
14780;7107;6
14781;8639;1
14782;5225;6
14783;2911;4
14784;3728;3
14785;8679;4
14786;1782;5
14787;5332;4
14788;6843;3
14789;2858;3
14790;7101;5
14791;7729;2
14792;3079;6
14793;3480;2
14794;3868;5
14795;5201;4
14796;8814;7
14797;6384;6
14798;8176;6
14799;7118;5
14800;3478;3
14801;8119;2
14802;2620;3
14803;1833;3
14804;8752;5
14805;2445;7
14806;8052;5
14807;1836;7
14808;5081;6
14809;8148;2
14810;8573;7
14811;1354;5
14812;6628;5
14813;3680;7
14814;4266;7
14815;8198;3
14816;3467;2
14817;1337;4
14818;5863;2
14819;2949;4
14820;1584;4
14821;4308;1
14822;2469;4
14823;6012;2
14824;3222;3
14825;2998;3
14826;8595;4
14827;1342;4
14828;3443;7
14829;7378;3
14830;8890;7
14831;7416;7
14832;6874;3
14833;3901;7
14834;3218;2
14835;1427;3
14836;7709;6
14837;1155;1
14838;4872;2
14839;2097;2
14840;7277;6
14841;2664;6
14842;4632;4
14843;5553;1
14844;1411;5
14845;3789;2
14846;7338;2
14847;5971;2
14848;4667;3
14849;1551;1
14850;2016;1
14851;8034;2
14852;8923;5
14853;4672;7
14854;8419;7
14855;5928;6
14856;1590;1
14857;7469;3
14858;8668;1
14859;7234;2
14860;1469;5
14861;6831;1
14862;4311;5
14863;3526;4
14864;7374;2
14865;3797;1
14866;1639;4
14867;5059;1
14868;1542;6
14869;5998;6
14870;2913;5
14871;6772;5
14872;8464;6
14873;1589;2
14874;1423;3
14875;2698;3
14876;2026;5
14877;4171;2
14878;2928;2
14879;2337;4
14880;4410;4
14881;1035;3
14882;8299;5
14883;4520;5
14884;5324;3
14885;8546;5
14886;8544;6
14887;8048;1
14888;1738;2
14889;6568;5
14890;1357;1
14891;8361;4
14892;8417;6
14893;3888;2
14894;8215;6
14895;5622;3
14896;5867;2
14897;8558;4
14898;4360;1
14899;8650;7
14900;5034;5
14901;6113;2
14902;6037;3
14903;1007;7
14904;2865;3
14905;5575;2
14906;3350;5
14907;6105;7
14908;3448;2
14909;4265;7
14910;7700;7
14911;2676;5
14912;5635;1
14913;2612;1
14914;7737;3
14915;4329;7
14916;5826;4
14917;4563;7
14918;6886;2
14919;4383;6
14920;5458;1
14921;7427;5
14922;6713;3
14923;6985;5
14924;3918;7
14925;6790;7
14926;4797;6
14927;3036;5
14928;4328;6
14929;3314;4
14930;8268;2
14931;5211;7
14932;5003;2
14933;8599;7
14934;6589;1
14935;7304;7
14936;6386;7
14937;6375;2
14938;2664;2
14939;7343;3
14940;8399;3
14941;7049;4
14942;6103;7
14943;5977;2
14944;5390;7
14945;6886;6
14946;5698;7
14947;8211;3
14948;1441;7
14949;1172;1
14950;5420;4
14951;3248;3
14952;8366;2
14953;6878;3
14954;1925;1
14955;6460;6
14956;5298;5
14957;7642;4
14958;5924;3
14959;2264;7
14960;8536;6
14961;4880;2
14962;8649;3
14963;3366;2
14964;1500;3
14965;8227;1
14966;8747;2
14967;1070;1
14968;6561;7
14969;2680;2
14970;8192;3
14971;6415;6
14972;8560;4
14973;1126;3
14974;6016;7
14975;2246;3
14976;3192;1
14977;4868;4
14978;4165;2
14979;5567;4
14980;7394;5
14981;2016;6
14982;6580;6
14983;6369;2
14984;8844;5
14985;4644;2
14986;1001;6
14987;5682;5
14988;2974;1
14989;1043;7
14990;7885;7
14991;6308;5
14992;6493;3
14993;3559;7
14994;3649;7
14995;4623;5
14996;4427;3
14997;1861;6
14998;7667;4
14999;5228;1
15000;5984;4
15001;4281;1
15002;3981;6
15003;7422;1
15004;3588;1
15005;5147;5
15006;7717;6
15007;1776;7
15008;7127;6
15009;3016;7
15010;5705;5
15011;3488;4
15012;7368;6
15013;4410;3
15014;5036;4
15015;5714;2
15016;3233;7
15017;6482;7
15018;2148;3
15019;4114;1
15020;5794;3
15021;3820;7
15022;8905;2
15023;1030;3
15024;8891;5
15025;3825;3
15026;1179;1
15027;4373;6
15028;3653;6
15029;1677;3
15030;8767;4
15031;8196;4
15032;6201;2
15033;4619;2
15034;5764;1
15035;1836;1
15036;6518;4
15037;2116;7
15038;6484;4
15039;7615;1
15040;1069;3
15041;2025;7
15042;4345;4
15043;2433;5
15044;5579;3
15045;7339;6
15046;8973;4
15047;7044;5
15048;1745;4
15049;5811;2
15050;5772;4
15051;1525;1
15052;8243;6
15053;7117;3
15054;8260;1
15055;5937;6
15056;1986;2
15057;4209;2
15058;8501;6
15059;8779;5
15060;5325;6
15061;6479;1
15062;6679;1
15063;5655;6
15064;6692;2
15065;2757;4
15066;6757;7
15067;2648;7
15068;1198;6
15069;2339;7
15070;8448;3
15071;2723;4
15072;4919;3
15073;2092;3
15074;5020;3
15075;6606;5
15076;6101;3
15077;7928;7
15078;7901;6
15079;2725;1
15080;1608;3
15081;1510;1
15082;2833;4
15083;8828;5
15084;4442;6
15085;4075;1
15086;4346;2
15087;2078;2
15088;1847;3
15089;5423;1
15090;1448;4
15091;4324;6
15092;2123;4
15093;3446;5
15094;1670;3
15095;3956;2
15096;8905;5
15097;1080;5
15098;3054;6
15099;5661;2
15100;7998;2
15101;7451;7
15102;8160;2
15103;3168;1
15104;1514;3
15105;1566;5
15106;5777;4
15107;5816;3
15108;2029;6
15109;2578;6
15110;3765;1
15111;7275;1
15112;3836;5
15113;4225;6
15114;4332;3
15115;2299;4
15116;6996;1
15117;4295;5
15118;2689;4
15119;2481;1
15120;3593;6
15121;2468;6
15122;1377;4
15123;6402;6
15124;7774;3
15125;6200;7
15126;4514;3
15127;3587;3
15128;6504;6
15129;7290;4
15130;5276;4
15131;2656;1
15132;3229;4
15133;8113;1
15134;5145;6
15135;8238;4
15136;8915;4
15137;3562;4
15138;5476;4
15139;2420;1
15140;5826;1
15141;4984;2
15142;7944;7
15143;6639;6
15144;1545;5
15145;6066;4
15146;4195;6
15147;6340;1
15148;7500;2
15149;2158;6
15150;4814;3
15151;8255;4
15152;8753;4
15153;6820;4
15154;7286;6
15155;4546;7
15156;6790;6
15157;2896;4
15158;3987;1
15159;7287;2
15160;6212;4
15161;6439;2
15162;1463;3
15163;3654;5
15164;7652;1
15165;2117;4
15166;7725;2
15167;8899;3
15168;2146;4
15169;5313;4
15170;2891;1
15171;8150;5
15172;1792;3
15173;7446;7
15174;4583;6
15175;3591;6
15176;7272;1
15177;5313;7
15178;5417;5
15179;5105;4
15180;3898;6
15181;6536;2
15182;6966;6
15183;3366;3
15184;8454;4
15185;7816;2
15186;4649;2
15187;3186;5
15188;6947;1
15189;2812;5
15190;8627;4
15191;6674;6
15192;6515;1
15193;7691;2
15194;3260;1
15195;1985;5
15196;8881;5
15197;4197;6
15198;1434;7
15199;6926;5
15200;2195;3
15201;6997;7
15202;4846;4
15203;6046;1
15204;2816;5
15205;2310;4
15206;5476;1
15207;4527;3
15208;2123;3
15209;3117;6
15210;3732;2
15211;5975;2
15212;5237;5
15213;6528;3
15214;2011;6
15215;6110;5
15216;6858;6
15217;5465;6
15218;1070;7
15219;3767;4
15220;3196;2
15221;6051;2
15222;3978;6
15223;4998;7
15224;2127;5
15225;7043;5
15226;4453;6
15227;7408;5
15228;1832;7
15229;6509;2
15230;4653;2
15231;5355;4
15232;1054;2
15233;7326;1
15234;8076;2
15235;1684;4
15236;5370;2
15237;2001;2
15238;1040;1
15239;2700;3
15240;7366;5
15241;4863;3
15242;4682;4
15243;6317;6
15244;3317;6
15245;3292;2
15246;3272;1
15247;6807;4
15248;5556;5
15249;8159;3
15250;8322;3
15251;3388;4
15252;8230;2
15253;3298;1
15254;2366;4
15255;8692;1
15256;1797;1
15257;6234;7
15258;7676;3
15259;1396;1
15260;5607;1
15261;4501;4
15262;2345;2
15263;2401;4
15264;4380;1
15265;4970;7
15266;1923;6
15267;4489;6
15268;7646;4
15269;8899;5
15270;8534;4
15271;7985;7
15272;3179;6
15273;2237;1
15274;2578;5
15275;5768;3
15276;6486;4
15277;5109;2
15278;4795;7
15279;8019;6
15280;1279;1
15281;7766;3
15282;7811;5
15283;3966;5
15284;1005;5
15285;6723;7
15286;3611;1
15287;5624;4
15288;6296;1
15289;7017;4
15290;7827;1
15291;6161;3
15292;5881;2
15293;6867;2
15294;8822;7
15295;2889;2
15296;1339;5
15297;1255;3
15298;5608;3
15299;1757;7
15300;6368;1
15301;5021;7
15302;4539;3
15303;7439;5
15304;2836;3
15305;8279;4
15306;2886;3
15307;6133;4
15308;7678;1
15309;8892;6
15310;2836;6
15311;3166;5
15312;6083;6
15313;4764;6
15314;2508;4
15315;1919;7
15316;6734;7
15317;6719;4
15318;3651;6
15319;4641;4
15320;3032;1
15321;1231;6
15322;4657;2
15323;7170;6
15324;6973;7
15325;2295;7
15326;1816;1
15327;5307;5
15328;4970;7
15329;7902;7
15330;6668;4
15331;8397;5
15332;3184;1
15333;8759;3
15334;4938;5
15335;5810;1
15336;4767;1
15337;5074;6
15338;5990;6
15339;6984;4
15340;2323;6
15341;5321;3
15342;1978;5
15343;3896;4
15344;5958;5
15345;5820;6
15346;3200;2
15347;8649;3
15348;1119;6
15349;4030;7
15350;5086;7
15351;1376;5
15352;2878;6
15353;2372;7
15354;5762;3
15355;2947;3
15356;3561;4
15357;8676;5
15358;3490;7
15359;8750;2
15360;8368;5
15361;2096;3
15362;6033;1
15363;7607;3
15364;1688;5
15365;1589;4
15366;8550;4
15367;5851;5
15368;8245;2
15369;3966;6
15370;6035;5
15371;2560;4
15372;6500;6
15373;3105;7
15374;3671;5
15375;8363;1
15376;8389;1
15377;5141;6
15378;6733;6
15379;2236;6
15380;7967;5
15381;7915;3
15382;6287;1
15383;7082;1
15384;4600;5
15385;3539;1
15386;8753;5
15387;6376;2
15388;7814;4
15389;2675;2
15390;5908;2
15391;5083;2
15392;6850;3
15393;2570;7
15394;8802;6
15395;3154;7
15396;7773;6
15397;5670;2
15398;1377;3
15399;2108;4
15400;4508;3
15401;2200;6
15402;3246;4
15403;8709;4
15404;5081;2
15405;1181;7
15406;6826;3
15407;3037;6
15408;6289;7
15409;1602;1
15410;7838;1
15411;7465;1
15412;2371;4
15413;8767;7
15414;3260;4
15415;8492;2
15416;2182;2
15417;4588;3
15418;8737;6
15419;2515;6
15420;4799;7
15421;7215;4
15422;4163;7
15423;5820;4
15424;7036;2
15425;1692;3
15426;5160;7
15427;4087;7
15428;4350;2
15429;4729;5
15430;8075;3
15431;8622;6
15432;8033;1
15433;2693;1
15434;5814;2
15435;3195;4
15436;8706;5
15437;7601;1
15438;5760;6
15439;4231;1
15440;4954;3
15441;8556;4
15442;1432;5
15443;3881;2
15444;4314;6
15445;1888;1
15446;4806;6
15447;4440;2
15448;6033;2
15449;6166;1
15450;6484;2
15451;7564;6
15452;4405;5
15453;2248;5
15454;7080;2
15455;6178;2
15456;1417;2
15457;8519;7
15458;2258;1
15459;7633;4
15460;1022;4
15461;7734;1
15462;2028;1
15463;2998;3
15464;1920;3
15465;1397;5
15466;8957;1
15467;5777;6
15468;3572;2
15469;1919;6
15470;3752;3
15471;6105;2
15472;5458;1
15473;7267;7
15474;8416;2
15475;4286;6
15476;7592;2
15477;3523;6
15478;5125;1
15479;7360;5
15480;2884;4
15481;7472;6
15482;1937;7
15483;1316;5
15484;2443;4
15485;2190;1
15486;3604;3
15487;1187;3
15488;3943;2
15489;7347;7
15490;7393;7
15491;7953;4
15492;1249;4
15493;5140;6
15494;3679;4
15495;4664;3
15496;6433;6
15497;4437;6
15498;3271;2
15499;2410;5
15500;2934;1
15501;4141;6
15502;6647;7
15503;2557;6
15504;8531;6
15505;7889;5
15506;1190;5
15507;5164;4
15508;1541;1
15509;6392;5
15510;6193;2
15511;4383;2
15512;1587;3
15513;5171;3
15514;6458;2
15515;5404;7
15516;3619;4
15517;8850;3
15518;4821;2
15519;8972;4
15520;7898;5
15521;8209;3
15522;7178;2
15523;8130;5
15524;7042;4
15525;8215;2
15526;7719;5
15527;7234;4
15528;1270;3
15529;7980;4
15530;7013;1
15531;5683;6
15532;5805;1
15533;5139;4
15534;8615;1
15535;4390;4
15536;6194;4
15537;6510;2
15538;4919;2
15539;7210;1
15540;1727;4
15541;2746;2
15542;3063;2
15543;8365;4
15544;2817;6
15545;8363;4
15546;1058;1
15547;3539;2
15548;6568;6
15549;1030;4
15550;2241;6
15551;2534;4
15552;2483;1
15553;2147;5
15554;7470;7
15555;7093;7
15556;6699;3
15557;4675;1
15558;7672;5
15559;4910;5
15560;4884;6
15561;7467;3
15562;4272;2
15563;2533;6
15564;1857;2
15565;2825;1
15566;8291;7
15567;2004;7
15568;2703;6
15569;4936;1
15570;5331;4
15571;8294;6
15572;4585;5
15573;7863;6
15574;3206;1
15575;4106;2
15576;2590;6
15577;4013;5
15578;3750;1
15579;3606;5
15580;1663;7
15581;6879;1
15582;8140;1
15583;7265;2
15584;2348;1
15585;2719;4
15586;1699;2
15587;6484;3
15588;3397;1
15589;2269;6
15590;6173;1
15591;6319;4
15592;2895;5
15593;3447;2
15594;2255;1
15595;5556;5
15596;5281;7
15597;7196;3
15598;1201;7
15599;1009;7
15600;5975;1
15601;3191;2
15602;8949;2
15603;8122;4
15604;3987;2
15605;7305;7
15606;6275;6
15607;3767;6
15608;4287;2
15609;2598;6
15610;5897;6
15611;2584;6
15612;8973;1
15613;4942;2
15614;4634;1
15615;4964;4
15616;1502;7
15617;8044;2
15618;5280;6
15619;5830;1
15620;3616;5
15621;3270;5
15622;6482;6
15623;2783;6
15624;8625;2
15625;5148;7
15626;5266;5
15627;4585;5
15628;1307;2
15629;2067;4
15630;6104;5
15631;5437;2
15632;4773;4
15633;8672;2
15634;2611;1
15635;1611;2
15636;1946;2
15637;6357;4
15638;7461;5
15639;4002;7
15640;1370;5
15641;6733;4
15642;7532;5
15643;5084;4
15644;1909;1
15645;5950;4
15646;7742;2
15647;7749;1
15648;4083;7
15649;8408;7
15650;3503;3
15651;2571;4
15652;2198;5
15653;4077;4
15654;7104;1
15655;1983;1
15656;2139;3
15657;6074;2
15658;2730;4
15659;8499;2
15660;8113;7
15661;8839;1
15662;3762;2
15663;2977;6
15664;4104;4
15665;2012;5
15666;3016;5
15667;5134;6
15668;2845;1
15669;3758;4
15670;2448;6
15671;4121;2
15672;7953;3
15673;1470;7
15674;1914;5
15675;8382;2
15676;5119;7
15677;6561;4
15678;3798;3
15679;6490;1
15680;7633;7
15681;6998;6
15682;1213;2
15683;8429;6
15684;8065;7
15685;3125;7
15686;8373;6
15687;1598;3
15688;8984;3
15689;4207;4
15690;4927;2
15691;4593;6
15692;3326;4
15693;1217;4
15694;3002;1
15695;7249;5
15696;8978;5
15697;4319;3
15698;3528;4
15699;3423;1
15700;3610;2
15701;2262;4
15702;5337;3
15703;8092;2
15704;7262;2
15705;5911;2
15706;5159;7
15707;4148;2
15708;2897;1
15709;5280;6
15710;6107;1
15711;1861;7
15712;2811;7
15713;5676;3
15714;2384;4
15715;6530;6
15716;3864;2
15717;1404;6
15718;4621;6
15719;2149;2
15720;2175;3
15721;5494;2
15722;7651;5
15723;3782;7
15724;2600;5
15725;1486;1
15726;5610;4
15727;8100;6
15728;8746;2
15729;8304;1
15730;8146;6
15731;6196;2
15732;8505;3
15733;8486;4
15734;7521;5
15735;1626;2
15736;8709;7
15737;3610;7
15738;7629;3
15739;1883;7
15740;6851;3
15741;1704;3
15742;7659;2
15743;5619;1
15744;2006;6
15745;2776;5
15746;8404;4
15747;4429;3
15748;1685;3
15749;5240;3
15750;6010;1
15751;5689;5
15752;3967;3
15753;2953;1
15754;8569;3
15755;5390;3
15756;3145;4
15757;2697;1
15758;5613;6
15759;8433;4
15760;3178;2
15761;2726;7
15762;7362;6
15763;7339;4
15764;5424;1
15765;5538;5
15766;6488;6
15767;4775;5
15768;6355;6
15769;7671;1
15770;4632;4
15771;2441;3
15772;4805;4
15773;7189;1
15774;2908;7
15775;2085;4
15776;6915;4
15777;4752;3
15778;2670;5
15779;3541;1
15780;5967;6
15781;7845;2
15782;1325;6
15783;7582;2
15784;1678;3
15785;5088;7
15786;8447;3
15787;1839;3
15788;3095;4
15789;3565;6
15790;5900;7
15791;5086;1
15792;3375;3
15793;7501;3
15794;6454;6
15795;5567;7
15796;3721;2
15797;1817;2
15798;6127;1
15799;6467;7
15800;1277;4
15801;6208;4
15802;4276;7
15803;1407;2
15804;6601;1
15805;3480;4
15806;1381;6
15807;3835;3
15808;3503;3
15809;1739;7
15810;4127;4
15811;5975;5
15812;4323;2
15813;3252;7
15814;4853;7
15815;7058;2
15816;7335;7
15817;5588;5
15818;3627;4
15819;7027;7
15820;4495;1
15821;4045;3
15822;7434;1
15823;3540;4
15824;2253;7
15825;2349;3
15826;8098;6
15827;3864;2
15828;3586;5
15829;8010;5
15830;5756;3
15831;8977;4
15832;1114;1
15833;5934;7
15834;8254;4
15835;4665;6
15836;2332;2
15837;5895;5
15838;3833;5
15839;4669;6
15840;4645;7
15841;2628;3
15842;2329;1
15843;8429;5
15844;7218;6
15845;8908;3
15846;1172;1
15847;2523;1
15848;3035;3
15849;7517;7
15850;4685;1
15851;5040;2
15852;4627;4
15853;4607;2
15854;6621;5
15855;8560;6
15856;1543;1
15857;2283;7
15858;5380;7
15859;1985;2
15860;6092;5
15861;8444;2
15862;1661;1
15863;6267;4
15864;4457;6
15865;7498;6
15866;6409;4
15867;3032;6
15868;5731;7
15869;5194;1
15870;7378;5
15871;6928;7
15872;2850;7
15873;1226;1
15874;5105;5
15875;7711;1
15876;6713;2
15877;3274;4
15878;7996;1
15879;3239;1
15880;3148;1
15881;6473;6
15882;1649;3
15883;6704;4
15884;6464;6
15885;3583;3
15886;6860;3
15887;4976;2
15888;8164;7
15889;4689;6
15890;8436;5
15891;6629;7
15892;5074;4
15893;5899;4
15894;2645;2
15895;8523;3
15896;8828;5
15897;4193;1
15898;7313;3
15899;7048;7
15900;8015;5
15901;8087;4
15902;7209;7
15903;3287;3
15904;5729;3
15905;3542;5
15906;7827;1
15907;7967;4
15908;1572;4
15909;5940;6
15910;1210;6
15911;3037;6
15912;8436;6
15913;8365;7
15914;7116;5
15915;8725;1
15916;1611;4
15917;7772;6
15918;3891;4
15919;8740;5
15920;4369;3
15921;3181;5
15922;6274;6
15923;3294;3
15924;5335;2
15925;4039;2
15926;7290;1
15927;5803;7
15928;5946;4
15929;5229;4
15930;4822;4
15931;4157;5
15932;5428;5
15933;5686;6
15934;6522;7
15935;6360;3
15936;1892;4
15937;6799;3
15938;4452;7
15939;5180;4
15940;6047;1
15941;1095;6
15942;4202;7
15943;5632;5
15944;3333;5
15945;5261;4
15946;8528;3
15947;8372;6
15948;1023;6
15949;1177;4
15950;1105;6
15951;7609;1
15952;6356;6
15953;6790;2
15954;2581;1
15955;1182;2
15956;6758;7
15957;8766;1
15958;3630;2
15959;5598;5
15960;7523;6
15961;5535;1
15962;2524;7
15963;7122;1
15964;1219;1
15965;2115;3
15966;7105;2
15967;4825;7
15968;8139;2
15969;7708;5
15970;8605;5
15971;7012;7
15972;4571;5
15973;5075;7
15974;3768;7
15975;2073;3
15976;3008;4
15977;7082;2
15978;3555;3
15979;1844;3
15980;5795;1
15981;5818;2
15982;1743;4
15983;6271;6
15984;8039;4
15985;8319;3
15986;8019;1
15987;4249;4
15988;2212;2
15989;5951;7
15990;1325;2
15991;8244;7
15992;1686;6
15993;5654;2
15994;7618;4
15995;2753;6
15996;5666;1
15997;4283;3
15998;5038;2
15999;6258;2
16000;6143;2
16001;2227;2
16002;3642;1
16003;4250;3
16004;3806;2
16005;4654;4
16006;2965;3
16007;7163;3
16008;5760;2
16009;1444;5
16010;4411;7
16011;2850;1
16012;1225;2
16013;2057;1
16014;7686;2
16015;4718;1
16016;5635;6
16017;4609;1
16018;3987;5
16019;2949;1
16020;7370;7
16021;4361;5
16022;7909;1
16023;5015;2
16024;4445;2
16025;5016;7
16026;4911;7
16027;3975;1
16028;8578;4
16029;3918;7
16030;5522;2
16031;1731;5
16032;5786;5
16033;4806;4
16034;8367;5
16035;7315;3
16036;7800;1
16037;1131;5
16038;3614;7
16039;3923;1
16040;4067;5
16041;1096;2
16042;8527;5
16043;2081;7
16044;3689;4
16045;3304;5
16046;4811;1
16047;6216;5
16048;3237;5
16049;8523;7
16050;6025;6
16051;3809;6
16052;1671;4
16053;7398;6
16054;1064;3
16055;3302;1
16056;5959;4
16057;8969;3
16058;2258;6
16059;5887;3
16060;2245;3
16061;7365;4
16062;1094;1
16063;5113;4
16064;6086;7
16065;7724;4
16066;4462;3
16067;6282;2
16068;6099;1
16069;6599;1
16070;3420;2
16071;7869;6
16072;1345;7
16073;4141;7
16074;7317;4
16075;6503;4
16076;3140;6
16077;1067;7
16078;2421;5
16079;2390;7
16080;5224;4
16081;5308;4
16082;7115;5
16083;6587;4
16084;1882;4
16085;7901;3
16086;1592;6
16087;8751;2
16088;2467;6
16089;2179;1
16090;7145;3
16091;1884;3
16092;4652;5
16093;5091;5
16094;4809;5
16095;2075;3
16096;6165;2
16097;6415;4
16098;2323;4
16099;7473;2
16100;1355;2
16101;3122;2
16102;7894;6
16103;6533;5
16104;5510;6
16105;3323;1
16106;3250;7
16107;2606;3
16108;3251;4
16109;1020;5
16110;6638;1
16111;3727;2
16112;7839;2
16113;5895;4
16114;1311;2
16115;2169;5
16116;4837;3
16117;3498;1
16118;5767;4
16119;7193;5
16120;3109;4
16121;3427;2
16122;5036;1
16123;4371;6
16124;7333;7
16125;4320;7
16126;7623;7
16127;3006;1
16128;2694;2
16129;4288;5
16130;2138;6
16131;1689;7
16132;5889;4
16133;1999;5
16134;5477;2
16135;6820;3
16136;5478;1
16137;8961;3
16138;1470;2
16139;2102;7
16140;5516;2
16141;7555;6
16142;1109;2
16143;3548;1
16144;3777;3
16145;1512;7
16146;1326;4
16147;4775;2
16148;2618;1
16149;5668;1
16150;1038;4
16151;2771;6
16152;1615;7
16153;5658;5
16154;7235;7
16155;3101;4
16156;5430;2
16157;8838;3
16158;5648;1
16159;1967;7
16160;3998;7
16161;5582;6
16162;8557;2
16163;5882;1
16164;4001;4
16165;1926;1
16166;4931;6
16167;1775;5
16168;7319;6
16169;6364;5
16170;2518;1
16171;4699;1
16172;4651;5
16173;6977;7
16174;2447;6
16175;6955;1
16176;2358;3
16177;7412;5
16178;5920;1
16179;8973;6
16180;8060;7
16181;3649;7
16182;4573;6
16183;2252;7
16184;8418;6
16185;6323;4
16186;2801;2
16187;7792;6
16188;1881;1
16189;1377;6
16190;1285;1
16191;4283;2
16192;4624;5
16193;4377;3
16194;4865;5
16195;6831;2
16196;7566;3
16197;3231;1
16198;1792;3
16199;8640;4
16200;8892;7
16201;3491;7
16202;8684;4
16203;2052;5
16204;8795;7
16205;2615;7
16206;2820;2
16207;5921;4
16208;4946;5
16209;4932;7
16210;3698;1
16211;5643;5
16212;2351;1
16213;8517;5
16214;4043;5
16215;5290;6
16216;2264;6
16217;3856;1
16218;3908;5
16219;8448;6
16220;1765;1
16221;3257;2
16222;8642;2
16223;7324;3
16224;5649;2
16225;6730;6
16226;4030;6
16227;3276;3
16228;2364;4
16229;6816;5
16230;7833;1
16231;8942;7
16232;1963;7
16233;7361;3
16234;2110;7
16235;5232;2
16236;5279;1
16237;4931;6
16238;5042;7
16239;2880;7
16240;4050;3
16241;1779;2
16242;2201;1
16243;4777;1
16244;6023;1
16245;7912;4
16246;5439;4
16247;1803;2
16248;7524;7
16249;2643;1
16250;5911;7
16251;6405;5
16252;4995;1
16253;5300;5
16254;3075;3
16255;3477;7
16256;4671;6
16257;6885;5
16258;1674;7
16259;7738;2
16260;2594;6
16261;5563;6
16262;4059;7
16263;2732;7
16264;3610;1
16265;5459;1
16266;6323;7
16267;5376;6
16268;5373;7
16269;3999;7
16270;4477;4
16271;1639;5
16272;3202;3
16273;3647;4
16274;6430;3
16275;3564;4
16276;4118;4
16277;6306;7
16278;6398;6
16279;2845;6
16280;4809;7
16281;4738;5
16282;1672;2
16283;4625;2
16284;6598;7
16285;1809;2
16286;3047;1
16287;8849;7
16288;3883;6
16289;7630;5
16290;6980;2
16291;5752;5
16292;2563;4
16293;7170;7
16294;5822;6
16295;3751;1
16296;4509;6
16297;2672;6
16298;4893;3
16299;1488;2
16300;2711;3
16301;2791;6
16302;5843;5
16303;4563;7
16304;6066;4
16305;1909;1
16306;8166;7
16307;4558;3
16308;2591;2
16309;3729;4
16310;3985;6
16311;2018;5
16312;2850;2
16313;7960;6
16314;5972;5
16315;1490;1
16316;8093;6
16317;4469;7
16318;8778;3
16319;4634;1
16320;7509;5
16321;7899;4
16322;5581;4
16323;7195;5
16324;2848;4
16325;5674;2
16326;6031;5
16327;4007;4
16328;7144;1
16329;7927;2
16330;8764;3
16331;5155;2
16332;1024;4
16333;1458;5
16334;6816;5
16335;3830;5
16336;5670;1
16337;7912;3
16338;1376;5
16339;6978;2
16340;3122;3
16341;5822;4
16342;5851;4
16343;5264;5
16344;1831;7
16345;6488;2
16346;5829;1
16347;6216;6
16348;8017;2
16349;1227;6
16350;2015;6
16351;4997;2
16352;1482;5
16353;6357;5
16354;4276;7
16355;3220;4
16356;5730;4
16357;3311;2
16358;4647;2
16359;6855;1
16360;2386;2
16361;3647;1
16362;4231;6
16363;7195;1
16364;5439;3
16365;7753;1
16366;3799;4
16367;4163;1
16368;8164;1
16369;5816;5
16370;2752;7
16371;7739;5
16372;3050;3
16373;5498;2
16374;2231;6
16375;3585;1
16376;5728;3
16377;4497;4
16378;2417;5
16379;4381;6
16380;5322;1
16381;3340;4
16382;7228;5
16383;7961;4
16384;5345;7
16385;1961;3
16386;6866;7
16387;6036;5
16388;5041;6
16389;7634;4
16390;1705;2
16391;3849;6
16392;4809;5
16393;3918;4
16394;7510;3
16395;4456;1
16396;2782;3
16397;1089;7
16398;5486;7
16399;7661;5
16400;4313;2
16401;2739;3
16402;1090;2
16403;6784;6
16404;2846;6
16405;6621;7
16406;1945;4
16407;6937;5
16408;3413;1
16409;8099;2
16410;1851;5
16411;8982;2
16412;7574;6
16413;7452;7
16414;7313;7
16415;6984;2
16416;7678;3
16417;6792;1
16418;7379;4
16419;2378;6
16420;6600;3
16421;4809;4
16422;6156;1
16423;4156;5
16424;2148;3
16425;7797;5
16426;3613;6
16427;3397;7
16428;2460;5
16429;1224;7
16430;6343;1
16431;7535;2
16432;3078;5
16433;7841;6
16434;6722;4
16435;2337;5
16436;4538;7
16437;6341;3
16438;6891;3
16439;7212;4
16440;6715;3
16441;4209;6
16442;4452;2
16443;5251;7
16444;2738;1
16445;6844;3
16446;6140;4
16447;7013;6
16448;2227;5
16449;7007;7
16450;5373;6
16451;7461;6
16452;3773;6
16453;8724;3
16454;7101;7
16455;3063;5
16456;7228;4
16457;6115;6
16458;3640;7
16459;4357;7
16460;1559;7
16461;5406;2
16462;1659;2
16463;5301;5
16464;3367;7
16465;5264;6
16466;2222;4
16467;8862;6
16468;5243;6
16469;2573;3
16470;2719;4
16471;4062;5
16472;3191;4
16473;4941;3
16474;6961;7
16475;2019;4
16476;6648;3
16477;1750;2
16478;7369;1
16479;2451;1
16480;7849;4
16481;4237;5
16482;6241;5
16483;6654;1
16484;3797;4
16485;8500;5
16486;5250;2
16487;8668;5
16488;6066;3
16489;8225;1
16490;5961;7
16491;7208;4
16492;4149;1
16493;1110;2
16494;6034;7
16495;5755;6
16496;5087;7
16497;6670;1
16498;4451;2
16499;1318;4
16500;8498;7
16501;8615;6
16502;3860;6
16503;2615;7
16504;6685;2
16505;8209;5
16506;1045;7
16507;8261;6
16508;6498;3
16509;6416;3
16510;1849;2
16511;4949;2
16512;1828;6
16513;5007;2
16514;8432;5
16515;5299;3
16516;5881;2
16517;7257;6
16518;2418;4
16519;5107;4
16520;5624;1
16521;5594;7
16522;4260;7
16523;1625;1
16524;6907;1
16525;2794;2
16526;1441;7
16527;5704;7
16528;7082;1
16529;2821;1
16530;8604;7
16531;4386;2
16532;5824;1
16533;4140;1
16534;7484;3
16535;1943;7
16536;5167;5
16537;5561;6
16538;3147;7
16539;8649;3
16540;4550;2
16541;1781;2
16542;4476;4
16543;6727;6
16544;5095;6
16545;2082;1
16546;5489;5
16547;6375;6
16548;7072;4
16549;6302;6
16550;1935;4
16551;5493;6
16552;7890;7
16553;4307;3
16554;2934;6
16555;6173;2
16556;4577;1
16557;8949;7
16558;8915;7
16559;3331;2
16560;5544;7
16561;4806;3
16562;6964;2
16563;6814;6
16564;2221;7
16565;1398;1
16566;8980;5
16567;7991;5
16568;2685;5
16569;2894;1
16570;1980;7
16571;8713;6
16572;5269;3
16573;7409;7
16574;8729;5
16575;7936;6
16576;5127;2
16577;6367;6
16578;4693;6
16579;8131;4
16580;2583;6
16581;4923;5
16582;2108;4
16583;1529;6
16584;3411;6
16585;8169;2
16586;3425;3
16587;3567;7
16588;5660;3
16589;5234;1
16590;6973;3
16591;6818;5
16592;4701;6
16593;7620;1
16594;7358;6
16595;2172;7
16596;2030;5
16597;6730;7
16598;5321;3
16599;1236;2
16600;4244;7
16601;3271;1
16602;4784;7
16603;6977;3
16604;5175;7
16605;5670;2
16606;4272;6
16607;5786;4
16608;8982;3
16609;7701;5
16610;2963;2
16611;7570;5
16612;2382;7
16613;4571;5
16614;3479;5
16615;2779;4
16616;6108;2
16617;8257;1
16618;2898;7
16619;1611;4
16620;7069;2
16621;5047;5
16622;4725;5
16623;8300;6
16624;6057;1
16625;2694;7
16626;8960;6
16627;4601;4
16628;8340;1
16629;2621;6
16630;8639;1
16631;3874;7
16632;4924;5
16633;5744;4
16634;3298;3
16635;5237;7
16636;8959;5
16637;2053;7
16638;5887;6
16639;6276;6
16640;7594;5
16641;7359;2
16642;3462;1
16643;3220;1
16644;1067;7
16645;7064;7
16646;5347;5
16647;8794;1
16648;5496;3
16649;2729;1
16650;5451;7
16651;6722;7
16652;4086;4
16653;8684;6
16654;5362;6
16655;5344;1
16656;4386;7
16657;8932;1
16658;8984;5
16659;6263;6
16660;4643;4
16661;1882;5
16662;4360;4
16663;6962;1
16664;1703;2
16665;1813;1
16666;8303;3
16667;7448;6
16668;7182;5
16669;4585;7
16670;2964;6
16671;7226;2
16672;8336;1
16673;6645;7
16674;5401;6
16675;8828;6
16676;4835;3
16677;6683;6
16678;4383;1
16679;4750;2
16680;6307;5
16681;3642;3
16682;5016;4
16683;5908;5
16684;4061;5
16685;6676;5
16686;7535;1
16687;8297;2
16688;2951;4
16689;6126;4
16690;6218;4
16691;8546;4
16692;2846;4
16693;2531;5
16694;8883;6
16695;8191;3
16696;5154;6
16697;4129;7
16698;7940;6
16699;8202;6
16700;4779;6
16701;7822;3
16702;2710;2
16703;6529;4
16704;4476;5
16705;1887;1
16706;8022;1
16707;4782;6
16708;7613;2
16709;1231;3
16710;4295;7
16711;7721;5
16712;8502;5
16713;7282;5
16714;2024;6
16715;4952;3
16716;5985;7
16717;6250;4
16718;5953;4
16719;8680;1
16720;8712;4
16721;1977;5
16722;5344;6
16723;6267;1
16724;1566;7
16725;2886;2
16726;5473;2
16727;3099;2
16728;7203;4
16729;7532;5
16730;8902;7
16731;6867;4
16732;7904;3
16733;5331;2
16734;8362;6
16735;1942;1
16736;7537;7
16737;5481;4
16738;5438;5
16739;7638;3
16740;2240;2
16741;1120;1
16742;8234;3
16743;2533;2
16744;3884;7
16745;2656;7
16746;6747;6
16747;7423;2
16748;8200;4
16749;4768;4
16750;8933;7
16751;7072;1
16752;4597;5
16753;6303;1
16754;5461;4
16755;2369;4
16756;7082;7
16757;2016;2
16758;7334;7
16759;4223;1
16760;6551;7
16761;4033;5
16762;4038;5
16763;6573;3
16764;1126;5
16765;5107;3
16766;4286;4
16767;6855;4
16768;3883;6
16769;1386;2
16770;6845;3
16771;4920;5
16772;2882;7
16773;7061;4
16774;8149;6
16775;1286;3
16776;5391;7
16777;2332;1
16778;7801;4
16779;8577;5
16780;1223;3
16781;8378;2
16782;6345;4
16783;1678;5
16784;1420;5
16785;7998;3
16786;3981;2
16787;2421;5
16788;1018;7
16789;5798;3
16790;6851;1
16791;2499;5
16792;2026;5
16793;2136;3
16794;4985;2
16795;5717;6
16796;8638;5
16797;3256;5
16798;8897;5
16799;2496;4
16800;3140;2
16801;3668;6
16802;6996;5
16803;7055;1
16804;5393;5
16805;1065;6
16806;5098;7
16807;1700;5
16808;3102;3
16809;7421;1
16810;3139;4
16811;3821;3
16812;1083;2
16813;1333;1
16814;5383;5
16815;1464;7
16816;5191;6
16817;8334;2
16818;6522;1
16819;6697;7
16820;7905;1
16821;6410;4
16822;2842;3
16823;6498;5
16824;5183;7
16825;4576;7
16826;3492;2
16827;7314;1
16828;6401;6
16829;2642;7
16830;7916;3
16831;5633;6
16832;1944;1
16833;1660;1
16834;3239;2
16835;4590;1
16836;6301;3
16837;1026;1
16838;1754;7
16839;5206;2
16840;4371;4
16841;3701;5
16842;6308;5
16843;5721;7
16844;2587;7
16845;3979;5
16846;3868;4
16847;3826;7
16848;7488;7
16849;4344;2
16850;5833;6
16851;5274;3
16852;8982;1
16853;4831;1
16854;6000;3
16855;4088;3
16856;8884;3
16857;2596;6
16858;5017;2
16859;8442;6
16860;6492;7
16861;3613;3
16862;1892;6
16863;1150;5
16864;6795;5
16865;2813;1
16866;2172;7
16867;1742;2
16868;4848;6
16869;5843;2
16870;8407;1
16871;6509;2
16872;4755;6
16873;1104;2
16874;8575;2
16875;2842;4
16876;3798;6
16877;3306;1
16878;2756;6
16879;7623;5
16880;1164;5
16881;6312;6
16882;3629;2
16883;3704;6
16884;5190;4
16885;5342;4
16886;6254;5
16887;3008;3
16888;4252;3
16889;6323;4
16890;5460;6
16891;5515;5
16892;5621;3
16893;2201;7
16894;7959;3
16895;1592;6
16896;6064;4
16897;5550;5
16898;7738;7
16899;5790;6
16900;3175;1
16901;4740;2
16902;6377;1
16903;4712;4
16904;8914;5
16905;2380;5
16906;6560;4
16907;7832;6
16908;7799;1
16909;5550;4
16910;2209;6
16911;2198;4
16912;1015;7
16913;6132;3
16914;1301;3
16915;8710;2
16916;2901;1
16917;8168;4
16918;4020;4
16919;5186;7
16920;4826;7
16921;3242;3
16922;4348;2
16923;3197;7
16924;8460;3
16925;8229;6
16926;2471;2
16927;5033;3
16928;4135;3
16929;7494;7
16930;4358;5
16931;7392;4
16932;8779;7
16933;2905;2
16934;2050;3
16935;6373;4
16936;5312;7
16937;4483;1
16938;4241;3
16939;3576;3
16940;2314;2
16941;3287;6
16942;3440;4
16943;8477;6
16944;1886;3
16945;4260;4
16946;6740;3
16947;7601;2
16948;5100;4
16949;6242;3
16950;5026;3
16951;8816;2
16952;8126;5
16953;2861;3
16954;4408;1
16955;7500;3
16956;4599;7
16957;6962;6
16958;6537;1
16959;3600;2
16960;3855;5
16961;5511;3
16962;7702;4
16963;8253;6
16964;8602;6
16965;1577;7
16966;2962;6
16967;2494;2
16968;3512;3
16969;2625;7
16970;6823;4
16971;6000;5
16972;1091;6
16973;5583;4
16974;3397;6
16975;7480;6
16976;7166;4
16977;8900;3
16978;6483;6
16979;3267;7
16980;1924;7
16981;5520;4
16982;2983;5
16983;8604;1
16984;6418;7
16985;8150;7
16986;5800;4
16987;2615;6
16988;3365;7
16989;2849;7
16990;6813;6
16991;6151;1
16992;5322;1
16993;7304;5
16994;5415;7
16995;4934;6
16996;7713;1
16997;3730;2
16998;8288;2
16999;1923;2
17000;5040;4
17001;1733;3
17002;1366;3
17003;4831;3
17004;2766;6
17005;5843;2
17006;2466;4
17007;8870;4
17008;4268;3
17009;6577;6
17010;6420;6
17011;4654;2
17012;8730;7
17013;8505;3
17014;7253;7
17015;5910;5
17016;2474;7
17017;4986;2
17018;8411;1
17019;2268;1
17020;2877;5
17021;4880;2
17022;6663;3
17023;4244;7
17024;5483;1
17025;5525;3
17026;7773;3
17027;1015;4
17028;7584;7
17029;7202;3
17030;7639;7
17031;3500;3
17032;6457;3
17033;8212;6
17034;8284;4
17035;8851;7
17036;8266;3
17037;5314;2
17038;2317;6
17039;7563;2
17040;5929;3
17041;2453;1
17042;3498;2
17043;4635;6
17044;1099;4
17045;7370;7
17046;8179;1
17047;6520;3
17048;4033;1
17049;1426;5
17050;3005;1
17051;7266;6
17052;7279;4
17053;7347;6
17054;6720;2
17055;8892;6
17056;3015;1
17057;5324;4
17058;6147;5
17059;2984;4
17060;7601;1
17061;7929;2
17062;1758;2
17063;8245;2
17064;8841;6
17065;1389;6
17066;6043;6
17067;6957;7
17068;5539;5
17069;1636;5
17070;8167;2
17071;5024;6
17072;3915;1
17073;6923;6
17074;8939;3
17075;8477;4
17076;3960;5
17077;2152;6
17078;5455;3
17079;4776;1
17080;1969;6
17081;5741;4
17082;2329;6
17083;8497;6
17084;5247;1
17085;1256;1
17086;1065;5
17087;1123;5
17088;5027;4
17089;8645;3
17090;4405;5
17091;8542;2
17092;8103;2
17093;8702;4
17094;5756;6
17095;8966;1
17096;7273;6
17097;8773;1
17098;2247;5
17099;5861;7
17100;1161;6
17101;4606;7
17102;1869;3
17103;7633;6
17104;1754;2
17105;4988;5
17106;7779;4
17107;2845;2
17108;5761;2
17109;6527;1
17110;5087;7
17111;1674;7
17112;6100;7
17113;2304;4
17114;7024;3
17115;3750;7
17116;4377;4
17117;1771;4
17118;1482;6
17119;7618;6
17120;7986;6
17121;4323;3
17122;3062;5
17123;4747;2
17124;7558;2
17125;1833;1
17126;3733;2
17127;6954;4
17128;2541;3
17129;5362;6
17130;4446;4
17131;5039;6
17132;5692;5
17133;1822;1
17134;7474;3
17135;7087;4
17136;2575;1
17137;5796;3
17138;8081;5
17139;2403;6
17140;1218;1
17141;4769;4
17142;8405;3
17143;7372;5
17144;5142;3
17145;4005;4
17146;1283;5
17147;8132;5
17148;1656;3
17149;2419;7
17150;3049;7
17151;3371;4
17152;2787;7
17153;6203;1
17154;8228;2
17155;1684;6
17156;3611;4
17157;1096;2
17158;4061;3
17159;1301;7
17160;3773;3
17161;6276;5
17162;2650;3
17163;5531;3
17164;3497;6
17165;3542;5
17166;1419;4
17167;6019;5
17168;2596;1
17169;4398;3
17170;5981;5
17171;4827;5
17172;4320;4
17173;2999;4
17174;5368;7
17175;3991;2
17176;3271;6
17177;7978;1
17178;6178;3
17179;5533;6
17180;6022;2
17181;1994;6
17182;3093;2
17183;6260;2
17184;6061;3
17185;2323;6
17186;5812;5
17187;2050;4
17188;3921;3
17189;2213;1
17190;6324;7
17191;6916;1
17192;7304;5
17193;8470;2
17194;6760;5
17195;7184;2
17196;7798;2
17197;6616;5
17198;2114;6
17199;6308;1
17200;5465;2
17201;7247;6
17202;4628;3
17203;7692;1
17204;3444;5
17205;2570;5
17206;2327;5
17207;4064;6
17208;4816;3
17209;8926;1
17210;5244;3
17211;3703;5
17212;1952;6
17213;6940;5
17214;1729;3
17215;7972;5
17216;2046;3
17217;2604;1
17218;2813;2
17219;6464;3
17220;6509;5
17221;8948;1
17222;4983;1
17223;2558;6
17224;3432;3
17225;8249;4
17226;5332;5
17227;8853;1
17228;1154;5
17229;2203;7
17230;2546;4
17231;4022;5
17232;4431;4
17233;4368;7
17234;1065;2
17235;6165;6
17236;3019;4
17237;4403;2
17238;5989;4
17239;3535;1
17240;1748;5
17241;3371;2
17242;1127;6
17243;2150;3
17244;8916;2
17245;5435;7
17246;8487;1
17247;1325;6
17248;1881;1
17249;5164;6
17250;5358;4
17251;6002;6
17252;6222;2
17253;7990;6
17254;6150;6
17255;3016;3
17256;2161;1
17257;1954;7
17258;8461;4
17259;1085;6
17260;4008;5
17261;6165;2
17262;8711;5
17263;6279;2
17264;2469;7
17265;3540;3
17266;6766;4
17267;4790;7
17268;8805;1
17269;4121;6
17270;5547;2
17271;7237;4
17272;7520;4
17273;6350;6
17274;3892;1
17275;6249;3
17276;8795;5
17277;5968;2
17278;5528;6
17279;3809;3
17280;7719;4
17281;2085;4
17282;8527;7
17283;7513;7
17284;6396;5
17285;1499;1
17286;4727;1
17287;1736;7
17288;7481;6
17289;1132;7
17290;6975;3
17291;3579;3
17292;8002;1
17293;1920;2
17294;5222;4
17295;5915;5
17296;2209;1
17297;7417;4
17298;2627;3
17299;6810;3
17300;4183;3
17301;7334;1
17302;8752;6
17303;8631;7
17304;2038;2
17305;3949;5
17306;8973;3
17307;4884;3
17308;5365;5
17309;4843;3
17310;3926;3
17311;6983;3
17312;6713;2
17313;1897;1
17314;7455;4
17315;3658;6
17316;2956;3
17317;4914;5
17318;4265;5
17319;7631;5
17320;8948;4
17321;5703;1
17322;7668;7
17323;6764;3
17324;8198;1
17325;5611;7
17326;4702;1
17327;8883;5
17328;7998;2
17329;7945;2
17330;4341;6
17331;4212;4
17332;4981;2
17333;4592;1
17334;3141;7
17335;2377;4
17336;3549;4
17337;6905;7
17338;2505;2
17339;2089;7
17340;7103;1
17341;6825;6
17342;7707;7
17343;7713;6
17344;3539;3
17345;1548;2
17346;6707;6
17347;3322;4
17348;2094;3
17349;4507;4
17350;2276;6
17351;4561;2
17352;1145;6
17353;8662;7
17354;5723;2
17355;5281;2
17356;8089;1
17357;7594;3
17358;2040;4
17359;8678;2
17360;3116;5
17361;2252;7
17362;1897;2
17363;7514;6
17364;4573;6
17365;1043;3
17366;1440;6
17367;4311;2
17368;6820;3
17369;6169;2
17370;8104;7
17371;6592;1
17372;3195;5
17373;8746;5
17374;4752;3
17375;2625;2
17376;1274;1
17377;6075;2
17378;4388;1
17379;5500;1
17380;3305;4
17381;4764;3
17382;7609;1
17383;7499;4
17384;2818;6
17385;4881;3
17386;4969;2
17387;2701;7
17388;4435;4
17389;2180;2
17390;7432;5
17391;8737;2
17392;5386;4
17393;6105;1
17394;2501;5
17395;2507;6
17396;4285;1
17397;4242;6
17398;2087;1
17399;8272;1
17400;4302;7
17401;2658;3
17402;8227;1
17403;1581;7
17404;2926;7
17405;6885;7
17406;3951;4
17407;8682;5
17408;2082;6
17409;7101;7
17410;6347;4
17411;4721;4
17412;1359;6
17413;6724;6
17414;6834;6
17415;8696;3
17416;6381;5
17417;5167;2
17418;1869;5
17419;1722;1
17420;7126;7
17421;1571;1
17422;5155;3
17423;7961;3
17424;3488;7
17425;3147;5
17426;2065;2
17427;6332;1
17428;2145;3
17429;1579;7
17430;1088;3
17431;8783;1
17432;6069;1
17433;6376;6
17434;2839;7
17435;3792;7
17436;2055;5
17437;2812;6
17438;3389;2
17439;1149;1
17440;5095;4
17441;7551;1
17442;3668;5
17443;4450;6
17444;2169;7
17445;2364;1
17446;5024;4
17447;1081;3
17448;7493;4
17449;7316;7
17450;3080;1
17451;2045;4
17452;4433;6
17453;4975;5
17454;5392;7
17455;8503;2
17456;3375;2
17457;4310;4
17458;7786;5
17459;2412;7
17460;3130;3
17461;4113;7
17462;8968;1
17463;5887;6
17464;7735;1
17465;2664;2
17466;1452;1
17467;4304;2
17468;7514;3
17469;7889;7
17470;5524;1
17471;3668;5
17472;1154;5
17473;6560;3
17474;5407;1
17475;1162;3
17476;8151;5
17477;5049;6
17478;5839;5
17479;3853;3
17480;4211;6
17481;8830;1
17482;4262;7
17483;2161;7
17484;4010;5
17485;2484;1
17486;8326;2
17487;7184;1
17488;6949;5
17489;6411;4
17490;3664;1
17491;2409;2
17492;5341;6
17493;3714;6
17494;8514;3
17495;6862;5
17496;8949;7
17497;6280;2
17498;4607;6
17499;2109;4
17500;5274;4
17501;6859;6
17502;3105;2
17503;4223;4
17504;6231;5
17505;5246;2
17506;6377;2
17507;2808;4
17508;6213;6
17509;3535;2
17510;7886;2
17511;8165;4
17512;7843;7
17513;3900;5
17514;7928;5
17515;2016;3
17516;8839;6
17517;7384;7
17518;4292;4
17519;6897;4
17520;4602;7
17521;6426;1
17522;8407;2
17523;3681;5
17524;2633;5
17525;7770;7
17526;6946;5
17527;5347;3
17528;7486;4
17529;7017;6
17530;7655;3
17531;6890;3
17532;8579;3
17533;3590;4
17534;7308;4
17535;6687;1
17536;1713;5
17537;6058;3
17538;3694;4
17539;2236;7
17540;5175;6
17541;7151;4
17542;2931;4
17543;5286;1
17544;8807;3
17545;6735;7
17546;8972;5
17547;3345;7
17548;3974;3
17549;5156;5
17550;5790;4
17551;6117;6
17552;3467;3
17553;4826;3
17554;5354;5
17555;7762;2
17556;4875;7
17557;2984;7
17558;7923;3
17559;4955;5
17560;8685;6
17561;4596;7
17562;8584;2
17563;2321;7
17564;3754;3
17565;2938;6
17566;5533;7
17567;2877;5
17568;2051;4
17569;2596;5
17570;1549;4
17571;5004;3
17572;5443;4
17573;3875;7
17574;1055;6
17575;2259;3
17576;8065;1
17577;2240;1
17578;3163;7
17579;4197;2
17580;4524;2
17581;7505;3
17582;8960;2
17583;3434;3
17584;3017;1
17585;3464;2
17586;5605;7
17587;4578;7
17588;3482;4
17589;3240;3
17590;3283;6
17591;4158;7
17592;7260;1
17593;3098;6
17594;3029;7
17595;5543;4
17596;3831;3
17597;4078;6
17598;8734;3
17599;8108;1
17600;1998;5
17601;8914;2
17602;6792;3
17603;1318;2
17604;8007;1
17605;3767;7
17606;5297;3
17607;1654;2
17608;3346;2
17609;6578;1
17610;5130;3
17611;3404;1
17612;6499;4
17613;5364;1
17614;8162;4
17615;8892;1
17616;8235;5
17617;5280;1
17618;7961;1
17619;3734;1
17620;5892;4
17621;6922;7
17622;2030;2
17623;6772;1
17624;4388;6
17625;6237;7
17626;5409;4
17627;8959;5
17628;5119;6
17629;4564;7
17630;3597;5
17631;8260;6
17632;7552;3
17633;3121;1
17634;2546;1
17635;5003;2
17636;8425;7
17637;1484;5
17638;1065;5
17639;4985;5
17640;8569;3
17641;8140;4
17642;3771;1
17643;1270;1
17644;2989;4
17645;2316;6
17646;5697;5
17647;8677;4
17648;8658;2
17649;3633;4
17650;1150;6
17651;7314;7
17652;7115;4
17653;7022;1
17654;5913;7
17655;2338;5
17656;7839;6
17657;4155;2
17658;1575;6
17659;4703;6
17660;3199;5
17661;3315;1
17662;8175;7
17663;1572;6
17664;4502;1
17665;1817;4
17666;4959;6
17667;7982;2
17668;5567;5
17669;2090;5
17670;8535;4
17671;1437;3
17672;3732;1
17673;6729;7
17674;7167;5
17675;2367;3
17676;1291;2
17677;5542;2
17678;4445;7
17679;2615;2
17680;6435;7
17681;6095;7
17682;3825;3
17683;6334;6
17684;7910;3
17685;3777;1
17686;5996;3
17687;4215;3
17688;3032;3
17689;4451;4
17690;8013;2
17691;5312;7
17692;5770;7
17693;6631;2
17694;6113;1
17695;2093;4
17696;8187;7
17697;2845;1
17698;1116;3
17699;2275;2
17700;5911;7
17701;1874;5
17702;5931;3
17703;1385;1
17704;6468;1
17705;6604;5
17706;1108;6
17707;2614;7
17708;8323;5
17709;2098;5
17710;2215;2
17711;5372;3
17712;2281;5
17713;3834;7
17714;8864;5
17715;2825;5
17716;5237;1
17717;5632;4
17718;8232;2
17719;8028;4
17720;6630;7
17721;7649;1
17722;1553;5
17723;5357;1
17724;1868;6
17725;1327;3
17726;5052;3
17727;3565;3
17728;1622;1
17729;3152;1
17730;8187;7
17731;4968;1
17732;5245;3
17733;8871;4
17734;5922;4
17735;7269;6
17736;8513;6
17737;3141;2
17738;3334;1
17739;3881;4
17740;5475;7
17741;3381;4
17742;7801;4
17743;4582;6
17744;2852;5
17745;4830;1
17746;2633;1
17747;1355;5
17748;4309;7
17749;3629;7
17750;8307;1
17751;4476;4
17752;3843;6
17753;4510;3
17754;2644;7
17755;8486;1
17756;3559;2
17757;5066;5
17758;5205;6
17759;7807;6
17760;7690;5
17761;7963;3
17762;6223;4
17763;8574;6
17764;7661;2
17765;6241;2
17766;5808;7
17767;5463;2
17768;4722;7
17769;4267;5
17770;5547;5
17771;4778;3
17772;4743;7
17773;8411;7
17774;6949;2
17775;4634;6
17776;2886;6
17777;5095;6
17778;3865;6
17779;2187;4
17780;8589;6
17781;5023;7
17782;8665;4
17783;4867;2
17784;5931;5
17785;8099;3
17786;2736;6
17787;8287;2
17788;1632;4
17789;7686;5
17790;8861;3
17791;5108;5
17792;3341;4
17793;5317;5
17794;6494;2
17795;7350;3
17796;6100;3
17797;5865;6
17798;6503;1
17799;1897;7
17800;8186;3
17801;1130;2
17802;5391;4
17803;5423;3
17804;2689;1
17805;7039;4
17806;8178;1
17807;2088;2
17808;3933;6
17809;7804;5
17810;8311;1
17811;5883;4
17812;3186;5
17813;8113;4
17814;2023;5
17815;7860;6
17816;6039;6
17817;6219;7
17818;8138;5
17819;1065;5
17820;5016;3
17821;2983;4
17822;7536;4
17823;1659;2
17824;2876;6
17825;8401;4
17826;5942;3
17827;5780;4
17828;7950;4
17829;2145;4
17830;4602;7
17831;3214;2
17832;6393;7
17833;5987;2
17834;6858;7
17835;1940;2
17836;2196;7
17837;6887;7
17838;2574;1
17839;6543;2
17840;2208;6
17841;6985;1
17842;2846;1
17843;1196;7
17844;2120;4
17845;7957;7
17846;6714;6
17847;1481;4
17848;5319;2
17849;3580;3
17850;3876;3
17851;7943;7
17852;2342;1
17853;6339;6
17854;8401;2
17855;8617;4
17856;7759;3
17857;4130;6
17858;4172;1
17859;2077;5
17860;6393;4
17861;7940;2
17862;2009;3
17863;3346;6
17864;8865;5
17865;7873;2
17866;3525;1
17867;6116;1
17868;8322;1
17869;6255;6
17870;2099;2
17871;1774;6
17872;4643;7
17873;8700;1
17874;2294;6
17875;3502;4
17876;1351;3
17877;4222;4
17878;2135;4
17879;1566;5
17880;1490;4
17881;2544;1
17882;4039;1
17883;4494;7
17884;4205;6
17885;4962;5
17886;6083;6
17887;6194;1
17888;2927;5
17889;5781;7
17890;2136;4
17891;8827;3
17892;8548;1
17893;1818;7
17894;8073;2
17895;4595;3
17896;1140;7
17897;5179;7
17898;1794;1
17899;2888;5
17900;3201;5
17901;7425;3
17902;5736;7
17903;1326;3
17904;3419;2
17905;7845;7
17906;8499;4
17907;7934;5
17908;7489;2
17909;5878;4
17910;7633;4
17911;3608;1
17912;1892;5
17913;2776;4
17914;7561;7
17915;4670;3
17916;6638;4
17917;2530;3
17918;2420;2
17919;3216;6
17920;7319;2
17921;1205;6
17922;7658;2
17923;2033;5
17924;6821;2
17925;4847;2
17926;7879;3
17927;1643;3
17928;1487;1
17929;8757;2
17930;8257;6
17931;7510;3
17932;1914;3
17933;8740;1
17934;6174;5
17935;7093;1
17936;5719;5
17937;4696;4
17938;2882;5
17939;5194;7
17940;6261;3
17941;8098;4
17942;2538;1
17943;1855;1
17944;6549;3
17945;1423;7
17946;7263;5
17947;7953;7
17948;6130;3
17949;4459;1
17950;6274;5
17951;6517;7
17952;4157;5
17953;2040;5
17954;6669;3
17955;4626;4
17956;6702;1
17957;1844;3
17958;5786;2
17959;6479;4
17960;2036;2
17961;1764;5
17962;7314;1
17963;1670;1
17964;7126;5
17965;8739;1
17966;7327;7
17967;1724;6
17968;8145;3
17969;2605;1
17970;8625;6
17971;1814;2
17972;6680;5
17973;3852;3
17974;1340;2
17975;1405;4
17976;5636;3
17977;7845;1
17978;2171;5
17979;1176;4
17980;5410;7
17981;6201;4
17982;4778;4
17983;6370;5
17984;7399;4
17985;8135;6
17986;6510;7
17987;5725;5
17988;2728;3
17989;8604;1
17990;7310;3
17991;6889;6
17992;8887;1
17993;4809;7
17994;3089;5
17995;2800;4
17996;1738;3
17997;4802;1
17998;4650;3
17999;8768;2
18000;1380;4
18001;6855;2
18002;2713;4
18003;3204;7
18004;6748;7
18005;3842;1
18006;3704;5
18007;3380;6
18008;3896;1
18009;7884;6
18010;4082;1
18011;5808;2
18012;4688;7
18013;2944;7
18014;4180;3
18015;3387;5
18016;3513;4
18017;8371;5
18018;3141;3
18019;1582;2
18020;2287;2
18021;2992;2
18022;2107;5
18023;6901;2
18024;6321;7
18025;4611;4
18026;4311;5
18027;4821;2
18028;3093;4
18029;1391;3
18030;2268;6
18031;6859;4
18032;1866;1
18033;6072;7
18034;2072;2
18035;2385;7
18036;8743;5
18037;3486;6
18038;5750;3
18039;8980;3
18040;8796;5
18041;7709;7
18042;8441;2
18043;4682;7
18044;1939;2
18045;5957;6
18046;8286;7
18047;2704;5
18048;5462;7
18049;5651;1
18050;3726;2
18051;1453;3
18052;5866;7
18053;4155;1
18054;2074;1
18055;8999;1
18056;8063;1
18057;5593;1
18058;7442;5
18059;2254;7
18060;5615;2
18061;7572;4
18062;4179;2
18063;2224;3
18064;3024;3
18065;2695;7
18066;3702;6
18067;3011;7
18068;2602;3
18069;2849;7
18070;6993;4
18071;6240;3
18072;7352;4
18073;6552;7
18074;8341;2
18075;8599;2
18076;6840;6
18077;7619;7
18078;1919;7
18079;3519;4
18080;1708;2
18081;1943;4
18082;5941;2
18083;3188;4
18084;5224;3
18085;3869;4
18086;4957;3
18087;6401;2
18088;7416;3
18089;5767;1
18090;1385;5
18091;6330;3
18092;8680;6
18093;8738;1
18094;6497;3
18095;6676;1
18096;1443;2
18097;2742;4
18098;4612;7
18099;5619;7
18100;1583;5
18101;1882;7
18102;3929;4
18103;8007;5
18104;4275;5
18105;4782;2
18106;8817;2
18107;7862;1
18108;4620;2
18109;2368;5
18110;5464;5
18111;2002;2
18112;3667;1
18113;6456;1
18114;3820;1
18115;4510;2
18116;2881;6
18117;8461;7
18118;8811;2
18119;8576;6
18120;3345;7
18121;4025;5
18122;5278;7
18123;8328;7
18124;3599;4
18125;3333;2
18126;4369;4
18127;4790;7
18128;8325;7
18129;5979;6
18130;1583;3
18131;7594;1
18132;6687;5
18133;3250;5
18134;8529;3
18135;4394;4
18136;1535;7
18137;8638;2
18138;5735;7
18139;6128;6
18140;7679;6
18141;3008;7
18142;7057;7
18143;6042;2
18144;2724;7
18145;1252;6
18146;2865;6
18147;6312;6
18148;7795;2
18149;3743;4
18150;7609;4
18151;8736;1
18152;5424;5
18153;5692;5
18154;3623;4
18155;3380;5
18156;6794;5
18157;4567;2
18158;5511;2
18159;2953;2
18160;5784;6
18161;7298;3
18162;4656;4
18163;6393;7
18164;7217;1
18165;3758;5
18166;5452;2
18167;2240;1
18168;1401;4
18169;5525;5
18170;7764;2
18171;1462;3
18172;5113;6
18173;2646;3
18174;6680;3
18175;7056;7
18176;3291;6
18177;5506;4
18178;7122;5
18179;7949;2
18180;8219;7
18181;4893;2
18182;7444;1
18183;5883;3
18184;8086;5
18185;5051;2
18186;3073;5
18187;1700;7
18188;5358;7
18189;3003;3
18190;2663;4
18191;8851;7
18192;2240;6
18193;8418;2
18194;7983;2
18195;5916;4
18196;1980;1
18197;4871;3
18198;5215;7
18199;2271;3
18200;8588;5
18201;6752;3
18202;2872;4
18203;7407;1
18204;2595;7
18205;2474;1
18206;8513;6
18207;6227;2
18208;7701;2
18209;7820;7
18210;8681;1
18211;5672;1
18212;8817;3
18213;8308;2
18214;6156;6
18215;7979;2
18216;5995;2
18217;6993;1
18218;6393;6
18219;1236;6
18220;1171;7
18221;2817;3
18222;4175;7
18223;1674;5
18224;7643;3
18225;3196;4
18226;3784;3
18227;8453;4
18228;6653;6
18229;6367;1
18230;7899;1
18231;7947;3
18232;3400;7
18233;2074;7
18234;3020;3
18235;5886;4
18236;7966;2
18237;3860;3
18238;8207;5
18239;5407;6
18240;3359;1
18241;8878;7
18242;6161;5
18243;5313;7
18244;2186;1
18245;8008;2
18246;2255;7
18247;1246;6
18248;6107;7
18249;3053;1
18250;8601;2
18251;3935;3
18252;3038;5
18253;8086;5
18254;2412;3
18255;2589;3
18256;5789;4
18257;3311;3
18258;2415;2
18259;6729;7
18260;7309;3
18261;4662;6
18262;3236;1
18263;1822;1
18264;7159;6
18265;7201;4
18266;8943;5
18267;4371;3
18268;3143;4
18269;4414;5
18270;5066;1
18271;3677;4
18272;7093;7
18273;8815;2
18274;1676;2
18275;2179;6
18276;6000;5
18277;8364;3
18278;4894;2
18279;8660;2
18280;1588;7
18281;7414;1
18282;2187;5
18283;7246;1
18284;5080;6
18285;3245;7
18286;7891;2
18287;4327;6
18288;2105;5
18289;7732;5
18290;8114;2
18291;2226;5
18292;7568;7
18293;2376;1
18294;2748;4
18295;3173;2
18296;4946;6
18297;7433;3
18298;4968;6
18299;2811;3
18300;7991;4
18301;6975;6
18302;5402;2
18303;1765;5
18304;3313;7
18305;4930;4
18306;2669;2
18307;5578;1
18308;8794;3
18309;1060;1
18310;8569;4
18311;6457;2
18312;3648;6
18313;6759;1
18314;6178;6
18315;7863;1
18316;1647;3
18317;3324;7
18318;6482;5
18319;8745;5
18320;1330;1
18321;2430;6
18322;3879;4
18323;2629;1
18324;3223;6
18325;1672;7
18326;5790;7
18327;6268;2
18328;3885;6
18329;7665;3
18330;7397;2
18331;3182;6
18332;1889;4
18333;1369;2
18334;7001;6
18335;7524;5
18336;4585;4
18337;2496;7
18338;4461;3
18339;6116;4
18340;7273;5
18341;4991;6
18342;8776;6
18343;8683;7
18344;2456;1
18345;7486;3
18346;3980;6
18347;1818;2
18348;6720;3
18349;5785;3
18350;8279;6
18351;8773;4
18352;3182;3
18353;2955;7
18354;1388;5
18355;4616;4
18356;6282;4
18357;5335;4
18358;6058;4
18359;5157;4
18360;6479;6
18361;4888;7
18362;7561;3
18363;7603;2
18364;6109;1
18365;3690;4
18366;3162;6
18367;3779;3
18368;3398;3
18369;5845;4
18370;3978;5
18371;8040;2
18372;8126;2
18373;2419;5
18374;7790;4
18375;3092;5
18376;2369;7
18377;6609;5
18378;3293;4
18379;8087;7
18380;4097;6
18381;7485;1
18382;6721;4
18383;8422;5
18384;6437;4
18385;4549;3
18386;1407;3
18387;6180;7
18388;6776;2
18389;1889;6
18390;6643;2
18391;8085;3
18392;7941;7
18393;8200;1
18394;8447;4
18395;4915;6
18396;6053;6
18397;5464;1
18398;6782;4
18399;5132;1
18400;7261;2
18401;3487;6
18402;5601;7
18403;2404;7
18404;6815;6
18405;3306;4
18406;3682;7
18407;7875;4
18408;5136;4
18409;3310;5
18410;4742;6
18411;1772;4
18412;6005;2
18413;8843;4
18414;3545;7
18415;4261;5
18416;6981;2
18417;1417;2
18418;8060;5
18419;4496;2
18420;7918;2
18421;1501;2
18422;1499;1
18423;4860;1
18424;6424;5
18425;2521;5
18426;5084;2
18427;7211;3
18428;1611;1
18429;7221;2
18430;7902;5
18431;7849;1
18432;2438;3
18433;2016;3
18434;6327;5
18435;3203;3
18436;3335;5
18437;1245;6
18438;1991;6
18439;6899;6
18440;2747;4
18441;1635;7
18442;2574;6
18443;6916;4
18444;4565;1
18445;1544;7
18446;5398;7
18447;1280;5
18448;8399;2
18449;4105;1
18450;8437;5
18451;1013;2
18452;7524;4
18453;2542;1
18454;1187;1
18455;4107;2
18456;8136;2
18457;6967;4
18458;4326;5
18459;8060;5
18460;3284;5
18461;2555;6
18462;4362;7
18463;8884;4
18464;8760;6
18465;3406;6
18466;7832;6
18467;8578;4
18468;2392;5
18469;1991;2
18470;5791;3
18471;3657;4
18472;3532;4
18473;3951;1
18474;2974;1
18475;2478;3
18476;1308;2
18477;8909;7
18478;3486;3
18479;5192;6
18480;8180;5
18481;1166;5
18482;5821;1
18483;4080;2
18484;7074;7
18485;6273;5
18486;3881;6
18487;5016;5
18488;7742;3
18489;2679;1
18490;5225;1
18491;2601;1
18492;6831;6
18493;3524;2
18494;2023;4
18495;1529;5
18496;2249;7
18497;8795;7
18498;6606;2
18499;2791;6
18500;7021;6
18501;1980;4
18502;1073;5
18503;1938;5
18504;2512;1
18505;3387;2
18506;3498;1
18507;1076;5
18508;6332;5
18509;6376;5
18510;5482;1
18511;2246;7
18512;6283;7
18513;2620;5
18514;4505;3
18515;2932;4
18516;2821;1
18517;8892;4
18518;7887;4
18519;5729;4
18520;2031;4
18521;2223;6
18522;8859;3
18523;8357;1
18524;1131;7
18525;1622;7
18526;6124;2
18527;4883;5
18528;7456;5
18529;8664;3
18530;5190;2
18531;2537;5
18532;8990;5
18533;1927;2
18534;3719;6
18535;7754;2
18536;6920;3
18537;3611;7
18538;2730;3
18539;6616;3
18540;5045;4
18541;2444;4
18542;8940;4
18543;7256;4
18544;5148;6
18545;1937;4
18546;4497;6
18547;8871;4
18548;2816;6
18549;4345;5
18550;6549;3
18551;4584;6
18552;8454;3
18553;2282;6
18554;1497;7
18555;7134;5
18556;6735;5
18557;8619;2
18558;2693;2
18559;4594;1
18560;6920;6
18561;6753;5
18562;3993;3
18563;2512;5
18564;2922;7
18565;4841;5
18566;8701;4
18567;3092;6
18568;8401;1
18569;3877;1
18570;5415;3
18571;2491;7
18572;6960;2
18573;1550;2
18574;2116;1
18575;8953;5
18576;2643;7
18577;1305;7
18578;7760;5
18579;7645;4
18580;4366;6
18581;2409;5
18582;7494;5
18583;8892;5
18584;3225;5
18585;8176;1
18586;4010;1
18587;3752;6
18588;6802;5
18589;4632;2
18590;2127;3
18591;2020;6
18592;3043;6
18593;6723;3
18594;4594;2
18595;2964;7
18596;4394;2
18597;6230;7
18598;6116;2
18599;7463;7
18600;5841;4
18601;1998;3
18602;4588;2
18603;4025;1
18604;7826;2
18605;5771;4
18606;4309;6
18607;1852;3
18608;1723;3
18609;8306;1
18610;6252;6
18611;1391;1
18612;2406;5
18613;6650;7
18614;7664;2
18615;2175;5
18616;3424;2
18617;4066;5
18618;6134;5
18619;8650;5
18620;2212;6
18621;7073;4
18622;5972;7
18623;2132;4
18624;5901;2
18625;7210;2
18626;6171;2
18627;2134;3
18628;3725;2
18629;8669;6
18630;3909;7
18631;4190;3
18632;4809;1
18633;6026;7
18634;3400;1
18635;7883;2
18636;5176;3
18637;7984;1
18638;1046;2
18639;4489;4
18640;7156;7
18641;2892;5
18642;7928;3
18643;5588;2
18644;1377;3
18645;5806;5
18646;4815;2
18647;3762;5
18648;3661;4
18649;1602;3
18650;2688;7
18651;4387;4
18652;6725;4
18653;8445;4
18654;6573;5
18655;4569;4
18656;7259;4
18657;8413;7
18658;4610;1
18659;6218;5
18660;3540;5
18661;4507;2
18662;1690;7
18663;3563;2
18664;5387;7
18665;7073;7
18666;7701;7
18667;5715;6
18668;1042;5
18669;3183;2
18670;4956;3
18671;1857;3
18672;1437;3
18673;7708;6
18674;2076;5
18675;1914;6
18676;6560;4
18677;3249;6
18678;7253;3
18679;5443;6
18680;7494;7
18681;3513;5
18682;7913;4
18683;7560;1
18684;4371;2
18685;3248;2
18686;4547;2
18687;8731;3
18688;2739;6
18689;3784;1
18690;6461;7
18691;5254;2
18692;5040;2
18693;5436;7
18694;4864;4
18695;8873;4
18696;4496;2
18697;2722;6
18698;3083;4
18699;1862;4
18700;4368;6
18701;7267;1
18702;3899;5
18703;1411;7
18704;7644;4
18705;4822;1
18706;1981;3
18707;1495;1
18708;3530;5
18709;7683;2
18710;3222;3
18711;6156;2
18712;1869;3
18713;5943;6
18714;8691;4
18715;1660;2
18716;8721;1
18717;3854;1
18718;4098;4
18719;6163;3
18720;1340;6
18721;8464;7
18722;3052;1
18723;2804;5
18724;6829;3
18725;8583;3
18726;8783;2
18727;2800;2
18728;1798;2
18729;6879;7
18730;6916;2
18731;7852;5
18732;2758;4
18733;8531;7
18734;4162;5
18735;5550;1
18736;7102;6
18737;6955;2
18738;7939;5
18739;6447;5
18740;2506;6
18741;3345;7
18742;5398;1
18743;2136;6
18744;6082;6
18745;1438;1
18746;4038;3
18747;2134;3
18748;1708;6
18749;5988;6
18750;6039;3
18751;7697;6
18752;2477;2
18753;7286;7
18754;3221;7
18755;3652;7
18756;2162;1
18757;6045;5
18758;7341;2
18759;7151;6
18760;2052;5
18761;4335;2
18762;8009;4
18763;6417;1
18764;7915;7
18765;3979;7
18766;8317;2
18767;3352;5
18768;7674;3
18769;8700;5
18770;6692;2
18771;7655;3
18772;7408;2
18773;1474;4
18774;2004;5
18775;1935;5
18776;2645;6
18777;5436;5
18778;7509;1
18779;4491;6
18780;4527;5
18781;2801;7
18782;6404;7
18783;6283;4
18784;8656;7
18785;7265;2
18786;3071;7
18787;4598;1
18788;6404;2
18789;8240;7
18790;7592;1
18791;7476;3
18792;4889;7
18793;8790;2
18794;1160;2
18795;8980;3
18796;4237;6
18797;5876;1
18798;6027;5
18799;3457;5
18800;7905;7
18801;1410;5
18802;6611;6
18803;5607;2
18804;8899;4
18805;6194;1
18806;6905;3
18807;6254;3
18808;1881;7
18809;3027;2
18810;2446;5
18811;2813;1
18812;4063;6
18813;2569;3
18814;3532;4
18815;2102;2
18816;1521;3
18817;5392;1
18818;8475;1
18819;3736;4
18820;3920;1
18821;4013;1
18822;4266;6
18823;2403;5
18824;5921;5
18825;3186;3
18826;3941;7
18827;2628;6
18828;6942;5
18829;2879;7
18830;2931;3
18831;8016;3
18832;7351;2
18833;6230;7
18834;6146;2
18835;2100;5
18836;2065;1
18837;5327;6
18838;5284;3
18839;7544;5
18840;2559;7
18841;2970;3
18842;7677;2
18843;3850;3
18844;6996;2
18845;5540;6
18846;1924;1
18847;8398;1
18848;7873;5
18849;4998;3
18850;2342;1
18851;2125;7
18852;7677;1
18853;6887;4
18854;2484;1
18855;5056;5
18856;8059;6
18857;8090;4
18858;1336;6
18859;4729;3
18860;3569;6
18861;5918;7
18862;8860;7
18863;4463;4
18864;5845;3
18865;3692;3
18866;1094;3
18867;4602;4
18868;6522;1
18869;4639;1
18870;3047;5
18871;6471;5
18872;5997;6
18873;8806;7
18874;2491;6
18875;7990;6
18876;4331;7
18877;5657;1
18878;3084;1
18879;7082;4
18880;5065;6
18881;1234;4
18882;1483;6
18883;2008;4
18884;2732;6
18885;8567;4
18886;2020;4
18887;7576;1
18888;1775;5
18889;3020;4
18890;6749;2
18891;8609;1
18892;3829;4
18893;7081;7
18894;1139;6
18895;2813;2
18896;6088;1
18897;8006;6
18898;3995;7
18899;5537;6
18900;8464;7
18901;7945;3
18902;5442;5
18903;8404;4
18904;7373;4
18905;2655;7
18906;1738;2
18907;5374;6
18908;8985;6
18909;8187;4
18910;3693;3
18911;5981;7
18912;8113;2
18913;5351;7
18914;4975;1
18915;1354;2
18916;2310;2
18917;1129;2
18918;8006;6
18919;4074;4
18920;1511;2
18921;3191;6
18922;3361;6
18923;6243;2
18924;2206;1
18925;1036;5
18926;7821;7
18927;5569;6
18928;1494;1
18929;6956;5
18930;1210;3
18931;7289;5
18932;8382;4
18933;1479;6
18934;2921;5
18935;4038;6
18936;3683;3
18937;7645;5
18938;8897;2
18939;5271;3
18940;3902;6
18941;8388;2
18942;8446;2
18943;8877;7
18944;8005;7
18945;5998;7
18946;7607;3
18947;4833;7
18948;7714;6
18949;5529;5
18950;1330;3
18951;5194;5
18952;3074;2
18953;8065;3
18954;1540;6
18955;5005;7
18956;8494;4
18957;2721;5
18958;4132;5
18959;6764;1
18960;1016;2
18961;5894;6
18962;4402;4
18963;3239;7
18964;2417;7
18965;3605;1
18966;6450;5
18967;6718;4
18968;3312;1
18969;3762;4
18970;7133;5
18971;6308;2
18972;8092;3
18973;3395;2
18974;4813;1
18975;7829;6
18976;3117;4
18977;6955;1
18978;6561;4
18979;1592;2
18980;2092;7
18981;2148;5
18982;6430;7
18983;2856;7
18984;5017;3
18985;3238;2
18986;6327;7
18987;5428;7
18988;8115;6
18989;4863;7
18990;4645;3
18991;5696;2
18992;8763;5
18993;7748;6
18994;2454;4
18995;8690;7
18996;7601;2
18997;8170;3
18998;7490;5
18999;3754;1
19000;1915;4
19001;2266;3
19002;4103;4
19003;3552;3
19004;3097;7
19005;3379;7
19006;1556;5
19007;1602;5
19008;6292;1
19009;7864;6
19010;2169;1
19011;1888;5
19012;3823;2
19013;7473;3
19014;4914;4
19015;7359;2
19016;6902;1
19017;6729;6
19018;8752;2
19019;4003;1
19020;2561;7
19021;8294;5
19022;1064;3
19023;6794;4
19024;5543;1
19025;1212;5
19026;7707;3
19027;5692;6
19028;1761;6
19029;6110;7
19030;1629;7
19031;2943;2
19032;1174;1
19033;3197;2
19034;4355;2
19035;6364;4
19036;1930;5
19037;4088;5
19038;4120;7
19039;7665;5
19040;4105;6
19041;4946;6
19042;4628;2
19043;3995;3
19044;5719;3
19045;8897;1
19046;4954;1
19047;5712;2
19048;1327;6
19049;7283;4
19050;4876;4
19051;4767;1
19052;7390;6
19053;2627;1
19054;4536;5
19055;5325;6
19056;5687;2
19057;1515;3
19058;8493;7
19059;5854;2
19060;8486;3
19061;5703;2
19062;6634;3
19063;3144;3
19064;2587;7
19065;3957;2
19066;7946;6
19067;5339;1
19068;7668;1
19069;4958;1
19070;2301;3
19071;1801;1
19072;5945;3
19073;6531;7
19074;4036;5
19075;2449;2
19076;7400;7
19077;7382;2
19078;2104;1
19079;5369;5
19080;3154;1
19081;3703;3
19082;6310;6
19083;1454;1
19084;2416;3
19085;2065;2
19086;2847;4
19087;4583;6
19088;1615;6
19089;1603;6
19090;5368;7
19091;6596;6
19092;5980;4
19093;5397;5
19094;5249;7
19095;1521;1
19096;6085;1
19097;2935;3
19098;1873;4
19099;1802;6
19100;1919;7
19101;2926;6
19102;3914;6
19103;4735;5
19104;8930;5
19105;6031;6
19106;2249;2
19107;6224;2
19108;2334;5
19109;2010;2
19110;5321;3
19111;1131;7
19112;4630;6
19113;1522;7
19114;6749;3
19115;2248;2
19116;1499;5
19117;6432;4
19118;5662;6
19119;7641;6
19120;3536;5
19121;1918;3
19122;8088;1
19123;1679;7
19124;7639;5
19125;5247;6
19126;7141;6
19127;1903;3
19128;8639;4
19129;5892;7
19130;4944;4
19131;2095;7
19132;4618;3
19133;6704;1
19134;7755;6
19135;5489;6
19136;5289;6
19137;5920;2
19138;7555;7
19139;2048;2
19140;5517;2
19141;3211;5
19142;4770;1
19143;1664;5
19144;4654;3
19145;4535;4
19146;3012;5
19147;1356;3
19148;1483;2
19149;6804;5
19150;8242;4
19151;5475;7
19152;6700;4
19153;8695;7
19154;3975;7
19155;8318;3
19156;4148;6
19157;7930;6
19158;8303;3
19159;2670;5
19160;8858;5
19161;3032;2
19162;7514;3
19163;8416;5
19164;6237;4
19165;2803;1
19166;2039;7
19167;3259;7
19168;6476;5
19169;4148;2
19170;8250;3
19171;1250;4
19172;8603;4
19173;8606;7
19174;2205;3
19175;4318;7
19176;3803;7
19177;3154;6
19178;1664;1
19179;7945;6
19180;8529;5
19181;3260;3
19182;3625;3
19183;6981;5
19184;4154;7
19185;4477;5
19186;6389;1
19187;5211;7
19188;1592;5
19189;7758;2
19190;4714;6
19191;6289;1
19192;8626;2
19193;6231;3
19194;8948;1
19195;4483;4
19196;5859;5
19197;2147;3
19198;6011;3
19199;3602;5
19200;3860;5
19201;7495;6
19202;3465;1
19203;4845;6
19204;4270;7
19205;1031;2
19206;5790;2
19207;3536;4
19208;1884;3
19209;8784;1
19210;4924;6
19211;4501;2
19212;6539;2
19213;5596;2
19214;6584;6
19215;2660;6
19216;1045;6
19217;8987;5
19218;4509;7
19219;4858;1
19220;8061;7
19221;6507;3
19222;8932;2
19223;1025;7
19224;8873;1
19225;4280;7
19226;2931;3
19227;1204;7
19228;6368;7
19229;2430;7
19230;1381;3
19231;2093;5
19232;7461;7
19233;5091;4
19234;1441;6
19235;2865;4
19236;4503;1
19237;2412;6
19238;7022;2
19239;5746;2
19240;1418;3
19241;8958;2
19242;4230;6
19243;4083;6
19244;2832;3
19245;7858;7
19246;3355;3
19247;4924;7
19248;6127;3
19249;7623;3
19250;1268;7
19251;7894;5
19252;5558;6
19253;1462;5
19254;2203;1
19255;4499;2
19256;4351;5
19257;5588;6
19258;6337;4
19259;7871;1
19260;7430;7
19261;1288;5
19262;7984;5
19263;8156;3
19264;4296;4
19265;3190;3
19266;8557;1
19267;6090;1
19268;2369;1
19269;1189;2
19270;7821;3
19271;6632;5
19272;2521;5
19273;3567;6
19274;2856;6
19275;1925;5
19276;3530;2
19277;8816;1
19278;2847;3
19279;1048;6
19280;4138;1
19281;3106;4
19282;6783;6
19283;7917;4
19284;6041;2
19285;7227;6
19286;8142;1
19287;2455;6
19288;7146;2
19289;8101;6
19290;4333;3
19291;4355;5
19292;4088;6
19293;7992;5
19294;8303;4
19295;4754;5
19296;8794;6
19297;2820;7
19298;3542;1
19299;4710;1
19300;7674;3
19301;1027;4
19302;2752;4
19303;2777;3
19304;2731;7
19305;8246;6
19306;5831;3
19307;3143;5
19308;3039;5
19309;5846;3
19310;3029;2
19311;4924;4
19312;4044;5
19313;8113;2
19314;6194;4
19315;5252;7
19316;1273;1
19317;8176;4
19318;4727;6
19319;2141;5
19320;5217;4
19321;4909;7
19322;4835;6
19323;1915;7
19324;6759;1
19325;6726;3
19326;6679;6
19327;6820;3
19328;5371;6
19329;8952;3
19330;7061;5
19331;6308;7
19332;1203;3
19333;5873;2
19334;7828;6
19335;2992;1
19336;8212;3
19337;3874;4
19338;5006;7
19339;8393;6
19340;4835;1
19341;7901;7
19342;4293;1
19343;8938;4
19344;6234;6
19345;4564;2
19346;6284;4
19347;8426;4
19348;4595;4
19349;5127;6
19350;6284;3
19351;1809;3
19352;7642;4
19353;6081;6
19354;3898;2
19355;7493;6
19356;4841;5
19357;8441;3
19358;2823;1
19359;4352;5
19360;4366;3
19361;1884;5
19362;5644;1
19363;7625;5
19364;7297;2
19365;4074;6
19366;5837;4
19367;5537;6
19368;6502;4
19369;8070;6
19370;5828;2
19371;4651;4
19372;6331;6
19373;4346;5
19374;2645;2
19375;4697;4
19376;6952;1
19377;5412;4
19378;2238;7
19379;2688;2
19380;7686;5
19381;2268;5
19382;3286;3
19383;1245;5
19384;8698;5
19385;8527;3
19386;6411;4
19387;3105;4
19388;7665;3
19389;2901;7
19390;5616;1
19391;1932;7
19392;6339;5
19393;6456;4
19394;8832;3
19395;8306;3
19396;2133;7
19397;6724;7
19398;2090;4
19399;3620;5
19400;5059;2
19401;2058;2
19402;5537;2
19403;4561;6
19404;1196;7
19405;3192;6
19406;4104;6
19407;2623;5
19408;3736;3
19409;6344;3
19410;6179;4
19411;1451;1
19412;7681;1
19413;5647;6
19414;1480;4
19415;8111;5
19416;2226;4
19417;4643;7
19418;5595;4
19419;6915;6
19420;3734;6
19421;7800;1
19422;4297;5
19423;7775;3
19424;1405;2
19425;2970;5
19426;8613;4
19427;5523;2
19428;4513;5
19429;3933;1
19430;5675;4
19431;7222;1
19432;5038;3
19433;2236;4
19434;5307;4
19435;6788;5
19436;2404;3
19437;1671;3
19438;4939;7
19439;7973;5
19440;7976;6
19441;7541;1
19442;2318;3
19443;1917;3
19444;6619;3
19445;5012;4
19446;2418;6
19447;3926;1
19448;4187;3
19449;5405;4
19450;8141;3
19451;1643;5
19452;1704;7
19453;7518;2
19454;3216;3
19455;7825;2
19456;3642;6
19457;7376;1
19458;8088;6
19459;6610;1
19460;1739;7
19461;3981;3
19462;7942;5
19463;4454;1
19464;8216;4
19465;7856;5
19466;7535;5
19467;2981;4
19468;5496;2
19469;5872;3
19470;7589;4
19471;6675;3
19472;8139;1
19473;3330;5
19474;7596;7
19475;2940;3
19476;4671;2
19477;4245;1
19478;3416;3
19479;4688;4
19480;8056;4
19481;3559;3
19482;2315;5
19483;8182;3
19484;7516;2
19485;1604;7
19486;4912;3
19487;6775;7
19488;3288;6
19489;7269;2
19490;3753;5
19491;3074;7
19492;3845;4
19493;3347;3
19494;2420;5
19495;8340;4
19496;2399;5
19497;7175;1
19498;8822;3
19499;6959;3
19500;4399;4
19501;1483;2
19502;5305;4
19503;3722;7
19504;4911;4
19505;3286;7
19506;7787;3
19507;8311;4
19508;1356;2
19509;4406;3
19510;3418;2
19511;1338;5
19512;8411;7
19513;4185;7
19514;6491;1
19515;2655;4
19516;1952;2
19517;4953;6
19518;6830;7
19519;3062;3
19520;3652;1
19521;2795;4
19522;6256;3
19523;6743;2
19524;2482;4
19525;8075;4
19526;6275;5
19527;5257;7
19528;1932;1
19529;5271;1
19530;2916;6
19531;5820;7
19532;3366;2
19533;2028;3
19534;6852;3
19535;7063;1
19536;2462;7
19537;8986;6
19538;5587;2
19539;4287;5
19540;5822;1
19541;2511;6
19542;8136;4
19543;8246;5
19544;6623;5
19545;2464;5
19546;3231;2
19547;5032;4
19548;1068;6
19549;7476;3
19550;5563;1
19551;2580;6
19552;3229;7
19553;8552;6
19554;4333;4
19555;6083;2
19556;7920;3
19557;5518;1
19558;5168;2
19559;5636;4
19560;8870;3
19561;1246;1
19562;1659;2
19563;4345;1
19564;2125;4
19565;5973;2
19566;6795;7
19567;5836;2
19568;4119;3
19569;8902;3
19570;1385;3
19571;3847;1
19572;5539;7
19573;2560;1
19574;1860;1
19575;4772;3
19576;8405;1
19577;2747;6
19578;4483;1
19579;7538;2
19580;2797;6
19581;2167;7
19582;3164;4
19583;7883;2
19584;7546;2
19585;8815;4
19586;5754;2
19587;4612;3
19588;7289;6
19589;1335;3
19590;2593;4
19591;2674;5
19592;3125;5
19593;7520;2
19594;5265;6
19595;3239;4
19596;2251;7
19597;8044;1
19598;8961;3
19599;8461;1
19600;2409;7
19601;5153;4
19602;7766;2
19603;3996;1
19604;3090;7
19605;2014;2
19606;6023;7
19607;2509;3
19608;7794;6
19609;7833;3
19610;2093;3
19611;1026;6
19612;2344;3
19613;7754;3
19614;4990;4
19615;1449;4
19616;6598;2
19617;2786;4
19618;4702;1
19619;4448;1
19620;7564;6
19621;2961;5
19622;1524;7
19623;3496;3
19624;4068;6
19625;4766;3
19626;3839;1
19627;2314;7
19628;1291;7
19629;2846;6
19630;2169;3
19631;5539;4
19632;1358;1
19633;6798;1
19634;8430;4
19635;6385;7
19636;3061;5
19637;8455;3
19638;2906;4
19639;1274;3
19640;6039;7
19641;8082;6
19642;7818;7
19643;1820;7
19644;7705;7
19645;7894;2
19646;7770;6
19647;2880;2
19648;1061;5
19649;2322;2
19650;6376;3
19651;1716;5
19652;2019;3
19653;2754;1
19654;2251;2
19655;4417;6
19656;6187;1
19657;2629;6
19658;1138;1
19659;2267;1
19660;6887;7
19661;7743;7
19662;1839;3
19663;6570;7
19664;7020;3
19665;1348;6
19666;7907;1
19667;5428;3
19668;2575;5
19669;5192;4
19670;2347;6
19671;5811;2
19672;6492;6
19673;8850;7
19674;6324;2
19675;1424;7
19676;2692;3
19677;1028;6
19678;8476;4
19679;1538;7
19680;8607;2
19681;4826;4
19682;1730;3
19683;4228;5
19684;2639;2
19685;4393;4
19686;2319;4
19687;5665;1
19688;5940;7
19689;5577;3
19690;6843;1
19691;6542;2
19692;6188;5
19693;3712;2
19694;4168;4
19695;3184;6
19696;6392;3
19697;3147;5
19698;6696;3
19699;6611;1
19700;7947;4
19701;8421;5
19702;7545;6
19703;6737;1
19704;7799;6
19705;6547;2
19706;3428;4
19707;6255;7
19708;6475;3
19709;5165;5
19710;4996;7
19711;2801;4
19712;6842;2
19713;5901;4
19714;6333;7
19715;8189;5
19716;7295;4
19717;2279;2
19718;2833;4
19719;6084;6
19720;2315;2
19721;6652;5
19722;5272;5
19723;1971;5
19724;1676;4
19725;5542;2
19726;4329;1
19727;1689;2
19728;7095;3
19729;5103;4
19730;1422;5
19731;7356;2
19732;4225;4
19733;5092;2
19734;7254;5
19735;7801;6
19736;1617;3
19737;5119;6
19738;1360;2
19739;2005;2
19740;1881;1
19741;1232;5
19742;1437;2
19743;4039;1
19744;4280;6
19745;3395;3
19746;2407;6
19747;5667;2
19748;8981;3
19749;4856;5
19750;3552;6
19751;6737;4
19752;5173;3
19753;3854;7
19754;5626;1
19755;2790;7
19756;2187;6
19757;2434;7
19758;7502;7
19759;3346;6
19760;6960;1
19761;1761;7
19762;1631;3
19763;4208;3
19764;5864;7
19765;5124;3
19766;2197;1
19767;5502;5
19768;5579;3
19769;4813;2
19770;1863;7
19771;2248;6
19772;1347;7
19773;8152;1
19774;2609;2
19775;3693;5
19776;3722;6
19777;1416;6
19778;2618;2
19779;7238;3
19780;7381;3
19781;5051;5
19782;3666;5
19783;1949;3
19784;4793;5
19785;3627;4
19786;3467;1
19787;4812;6
19788;7323;2
19789;5112;1
19790;6749;7
19791;1492;1
19792;6409;4
19793;1500;1
19794;6960;5
19795;7036;6
19796;7813;7
19797;2752;4
19798;7918;7
19799;4635;6
19800;7647;7
19801;7931;2
19802;3671;2
19803;3370;1
19804;3026;3
19805;7913;5
19806;2615;4
19807;2579;2
19808;6142;2
19809;7031;4
19810;5768;4
19811;3180;1
19812;7097;5
19813;8141;5
19814;4225;3
19815;4966;2
19816;7188;1
19817;4282;4
19818;3305;7
19819;8141;2
19820;7183;2
19821;3427;6
19822;4805;4
19823;5612;6
19824;1888;3
19825;5714;3
19826;4588;2
19827;1311;7
19828;7692;6
19829;7415;5
19830;1964;7
19831;8590;7
19832;5223;7
19833;1867;1
19834;6110;5
19835;7978;6
19836;3642;2
19837;2107;6
19838;3598;5
19839;4173;6
19840;7647;5
19841;4293;6
19842;1520;4
19843;4764;3
19844;1069;2
19845;5869;2
19846;8372;5
19847;8577;4
19848;8995;3
19849;7153;3
19850;3460;3
19851;6148;7
19852;5820;5
19853;2650;1
19854;2264;7
19855;4647;4
19856;3883;3
19857;3672;5
19858;1222;1
19859;8060;7
19860;3255;7
19861;5467;3
19862;2308;6
19863;3725;5
19864;4804;6
19865;6885;5
19866;1283;2
19867;4114;3
19868;2121;1
19869;5913;3
19870;4563;3
19871;4063;7
19872;7116;2
19873;2612;4
19874;5735;2
19875;5212;2
19876;3833;6
19877;4427;6
19878;7307;1
19879;1397;4
19880;4629;5
19881;7834;1
19882;3784;6
19883;7173;4
19884;1698;3
19885;1018;4
19886;2097;2
19887;2174;4
19888;6261;2
19889;5017;2
19890;2158;6
19891;8343;3
19892;5305;4
19893;1988;7
19894;3448;4
19895;1431;7
19896;3175;7
19897;3901;5
19898;3047;1
19899;2296;5
19900;3523;4
19901;6583;7
19902;6104;6
19903;3238;6
19904;1774;4
19905;4824;3
19906;6965;3
19907;2886;1
19908;2947;1
19909;7990;4
19910;6443;6
19911;1292;7
19912;2459;6
19913;5359;1
19914;5442;6
19915;6714;5
19916;6648;6
19917;5015;6
19918;1132;4
19919;2810;5
19920;5859;6
19921;7651;1
19922;1955;3
19923;8912;5
19924;8366;1
19925;8343;2
19926;8728;3
19927;6395;3
19928;7369;2
19929;4983;3
19930;4367;7
19931;3985;1
19932;1930;3
19933;5353;6
19934;5221;6
19935;6921;6
19936;4116;7
19937;7073;2
19938;6248;3
19939;4458;1
19940;1677;4
19941;7862;2
19942;4972;3
19943;6642;4
19944;1148;1
19945;4926;7
19946;8994;6
19947;7932;3
19948;2847;2
19949;5289;1
19950;6102;7
19951;4623;2
19952;2030;5
19953;1598;3
19954;1887;3
19955;5696;7
19956;4854;1
19957;6422;2
19958;4560;3
19959;8181;6
19960;5700;3
19961;3450;5
19962;7315;7
19963;7400;4
19964;2915;2
19965;3518;1
19966;4748;2
19967;2215;5
19968;2481;7
19969;8070;6
19970;7120;3
19971;2573;2
19972;8331;2
19973;7591;6
19974;6702;5
19975;7131;2
19976;8515;7
19977;1841;2
19978;7375;3
19979;8568;7
19980;1735;4
19981;2380;1
19982;2830;4
19983;6108;5
19984;5059;2
19985;4745;2
19986;3327;7
19987;3869;2
19988;3056;5
19989;6375;4
19990;2586;6
19991;5176;1
19992;7463;2
19993;1802;5
19994;2064;5
19995;8355;6
19996;7843;7
19997;8086;1
19998;7749;3
19999;6078;4
20000;8181;5
20001;1407;5
20002;8215;6
20003;1122;4
20004;2491;1
20005;6318;2
20006;3984;1
20007;4488;2
20008;4432;3
20009;1832;7
20010;3657;1
20011;4240;2
20012;1009;2
20013;2950;3
20014;2893;4
20015;6428;5
20016;2197;1
20017;6082;7
20018;7693;6
20019;3373;5
20020;3173;4
20021;6347;5
20022;3074;3
20023;3106;2
20024;3313;7
20025;2870;6
20026;4529;6
20027;5997;6
20028;8301;2
20029;1916;3
20030;7593;4
20031;6289;7
20032;1105;3
20033;4150;2
20034;4059;6
20035;3587;1
20036;2109;5
20037;5830;2
20038;6827;5
20039;5605;4
20040;7644;1
20041;8839;7
20042;1623;7
20043;8201;2
20044;7365;7
20045;2665;3
20046;4827;4
20047;8130;7
20048;1629;2
20049;6835;1
20050;8993;1
20051;6736;4
20052;4572;6
20053;1081;5
20054;1358;3
20055;2732;5
20056;3190;6
20057;1079;6
20058;3828;2
20059;7110;4
20060;4093;4
20061;8848;3
20062;6830;2
20063;2007;1
20064;6339;5
20065;3425;4
20066;7300;5
20067;7374;5
20068;5158;2
20069;1245;5
20070;2028;6
20071;5541;7
20072;3288;2
20073;1988;2
20074;3677;5
20075;3687;2
20076;4966;2
20077;7292;4
20078;8743;6
20079;8006;2
20080;7914;5
20081;5729;2
20082;8331;2
20083;3052;4
20084;5414;4
20085;8486;1
20086;5627;7
20087;3332;3
20088;8695;6
20089;8755;5
20090;7706;1
20091;2068;1
20092;5263;3
20093;8311;7
20094;4631;7
20095;1051;4
20096;4276;6
20097;1674;4
20098;1826;4
20099;6553;4
20100;7285;5
20101;8736;7
20102;3534;3
20103;6045;5
20104;8264;6
20105;7500;1
20106;7873;6
20107;2247;2
20108;2008;5
20109;8923;6
20110;8837;6
20111;1041;2
20112;4351;3
20113;3298;4
20114;1012;5
20115;3111;5
20116;3457;6
20117;6873;7
20118;8849;7
20119;7763;7
20120;4752;5
20121;4838;4
20122;7407;3
20123;5141;2
20124;1031;1
20125;1492;5
20126;2986;4
20127;7950;3
20128;2662;2
20129;4582;5
20130;6223;6
20131;7380;2
20132;5817;6
20133;3946;4
20134;2852;4
20135;1153;7
20136;7098;4
20137;8450;7
20138;7041;5
20139;1510;6
20140;3207;1
20141;2718;6
20142;1558;6
20143;2266;2
20144;7734;3
20145;2067;7
20146;5184;5
20147;6870;5
20148;2835;5
20149;7218;4
20150;8608;3
20151;5384;5
20152;4470;4
20153;3150;7
20154;7348;6
20155;2918;5
20156;1362;1
20157;6534;1
20158;6241;5
20159;3454;6
20160;8383;7
20161;1689;1
20162;6737;1
20163;7870;2
20164;4262;5
20165;3130;1
20166;6553;5
20167;2904;7
20168;2809;4
20169;3217;3
20170;4529;3
20171;1163;4
20172;2053;7
20173;8349;4
20174;3802;3
20175;3349;2
20176;8717;5
20177;3718;3
20178;5192;7
20179;6875;1
20180;4883;2
20181;3923;5
20182;4390;5
20183;1930;5
20184;6192;7
20185;7902;6
20186;2543;2
20187;1364;2
20188;1737;4
20189;7644;3
20190;6106;5
20191;1434;6
20192;5961;4
20193;1407;2
20194;5969;5
20195;5761;6
20196;7759;5
20197;1178;2
20198;1360;5
20199;1973;2
20200;8912;4
20201;1708;3
20202;2393;3
20203;3613;2
20204;7253;2
20205;2881;5
20206;7733;5
20207;7998;1
20208;4164;4
20209;5851;7
20210;7689;1
20211;5522;2
20212;1435;2
20213;7466;1
20214;6274;7
20215;5060;3
20216;6007;2
20217;6557;6
20218;7580;5
20219;1916;4
20220;4471;3
20221;4269;6
20222;6618;4
20223;3006;4
20224;5681;5
20225;8918;6
20226;6060;7
20227;7719;4
20228;3075;1
20229;1072;4
20230;3867;2
20231;3834;5
20232;8957;1
20233;1012;2
20234;7366;6
20235;2597;6
20236;8648;5
20237;3823;5
20238;8796;2
20239;4756;7
20240;4619;4
20241;3001;1
20242;2967;4
20243;7097;3
20244;6547;6
20245;8231;1
20246;6339;4
20247;4738;4
20248;5495;1
20249;2325;3
20250;5220;1
20251;7473;6
20252;3742;5
20253;3759;2
20254;6380;3
20255;6448;6
20256;5222;1
20257;4276;4
20258;6771;5
20259;1892;6
20260;5603;1
20261;6802;2
20262;2363;7
20263;3088;3
20264;6235;5
20265;5754;6
20266;4109;2
20267;2961;2
20268;1503;1
20269;5912;2
20270;5449;3
20271;6406;5
20272;3122;1
20273;3625;1
20274;1384;6
20275;4365;5
20276;1485;4
20277;7563;4
20278;1834;5
20279;3265;4
20280;6971;4
20281;6052;5
20282;4859;3
20283;1679;5
20284;7747;5
20285;1186;4
20286;5505;7
20287;6342;5
20288;8395;2
20289;2567;1
20290;3030;7
20291;6424;6
20292;1826;2
20293;2052;5
20294;5898;5
20295;1443;2
20296;6939;3
20297;1385;5
20298;6835;2
20299;4987;3
20300;3695;3
20301;2978;2
20302;4813;6
20303;3821;1
20304;7028;2
20305;8952;6
20306;8135;2
20307;7110;2
20308;4977;5
20309;1830;4
20310;4377;3
20311;3451;3
20312;2427;1
20313;4289;4
20314;5525;4
20315;7107;4
20316;3570;5
20317;4486;5
20318;3535;2
20319;1533;1
20320;2170;7
20321;6918;7
20322;6925;1
20323;7487;6
20324;3446;2
20325;4250;5
20326;6521;5
20327;2266;1
20328;8629;7
20329;5220;4
20330;6938;3
20331;4905;6
20332;3446;5
20333;7374;2
20334;2274;5
20335;4434;4
20336;1727;4
20337;5998;1
20338;7595;6
20339;5990;3
20340;4246;3
20341;2631;1
20342;1636;5
20343;8344;6
20344;4003;5
20345;6070;1
20346;2818;4
20347;2879;2
20348;4811;2
20349;3680;2
20350;6849;1
20351;7743;2
20352;3033;2
20353;1429;5
20354;5937;6
20355;3861;4
20356;3574;6
20357;7969;6
20358;4155;7
20359;7567;2
20360;5998;6
20361;6420;3
20362;5100;2
20363;7997;6
20364;2046;3
20365;4323;4
20366;1010;4
20367;4897;2
20368;3220;5
20369;7109;6
20370;1616;6
20371;8862;2
20372;4611;6
20373;7104;5
20374;8916;7
20375;3315;6
20376;2039;2
20377;4441;7
20378;5610;2
20379;8098;2
20380;7518;3
20381;3195;3
20382;6466;5
20383;4894;3
20384;2280;3
20385;7007;6
20386;3961;2
20387;8641;3
20388;5712;3
20389;2006;5
20390;2294;7
20391;6147;2
20392;4295;1
20393;4179;3
20394;6421;2
20395;6934;4
20396;7448;7
20397;8309;1
20398;7166;6
20399;1359;7
20400;6634;3
20401;6445;1
20402;7487;5
20403;3198;4
20404;5588;6
20405;5440;2
20406;6299;1
20407;4776;6
20408;7563;1
20409;2978;3
20410;3738;7
20411;1447;2
20412;1010;5
20413;6298;2
20414;8789;1
20415;5240;1
20416;2670;4
20417;5124;7
20418;2325;1
20419;7225;2
20420;4378;5
20421;4317;4
20422;7289;2
20423;3409;6
20424;4802;7
20425;1923;1
20426;7043;3
20427;4410;7
20428;8177;2
20429;4317;6
20430;8081;4
20431;7794;7
20432;1463;3
20433;5885;2
20434;7384;3
20435;3611;3
20436;4986;7
20437;7044;3
20438;7579;6
20439;4775;1
20440;3535;6
20441;5719;2
20442;8558;6
20443;3300;4
20444;5684;2
20445;3166;5
20446;3251;3
20447;8281;6
20448;3955;2
20449;5932;4
20450;1249;6
20451;6147;4
20452;8853;4
20453;1003;3
20454;1064;2
20455;4822;1
20456;8408;2
20457;2676;3
20458;7521;7
20459;2643;2
20460;7133;5
20461;3191;3
20462;3571;6
20463;2621;5
20464;1838;2
20465;7884;3
20466;8370;6
20467;7566;4
20468;4324;4
20469;3696;1
20470;4484;3
20471;6354;3
20472;7800;2
20473;6352;4
20474;8149;7
20475;7260;3
20476;5003;3
20477;3660;6
20478;7637;7
20479;2994;3
20480;5733;5
20481;1766;5
20482;4591;4
20483;8486;1
20484;2750;1
20485;4120;3
20486;3275;7
20487;5636;7
20488;4698;6
20489;8302;6
20490;6044;7
20491;7879;2
20492;5808;1
20493;5309;4
20494;4263;1
20495;7169;3
20496;6003;5
20497;3852;7
20498;5856;6
20499;8192;5
20500;6011;3
20501;5122;5
20502;7732;1
20503;1532;5
20504;2764;7
20505;3897;7
20506;3123;3
20507;2625;3
20508;5046;3
20509;2417;4
20510;2018;3
20511;2311;2
20512;7132;6
20513;4561;1
20514;2786;5
20515;5583;1
20516;5199;7
20517;8111;4
20518;1298;5
20519;8312;7
20520;3963;7
20521;3989;6
20522;2935;5
20523;4861;1
20524;4985;2
20525;2883;5
20526;1124;6
20527;8803;6
20528;7382;3
20529;2467;2
20530;1712;1
20531;6361;3
20532;5593;6
20533;1200;3
20534;1745;5
20535;2423;6
20536;2936;1
20537;2818;2
20538;7802;1
20539;2834;4
20540;1526;6
20541;8572;3
20542;7990;7
20543;6340;3
20544;6575;3
20545;4076;5
20546;2013;4
20547;1764;7
20548;7900;6
20549;7916;5
20550;4641;3
20551;2229;6
20552;4028;5
20553;1301;6
20554;2985;4
20555;3466;6
20556;3231;6
20557;4924;5
20558;8098;1
20559;4148;6
20560;8979;1
20561;2968;3
20562;4220;1
20563;5969;3
20564;5425;5
20565;2018;4
20566;1607;7
20567;4167;5
20568;2223;1
20569;8099;5
20570;5111;4
20571;6484;1
20572;6199;7
20573;6719;3
20574;2525;3
20575;7300;7
20576;6713;7
20577;6386;7
20578;4401;1
20579;8786;6
20580;4477;6
20581;7723;2
20582;3222;3
20583;3623;1
20584;6873;7
20585;6074;6
20586;1806;7
20587;5344;5
20588;4896;1
20589;3921;7
20590;7596;5
20591;7426;4
20592;3767;1
20593;7414;4
20594;2205;2
20595;7419;6
20596;5900;7
20597;6696;3
20598;7270;5
20599;4524;1
20600;3642;4
20601;6666;6
20602;3854;6
20603;4371;2
20604;3075;4
20605;4411;1
20606;5942;5
20607;2277;3
20608;7866;2
20609;5175;7
20610;8779;4
20611;4146;2
20612;8707;1
20613;2743;1
20614;1958;4
20615;8842;7
20616;5344;7
20617;6947;4
20618;1788;3
20619;8451;4
20620;7361;4
20621;6584;7
20622;6999;1
20623;8672;5
20624;5098;6
20625;2379;5
20626;7578;2
20627;6589;5
20628;1714;2
20629;5396;2
20630;6752;7
20631;1922;7
20632;8147;3
20633;7933;3
20634;4133;3
20635;8695;3
20636;3923;7
20637;1311;1
20638;3386;2
20639;3256;1
20640;1448;3
20641;2729;5
20642;4277;5
20643;8042;7
20644;6587;6
20645;8899;4
20646;3135;3
20647;1696;1
20648;8795;4
20649;8504;4
20650;5919;6
20651;6338;5
20652;5640;5
20653;5156;7
20654;8578;3
20655;8100;4
20656;2596;3
20657;5452;3
20658;6280;5
20659;7995;1
20660;7007;7
20661;6485;7
20662;1067;2
20663;5357;6
20664;2534;3
20665;8635;7
20666;7380;5
20667;7141;5
20668;2488;6
20669;6077;3
20670;2786;4
20671;2179;5
20672;3855;6
20673;1737;1
20674;7123;6
20675;1586;7
20676;5787;6
20677;4293;5
20678;7979;3
20679;1664;4
20680;6043;3
20681;8094;6
20682;5511;5
20683;2155;4
20684;6381;2
20685;7401;4
20686;4709;4
20687;8803;7
20688;6118;2
20689;6151;3
20690;8721;2
20691;2045;2
20692;4015;1
20693;1362;3
20694;3748;2
20695;6214;1
20696;6075;1
20697;6176;6
20698;1748;3
20699;2806;6
20700;2118;3
20701;7379;1
20702;5909;6
20703;2163;7
20704;6300;7
20705;2451;7
20706;8203;3
20707;1815;3
20708;7512;4
20709;6616;6
20710;8958;1
20711;3602;3
20712;4804;2
20713;1999;5
20714;8067;4
20715;2321;5
20716;2870;1
20717;6634;4
20718;2895;7
20719;8741;3
20720;4791;7
20721;5542;1
20722;3590;6
20723;6728;4
20724;5919;2
20725;6539;5
20726;2945;7
20727;2782;4
20728;1274;5
20729;3762;7
20730;7366;1
20731;6063;3
20732;5643;5
20733;6161;7
20734;5219;7
20735;1188;5
20736;1395;5
20737;7121;6
20738;4826;4
20739;5774;5
20740;6256;6
20741;8828;4
20742;2808;5
20743;8729;5
20744;5337;4
20745;8252;4
20746;8671;6
20747;5131;1
20748;4496;5
20749;1434;3
20750;8088;4
20751;4031;6
20752;8066;3
20753;2003;4
20754;5134;7
20755;6842;4
20756;6496;2
20757;1551;2
20758;4153;2
20759;2937;5
20760;4696;6
20761;5392;2
20762;6497;6
20763;3154;3
20764;5715;3
20765;7800;1
20766;2534;7
20767;8765;7
20768;1196;7
20769;8715;3
20770;4962;3
20771;3116;7
20772;6318;4
20773;6712;1
20774;6938;1
20775;4321;6
20776;5396;3
20777;4897;2
20778;2727;7
20779;1522;2
20780;2480;5
20781;2817;1
20782;4029;3
20783;7166;5
20784;7315;7
20785;5908;5
20786;1701;7
20787;2774;6
20788;2577;7
20789;2033;4
20790;8264;4
20791;5191;4
20792;3125;7
20793;5972;1
20794;5351;4
20795;7512;3
20796;5786;5
20797;8831;5
20798;4095;3
20799;2581;5
20800;2359;7
20801;1269;1
20802;8902;5
20803;4621;3
20804;3140;4
20805;8448;3
20806;4327;7
20807;7797;2
20808;1026;6
20809;3125;2
20810;4843;1
20811;2699;6
20812;1401;1
20813;6379;4
20814;7508;3
20815;1057;4
20816;3405;5
20817;2912;3
20818;5339;6
20819;6109;5
20820;1035;4
20821;5882;5
20822;5590;4
20823;7854;5
20824;6063;5
20825;4421;1
20826;7538;3
20827;2515;7
20828;4934;5
20829;2800;2
20830;5154;3
20831;3840;3
20832;7269;4
20833;2233;6
20834;8895;3
20835;2691;6
20836;7973;5
20837;6063;2
20838;6116;1
20839;2235;3
20840;8967;2
20841;8584;5
20842;7361;6
20843;7869;7
20844;3676;5
20845;1710;1
20846;2512;4
20847;7968;1
20848;2157;7
20849;2585;4
20850;8816;1
20851;7124;3
20852;5727;5
20853;5884;5
20854;6877;5
20855;3560;7
20856;3300;7
20857;5263;7
20858;8662;1
20859;8001;4
20860;8266;1
20861;2585;2
20862;4797;1
20863;7128;1
20864;3110;1
20865;8959;5
20866;6810;5
20867;3464;4
20868;8430;4
20869;3727;2
20870;4601;2
20871;7115;1
20872;5489;1
20873;6535;1
20874;1214;1
20875;6247;6
20876;2686;1
20877;3165;7
20878;8437;4
20879;1939;4
20880;2026;2
20881;5515;1
20882;4460;7
20883;8206;5
20884;8921;7
20885;4387;7
20886;8618;3
20887;3209;4
20888;5581;5
20889;1968;6
20890;2792;2
20891;4862;1
20892;2259;4
20893;6434;2
20894;6862;6
20895;1004;1
20896;8738;4
20897;1274;4
20898;1358;3
20899;3518;5
20900;6819;4
20901;5288;3
20902;2685;7
20903;5708;6
20904;6980;5
20905;8460;3
20906;3683;4
20907;8103;6
20908;5502;2
20909;8385;7
20910;7373;6
20911;3681;5
20912;1662;7
20913;7565;4
20914;6496;3
20915;1747;3
20916;5668;2
20917;8410;6
20918;4919;4
20919;7442;1
20920;7163;2
20921;5477;4
20922;3095;3
20923;4838;3
20924;1787;3
20925;5089;7
20926;4644;5
20927;4568;4
20928;5859;4
20929;7286;7
20930;6272;1
20931;5852;4
20932;5479;4
20933;5352;1
20934;4025;7
20935;6819;6
20936;1849;7
20937;4006;7
20938;4568;2
20939;7218;5
20940;3347;3
20941;6730;2
20942;3185;6
20943;7528;7
20944;8214;1
20945;4494;2
20946;3786;1
20947;5418;4
20948;4890;1
20949;4190;2
20950;7469;5
20951;3332;3
20952;8226;1
20953;8605;4
20954;2436;6
20955;6162;5
20956;8966;7
20957;7409;2
20958;6243;2
20959;7446;1
20960;5319;3
20961;8169;1
20962;3556;7
20963;7189;3
20964;4623;2
20965;8968;5
20966;8635;3
20967;4329;3
20968;1763;3
20969;8040;1
20970;7637;7
20971;7159;7
20972;2503;4
20973;4869;3
20974;7182;3
20975;3284;2
20976;8757;5
20977;8103;6
20978;6505;4
20979;3475;4
20980;7982;7
20981;8635;4
20982;2394;5
20983;1169;7
20984;2841;3
20985;1479;2
20986;5727;7
20987;3583;4
20988;5095;4
20989;6857;3
20990;4931;5
20991;3828;5
20992;4249;6
20993;3733;5
20994;6335;1
20995;1312;1
20996;4748;4
20997;2315;5
20998;7989;6
20999;7651;4
21000;4390;1
21001;6717;3
21002;6624;4
21003;8671;7
21004;7744;7
21005;5181;5
21006;5357;2
21007;2329;4
21008;4120;5
21009;7142;4
21010;8304;4
21011;7939;7
21012;4822;1
21013;3829;5
21014;3278;6
21015;4528;5
21016;2529;7
21017;6260;2
21018;5176;2
21019;1041;2
21020;5394;5
21021;5717;2
21022;7986;1
21023;3533;3
21024;5183;7
21025;1922;5
21026;5103;4
21027;5468;6
21028;5779;2
21029;1101;5
21030;8756;3
21031;6244;5
21032;6415;7
21033;5999;7
21034;2217;7
21035;3277;3
21036;8743;4
21037;1916;2
21038;6535;3
21039;7732;6
21040;5157;5
21041;2821;6
21042;5653;7
21043;2582;6
21044;6884;1
21045;3037;4
21046;8758;7
21047;1427;7
21048;1391;4
21049;1595;4
21050;4763;5
21051;2454;3
21052;2866;6
21053;4261;4
21054;3812;6
21055;8847;3
21056;2533;1
21057;2326;3
21058;1588;1
21059;2080;1
21060;5494;1
21061;4907;5
21062;4597;2
21063;3787;1
21064;6740;4
21065;2614;1
21066;4586;1
21067;3681;3
21068;7249;4
21069;8406;7
21070;7301;4
21071;6517;3
21072;3711;6
21073;2187;1
21074;1717;2
21075;5793;6
21076;7943;6
21077;8093;2
21078;6602;1
21079;6696;4
21080;5673;3
21081;1506;4
21082;3573;2
21083;1468;5
21084;8147;1
21085;3146;7
21086;3021;2
21087;6655;2
21088;1270;2
21089;3777;5
21090;3432;6
21091;2609;3
21092;3023;6
21093;3618;3
21094;8294;1
21095;4226;6
21096;3554;2
21097;4036;6
21098;6623;7
21099;1708;2
21100;4647;6
21101;3779;7
21102;8281;6
21103;3965;7
21104;2836;6
21105;4740;6
21106;5998;2
21107;7972;2
21108;1911;3
21109;7087;7
21110;1821;4
21111;2685;7
21112;8283;5
21113;3404;4
21114;3252;5
21115;6204;1
21116;3178;1
21117;4059;5
21118;2703;4
21119;3078;6
21120;2811;3
21121;4734;6
21122;4118;2
21123;7629;6
21124;4265;4
21125;5259;6
21126;3534;1
21127;6853;1
21128;4421;3
21129;3651;1
21130;1717;2
21131;2078;5
21132;8256;5
21133;8514;6
21134;2266;3
21135;2686;1
21136;4543;2
21137;4425;1
21138;7640;5
21139;5247;2
21140;4800;4
21141;5264;5
21142;6554;4
21143;2998;2
21144;7715;5
21145;3556;2
21146;4810;6
21147;5408;2
21148;7462;3
21149;8828;6
21150;1829;4
21151;6771;1
21152;7883;6
21153;2626;5
21154;8800;1
21155;5369;5
21156;7457;2
21157;7158;5
21158;1806;1
21159;1301;2
21160;4800;1
21161;7985;5
21162;8848;6
21163;5154;3
21164;7249;4
21165;5540;1
21166;6239;4
21167;4311;1
21168;1037;5
21169;6373;3
21170;7743;3
21171;3888;3
21172;4092;2
21173;5561;7
21174;5005;2
21175;5835;1
21176;1906;4
21177;1478;6
21178;3601;3
21179;6050;4
21180;4462;5
21181;7975;7
21182;4111;1
21183;6604;6
21184;7952;6
21185;3034;7
21186;2040;6
21187;1801;5
21188;8970;2
21189;3717;5
21190;5162;7
21191;5023;1
21192;7033;4
21193;1065;4
21194;3066;2
21195;1235;7
21196;7759;6
21197;4718;1
21198;1341;5
21199;7261;1
21200;8279;2
21201;4705;5
21202;5454;3
21203;5891;5
21204;5432;7
21205;7743;5
21206;7802;2
21207;1643;4
21208;7315;2
21209;7105;2
21210;7528;2
21211;5067;5
21212;5010;4
21213;4720;6
21214;7205;2
21215;6043;4
21216;5895;2
21217;5245;6
21218;7838;3
21219;7093;2
21220;7491;5
21221;1674;5
21222;3715;1
21223;2861;4
21224;5583;6
21225;6272;2
21226;6772;2
21227;5619;3
21228;1356;7
21229;7105;2
21230;6065;2
21231;7333;6
21232;2205;6
21233;5392;7
21234;1855;4
21235;4348;4
21236;2164;5
21237;2142;4
21238;5026;2
21239;7848;1
21240;1606;1
21241;7826;1
21242;3759;2
21243;5137;4
21244;3923;4
21245;4398;4
21246;8062;4
21247;6153;2
21248;6407;3
21249;8610;6
21250;1134;6
21251;7856;7
21252;5282;5
21253;5831;1
21254;7586;1
21255;4844;3
21256;8902;6
21257;3646;4
21258;3153;1
21259;7701;5
21260;5532;7
21261;7103;1
21262;3666;7
21263;4412;5
21264;5709;2
21265;4284;7
21266;6824;3
21267;2446;5
21268;6842;6
21269;8016;3
21270;5524;5
21271;5147;2
21272;1960;6
21273;8728;1
21274;5264;3
21275;7380;7
21276;1402;5
21277;4021;7
21278;7280;5
21279;3516;7
21280;1946;2
21281;4508;3
21282;1328;2
21283;4249;4
21284;5541;2
21285;2667;6
21286;7481;7
21287;7558;6
21288;5260;6
21289;3135;4
21290;1017;1
21291;8875;3
21292;1774;3
21293;4313;6
21294;6822;3
21295;6560;1
21296;8138;7
21297;8543;3
21298;4283;2
21299;2708;6
21300;8596;2
21301;3127;5
21302;1280;4
21303;4515;2
21304;7718;6
21305;1777;3
21306;1919;4
21307;5959;6
21308;8061;2
21309;5050;4
21310;6323;4
21311;6369;4
21312;6297;3
21313;5341;3
21314;5679;5
21315;6172;1
21316;1900;7
21317;5095;7
21318;8193;6
21319;1594;2
21320;5915;2
21321;2750;1
21322;5218;6
21323;4910;5
21324;7547;3
21325;7118;6
21326;8547;3
21327;5788;5
21328;4709;7
21329;1004;7
21330;2756;1
21331;8422;6
21332;5750;7
21333;4270;4
21334;6436;6
21335;8793;6
21336;7553;1
21337;7526;4
21338;7283;5
21339;6304;4
21340;8239;7
21341;4205;3
21342;3224;1
21343;6946;7
21344;8823;5
21345;2020;2
21346;6175;1
21347;2183;5
21348;3165;5
21349;1096;6
21350;7813;2
21351;3716;2
21352;5828;2
21353;5698;7
21354;5077;6
21355;1233;1
21356;5929;1
21357;5158;2
21358;3974;6
21359;6543;1
21360;2671;7
21361;6987;4
21362;3176;1
21363;2167;3
21364;7419;1
21365;3091;7
21366;4711;3
21367;6706;5
21368;6499;1
21369;1096;3
21370;6422;3
21371;2379;1
21372;2661;3
21373;3735;6
21374;6108;6
21375;2945;3
21376;3908;1
21377;7890;7
21378;1531;5
21379;3613;1
21380;7985;3
21381;1641;7
21382;6321;1
21383;7587;6
21384;8490;7
21385;3011;6
21386;4836;5
21387;3082;1
21388;5139;1
21389;5456;3
21390;1897;4
21391;6031;2
21392;8904;2
21393;4674;3
21394;4091;5
21395;4347;1
21396;5246;1
21397;1433;5
21398;6937;2
21399;2096;3
21400;5829;3
21401;1883;4
21402;1877;7
21403;5320;2
21404;8043;2
21405;2995;1
21406;7979;1
21407;1900;4
21408;4495;4
21409;4158;1
21410;8661;5
21411;6689;5
21412;3242;6
21413;1019;3
21414;4420;6
21415;1426;4
21416;2990;4
21417;2775;5
21418;7074;7
21419;2999;7
21420;7258;4
21421;8569;6
21422;1348;7
21423;1877;1
21424;6821;3
21425;6952;3
21426;6941;7
21427;5567;2
21428;2043;3
21429;6633;6
21430;8635;4
21431;5059;5
21432;2371;6
21433;8900;7
21434;8152;7
21435;8466;1
21436;7928;7
21437;1456;3
21438;2297;1
21439;2413;5
21440;5843;5
21441;7642;6
21442;2527;4
21443;3482;3
21444;8564;7
21445;8152;4
21446;6943;2
21447;1137;6
21448;8897;5
21449;3948;6
21450;6963;2
21451;3515;5
21452;2403;3
21453;3985;1
21454;4305;6
21455;4702;7
21456;8964;6
21457;7042;4
21458;5680;2
21459;4405;3
21460;8503;5
21461;7008;4
21462;2223;4
21463;8920;7
21464;6537;4
21465;5654;6
21466;1032;5
21467;2857;3
21468;2016;7
21469;5110;4
21470;2838;3
21471;6381;3
21472;2165;7
21473;7614;4
21474;1754;6
21475;5646;1
21476;5500;5
21477;7244;3
21478;4471;1
21479;4702;4
21480;6957;2
21481;8703;4
21482;8032;6
21483;1096;6
21484;7026;5
21485;2747;3
21486;5104;3
21487;7847;7
21488;4196;2
21489;1854;7
21490;4277;2
21491;5294;1
21492;7165;7
21493;2479;3
21494;4391;7
21495;8125;6
21496;1390;5
21497;6933;2
21498;8614;2
21499;8976;2
21500;8600;1
21501;1917;2
21502;6781;2
21503;3427;4
21504;5710;5
21505;6214;6
21506;1264;6
21507;4781;4
21508;3419;1
21509;6714;4
21510;5817;5
21511;8947;1
21512;2820;3
21513;8448;3
21514;4678;6
21515;5992;6
21516;8471;5
21517;3659;5
21518;7227;6
21519;8781;3
21520;4091;3
21521;5732;4
21522;3454;7
21523;5920;4
21524;5216;6
21525;1476;5
21526;6273;7
21527;4021;4
21528;5791;1
21529;8748;3
21530;7898;4
21531;4369;1
21532;1287;6
21533;6421;3
21534;3721;5
21535;2925;7
21536;7477;1
21537;5699;2
21538;1951;5
21539;6698;5
21540;5260;6
21541;6554;7
21542;6134;4
21543;5580;7
21544;5441;4
21545;1777;3
21546;8997;2
21547;7510;1
21548;2203;2
21549;2899;6
21550;8668;3
21551;7680;4
21552;6171;5
21553;5068;7
21554;7797;4
21555;8074;5
21556;1946;7
21557;7629;2
21558;3552;7
21559;7013;7
21560;4401;7
21561;4290;3
21562;7206;6
21563;1105;5
21564;8036;5
21565;1010;2
21566;4865;4
21567;2097;1
21568;1253;4
21569;5237;3
21570;5253;4
21571;4603;5
21572;1163;1
21573;8196;6
21574;5812;1
21575;8142;6
21576;8796;4
21577;5524;5
21578;6113;5
21579;5831;5
21580;6354;7
21581;2241;6
21582;6194;4
21583;8361;5
21584;7554;5
21585;3236;7
21586;7308;6
21587;2253;3
21588;2447;3
21589;2653;3
21590;7540;1
21591;4730;6
21592;4562;4
21593;3546;7
21594;7537;1
21595;1830;7
21596;4871;6
21597;3585;4
21598;3653;1
21599;1242;3
21600;7304;3
21601;1911;2
21602;4787;2
21603;5110;3
21604;2220;1
21605;7871;4
21606;7851;6
21607;8309;7
21608;8211;2
21609;8202;3
21610;5878;7
21611;2683;4
21612;2641;7
21613;3146;7
21614;6516;6
21615;4537;7
21616;8420;3
21617;4711;7
21618;3601;7
21619;5571;6
21620;6029;4
21621;1644;1
21622;5604;5
21623;7083;2
21624;1045;5
21625;3310;1
21626;2179;2
21627;7340;4
21628;3033;5
21629;6630;3
21630;8403;4
21631;3008;3
21632;7660;5
21633;1264;5
21634;8127;6
21635;4810;4
21636;7732;5
21637;4014;7
21638;5736;4
21639;3327;7
21640;4345;6
21641;4775;6
21642;2066;4
21643;4772;3
21644;5259;6
21645;5377;1
21646;4112;5
21647;7072;3
21648;4200;2
21649;5907;1
21650;5560;5
21651;6281;6
21652;7706;3
21653;8563;1
21654;3129;5
21655;6820;4
21656;8848;6
21657;4319;5
21658;7202;1
21659;5314;5
21660;2607;2
21661;6328;7
21662;7539;5
21663;8309;6
21664;4658;4
21665;1283;7
21666;5363;1
21667;7300;6
21668;5339;2
21669;8287;1
21670;7940;5
21671;2869;2
21672;4176;3
21673;4892;2
21674;4683;6
21675;6797;6
21676;7187;2
21677;3300;6
21678;8849;7
21679;7769;2
21680;8616;6
21681;1894;2
21682;4713;2
21683;1601;5
21684;4430;6
21685;5165;2
21686;7900;3
21687;1608;5
21688;8150;2
21689;2108;2
21690;2312;3
21691;3518;3
21692;3358;1
21693;1093;6
21694;8726;6
21695;4039;2
21696;1917;3
21697;1117;7
21698;6018;4
21699;5744;5
21700;5135;3
21701;6533;6
21702;8566;1
21703;5510;5
21704;4610;1
21705;5337;4
21706;5416;3
21707;1870;6
21708;6337;3
21709;7586;5
21710;2119;7
21711;5257;5
21712;7050;6
21713;5292;4
21714;4294;4
21715;8697;6
21716;2255;3
21717;5070;1
21718;3803;3
21719;8875;6
21720;4047;1
21721;3803;7
21722;6786;1
21723;8171;2
21724;4318;7
21725;8265;2
21726;6211;7
21727;2404;2
21728;7062;4
21729;8998;5
21730;8068;6
21731;7750;2
21732;5899;6
21733;6941;5
21734;1413;1
21735;8290;7
21736;6542;3
21737;2242;7
21738;2557;3
21739;3426;2
21740;8314;2
21741;8179;5
21742;3578;6
21743;2909;7
21744;8251;7
21745;7191;5
21746;6096;3
21747;5745;5
21748;1509;6
21749;7707;4
21750;6899;3
21751;1909;1
21752;1568;7
21753;4816;2
21754;5328;5
21755;3185;1
21756;3840;7
21757;4440;6
21758;5241;1
21759;6857;5
21760;5603;2
21761;5798;7
21762;7249;4
21763;6659;5
21764;5632;5
21765;1738;7
21766;7552;2
21767;4666;3
21768;1345;2
21769;2410;7
21770;7739;2
21771;7876;2
21772;5791;4
21773;5955;7
21774;1243;3
21775;7401;4
21776;8672;7
21777;1099;7
21778;5127;3
21779;7815;6
21780;5795;5
21781;1493;4
21782;8414;2
21783;7505;5
21784;3352;1
21785;1785;3
21786;1321;2
21787;8312;6
21788;2826;1
21789;4987;5
21790;3279;1
21791;2502;7
21792;4461;3
21793;5761;3
21794;3210;3
21795;1595;5
21796;4917;7
21797;8380;2
21798;3398;2
21799;5930;5
21800;6922;6
21801;6634;1
21802;4838;7
21803;2876;6
21804;7637;3
21805;4192;3
21806;8401;5
21807;8812;7
21808;3745;2
21809;3330;3
21810;3954;6
21811;6164;5
21812;8100;2
21813;2395;2
21814;7454;5
21815;1616;6
21816;1062;6
21817;3659;1
21818;4079;1
21819;2591;4
21820;8050;6
21821;4511;2
21822;4714;7
21823;4440;7
21824;7644;1
21825;4302;1
21826;8200;6
21827;2858;7
21828;4366;2
21829;8707;7
21830;4964;3
21831;4623;3
21832;7830;5
21833;4657;1
21834;2859;2
21835;2325;3
21836;4783;4
21837;5710;6
21838;4257;6
21839;5657;7
21840;8477;3
21841;6451;6
21842;6677;4
21843;2609;3
21844;2535;1
21845;5972;4
21846;3088;5
21847;3995;7
21848;4027;1
21849;6182;1
21850;4572;1
21851;3898;5
21852;8424;4
21853;8627;6
21854;4904;3
21855;5619;3
21856;7122;3
21857;8512;7
21858;6263;3
21859;6818;1
21860;4758;2
21861;2686;6
21862;7081;1
21863;8979;1
21864;1074;2
21865;5505;7
21866;2252;6
21867;1222;4
21868;3868;7
21869;6019;1
21870;1502;7
21871;1014;7
21872;5767;7
21873;3936;6
21874;6344;1
21875;8121;6
21876;6237;5
21877;6542;4
21878;1418;3
21879;7247;5
21880;3721;5
21881;2729;3
21882;1111;5
21883;8233;3
21884;1476;5
21885;1292;1
21886;7440;2
21887;6986;1
21888;8351;3
21889;1134;2
21890;8985;3
21891;6963;2
21892;5596;6
21893;8209;6
21894;1806;1
21895;8956;4
21896;6863;5
21897;7401;4
21898;1207;5
21899;7295;7
21900;7837;7
21901;3953;6
21902;3174;5
21903;6108;5
21904;8948;5
21905;1933;5
21906;3382;5
21907;3573;5
21908;5824;4
21909;7457;5
21910;5393;1
21911;3948;3
21912;4994;2
21913;5758;4
21914;3473;5
21915;3423;7
21916;3335;2
21917;1507;5
21918;7751;7
21919;2308;6
21920;3612;7
21921;6501;5
21922;7536;6
21923;6593;6
21924;1283;2
21925;7419;6
21926;3897;2
21927;7230;4
21928;5422;7
21929;8231;7
21930;6954;3
21931;3794;4
21932;2822;1
21933;2119;5
21934;5171;4
21935;7200;3
21936;7960;3
21937;7936;1
21938;2739;1
21939;6837;2
21940;5374;1
21941;7988;1
21942;8411;1
21943;5089;5
21944;7321;7
21945;1600;5
21946;6194;6
21947;3303;1
21948;7699;3
21949;2534;2
21950;2512;1
21951;6332;7
21952;3865;3
21953;4655;6
21954;8976;4
21955;7248;2
21956;5491;6
21957;8009;7
21958;8944;7
21959;2220;6
21960;5803;3
21961;8746;3
21962;1151;1
21963;4919;3
21964;5742;3
21965;4578;6
21966;7871;7
21967;6664;2
21968;8446;6
21969;4386;2
21970;8937;3
21971;4498;6
21972;4447;4
21973;3927;6
21974;6650;1
21975;5882;4
21976;3659;1
21977;3401;4
21978;2519;4
21979;7304;2
21980;5814;2
21981;1498;1
21982;4414;2
21983;3024;3
21984;6609;3
21985;2657;4
21986;2507;5
21987;3825;7
21988;2909;1
21989;4421;4
21990;4902;5
21991;4387;5
21992;3599;3
21993;5659;3
21994;7559;7
21995;2455;4
21996;3724;7
21997;8306;6
21998;8353;1
21999;2786;4
22000;4082;1
22001;4784;5
22002;8062;3
22003;6377;1
22004;5735;2
22005;8173;4
22006;8577;6
22007;4408;3
22008;1431;4
22009;8077;6
22010;8289;2
22011;3704;5
22012;4837;7
22013;6796;5
22014;3224;4
22015;5802;2
22016;5906;1
22017;5577;5
22018;2539;4
22019;8610;2
22020;7372;7
22021;4611;3
22022;1147;3
22023;7172;5
22024;2630;7
22025;6970;1
22026;3003;6
22027;5574;1
22028;3191;2
22029;5449;1
22030;1975;7
22031;4863;6
22032;8703;2
22033;6563;3
22034;7251;6
22035;2967;4
22036;5851;1
22037;3341;4
22038;1393;1
22039;1869;1
22040;7154;5
22041;7282;1
22042;3055;7
22043;5423;3
22044;5749;3
22045;1168;6
22046;6335;5
22047;2920;6
22048;3834;3
22049;4402;2
22050;1962;4
22051;8388;7
22052;8724;3
22053;5886;7
22054;8175;3
22055;1232;3
22056;5634;1
22057;7964;4
22058;3436;3
22059;8114;7
22060;4008;6
22061;5554;6
22062;1641;4
22063;6867;5
22064;8430;1
22065;2613;3
22066;1557;5
22067;8966;7
22068;3920;7
22069;1829;5
22070;4383;1
22071;3738;6
22072;4432;1
22073;4652;2
22074;5323;2
22075;5202;2
22076;8940;2
22077;6263;4
22078;2933;2
22079;8349;4
22080;4531;4
22081;7150;2
22082;7951;4
22083;2323;6
22084;4397;5
22085;3969;3
22086;1990;4
22087;4211;6
22088;3889;1
22089;5202;1
22090;2533;5
22091;7006;5
22092;5242;1
22093;8644;7
22094;2430;5
22095;3293;7
22096;4288;5
22097;7262;5
22098;2374;2
22099;5919;1
22100;3384;6
22101;5321;2
22102;7968;2
22103;7973;4
22104;4621;1
22105;2787;1
22106;8418;4
22107;1125;3
22108;2078;7
22109;2096;4
22110;8979;2
22111;4022;7
22112;5312;1
22113;8607;1
22114;1056;4
22115;3137;7
22116;8348;6
22117;7795;6
22118;2257;7
22119;4954;5
22120;4560;7
22121;3231;5
22122;7076;7
22123;6648;2
22124;4045;1
22125;7322;7
22126;2630;6
22127;1015;1
22128;4473;2
22129;1276;1
22130;6241;4
22131;2195;2
22132;1578;2
22133;4985;7
22134;2576;4
22135;2043;3
22136;1179;7
22137;8704;4
22138;1754;2
22139;2951;5
22140;2344;7
22141;1421;2
22142;4842;6
22143;3017;3
22144;1902;3
22145;1251;3
22146;7447;6
22147;7247;3
22148;3392;4
22149;4062;4
22150;6577;7
22151;5456;7
22152;3377;1
22153;6555;1
22154;7429;5
22155;6153;7
22156;2636;6
22157;4631;6
22158;3956;3
22159;5164;2
22160;3552;7
22161;8777;7
22162;6384;4
22163;3261;1
22164;4355;6
22165;4747;1
22166;2836;6
22167;2686;3
22168;4988;4
22169;8173;6
22170;8712;7
22171;6972;3
22172;4527;7
22173;3981;2
22174;5402;5
22175;6854;3
22176;7754;3
22177;7904;2
22178;8428;4
22179;1993;2
22180;7025;6
22181;3155;1
22182;3546;2
22183;8948;3
22184;1209;5
22185;4013;2
22186;4831;5
22187;1669;7
22188;6631;6
22189;5191;6
22190;7722;2
22191;8743;5
22192;1485;1
22193;2825;5
22194;7068;7
22195;7459;3
22196;2890;7
22197;6691;4
22198;8922;2
22199;3957;6
22200;3945;1
22201;6414;7
22202;4927;2
22203;3172;2
22204;6104;1
22205;7771;4
22206;4730;1
22207;3450;4
22208;5965;1
22209;4844;6
22210;3172;2
22211;4549;6
22212;1977;2
22213;8022;3
22214;5000;1
22215;5147;6
22216;7708;2
22217;7900;7
22218;8384;4
22219;6892;7
22220;2104;1
22221;5823;5
22222;2794;3
22223;7267;5
22224;5620;5
22225;1632;5
22226;5741;4
22227;4273;5
22228;8566;1
22229;8291;4
22230;5737;4
22231;6196;5
22232;1233;3
22233;5680;5
22234;4390;4
22235;4454;7
22236;1270;3
22237;3648;2
22238;1979;3
22239;3766;4
22240;7784;5
22241;7088;4
22242;1204;1
22243;1350;7
22244;2766;6
22245;4264;7
22246;7379;4
22247;4889;7
22248;3052;4
22249;4596;3
22250;4449;3
22251;4231;1
22252;5678;6
22253;2555;3
22254;8381;6
22255;3447;4
22256;4571;1
22257;1781;3
22258;2088;3
22259;3035;2
22260;2030;1
22261;3258;4
22262;8732;5
22263;5474;2
22264;4466;6
22265;1268;7
22266;6944;6
22267;4385;1
22268;6876;5
22269;6107;1
22270;8156;1
22271;5027;6
22272;4978;3
22273;1760;1
22274;1393;5
22275;2537;1
22276;7956;3
22277;6969;7
22278;5900;4
22279;5213;4
22280;3328;6
22281;1435;5
22282;7542;1
22283;4390;7
22284;5583;2
22285;8498;4
22286;3176;5
22287;3075;7
22288;2056;5
22289;8889;4
22290;2779;2
22291;8768;5
22292;2812;3
22293;5031;4
22294;7400;6
22295;6945;6
22296;8962;7
22297;6380;5
22298;5373;1
22299;5833;6
22300;2172;5
22301;8950;1
22302;4000;1
22303;3121;4
22304;8097;7
22305;7722;2
22306;4245;6
22307;2526;2
22308;3524;2
22309;6703;4
22310;7717;4
22311;3854;7
22312;2110;2
22313;5469;6
22314;7487;1
22315;3341;7
22316;4846;5
22317;1032;7
22318;3309;4
22319;3816;3
22320;6779;5
22321;3615;1
22322;5740;4
22323;6638;7
22324;3097;2
22325;3604;7
22326;8878;2
22327;5631;2
22328;1816;3
22329;4763;7
22330;5067;5
22331;6356;4
22332;1137;7
22333;5516;5
22334;2982;5
22335;5766;3
22336;7339;6
22337;3451;2
22338;8730;3
22339;7534;2
22340;5115;2
22341;8600;7
22342;2485;3
22343;2489;5
22344;4398;4
22345;6857;4
22346;1368;7
22347;6542;6
22348;7168;5
22349;5789;1
22350;2784;3
22351;8745;3
22352;7505;5
22353;6200;6
22354;1558;5
22355;7270;7
22356;3768;4
22357;7748;1
22358;8609;2
22359;4207;2
22360;4711;7
22361;4868;5
22362;4742;6
22363;5439;3
22364;4708;7
22365;1544;3
22366;2577;5
22367;2666;7
22368;5842;7
22369;8553;3
22370;2301;3
22371;8415;7
22372;7520;5
22373;3305;4
22374;7363;4
22375;8856;7
22376;6373;5
22377;7605;5
22378;2873;2
22379;5110;5
22380;7794;1
22381;5251;6
22382;8412;2
22383;5524;5
22384;6360;6
22385;3237;3
22386;4654;5
22387;1275;5
22388;1736;2
22389;8550;3
22390;7663;6
22391;6511;2
22392;3440;2
22393;4986;1
22394;2409;5
22395;2669;4
22396;5091;2
22397;8189;6
22398;1583;6
22399;6114;2
22400;5033;1
22401;2851;3
22402;1383;3
22403;4900;3
22404;3803;5
22405;3044;5
22406;5811;1
22407;1791;3
22408;5657;4
22409;6434;5
22410;2976;3
22411;6937;2
22412;2165;6
22413;6221;2
22414;7276;7
22415;8852;4
22416;4742;5
22417;2165;3
22418;5657;6
22419;7374;3
22420;3454;2
22421;6767;3
22422;7883;5
22423;4097;1
22424;7449;1
22425;1732;5
22426;7882;2
22427;5463;7
22428;1979;3
22429;1795;4
22430;1801;6
22431;4806;1
22432;6254;2
22433;2277;6
22434;8830;1
22435;1457;6
22436;8431;5
22437;4510;6
22438;6307;6
22439;4917;5
22440;4526;7
22441;5359;5
22442;2726;3
22443;2225;5
22444;1779;4
22445;4052;1
22446;8173;1
22447;5918;7
22448;7976;3
22449;6810;3
22450;1081;5
22451;5479;3
22452;6596;2
22453;4440;3
22454;2158;6
22455;1075;7
22456;4032;2
22457;6792;5
22458;6847;5
22459;8350;7
22460;7694;7
22461;5958;3
22462;3491;7
22463;8464;4
22464;8182;7
22465;3150;5
22466;5276;5
22467;3235;7
22468;5447;6
22469;4153;4
22470;5578;2
22471;1806;1
22472;1944;7
22473;1909;5
22474;3212;1
22475;5757;7
22476;8910;4
22477;3516;4
22478;1289;1
22479;5907;1
22480;4085;1
22481;8001;3
22482;3728;6
22483;6694;5
22484;6990;5
22485;1469;7
22486;6572;1
22487;8541;2
22488;4629;3
22489;6874;7
22490;8342;4
22491;7584;4
22492;8004;2
22493;4579;3
22494;8313;7
22495;1793;4
22496;3614;5
22497;3688;6
22498;4178;5
22499;2704;4
22500;7805;3
22501;6902;4
22502;8433;7
22503;2163;6
22504;3661;1
22505;3980;6
22506;6444;2
22507;1216;1
22508;3026;3
22509;8230;7
22510;1291;2
22511;1732;6
22512;7550;6
22513;3164;3
22514;7672;2
22515;7790;4
22516;6857;2
22517;5939;6
22518;3059;3
22519;6880;6
22520;5571;1
22521;8222;3
22522;8015;2
22523;6532;5
22524;1676;5
22525;7073;2
22526;8149;2
22527;6429;6
22528;2485;1
22529;3877;2
22530;2919;7
22531;1749;5
22532;8313;1
22533;3811;4
22534;4099;3
22535;6208;3
22536;2049;7
22537;8991;5
22538;1779;7
22539;2263;4
22540;2653;5
22541;4895;6
22542;3527;6
22543;6193;6
22544;2132;2
22545;5410;6
22546;6305;7
22547;2307;6
22548;2462;2
22549;4411;7
22550;8309;4
22551;7465;2
22552;6082;6
22553;2374;4
22554;8625;4
22555;7841;1
22556;5709;4
22557;8122;3
22558;7006;1
22559;6453;2
22560;4748;6
22561;8436;7
22562;3721;6
22563;5600;2
22564;7533;6
22565;8211;6
22566;5948;1
22567;7814;7
22568;7531;6
22569;5377;7
22570;6482;6
22571;5427;5
22572;5789;3
22573;7435;3
22574;1799;7
22575;6031;3
22576;1431;1
22577;8891;4
22578;6870;7
22579;3068;1
22580;8827;1
22581;5990;2
22582;5646;6
22583;7505;1
22584;8245;1
22585;4440;3
22586;4362;4
22587;6390;4
22588;8321;3
22589;7025;6
22590;2831;2
22591;6418;3
22592;7561;5
22593;1961;2
22594;7281;6
22595;3292;6
22596;3533;1
22597;3270;7
22598;4695;3
22599;2839;1
22600;1184;3
22601;4598;7
22602;5124;1
22603;3908;3
22604;8967;7
22605;7601;3
22606;6424;4
22607;3176;1
22608;3023;5
22609;7775;7
22610;4568;6
22611;3112;2
22612;2911;7
22613;5922;2
22614;8308;7
22615;3963;7
22616;1965;2
22617;5211;7
22618;8631;2
22619;7624;6
22620;6398;1
22621;6337;5
22622;8115;6
22623;7348;7
22624;6938;7
22625;5678;1
22626;3672;4
22627;2020;3
22628;3693;5
22629;7706;2
22630;1859;4
22631;2130;7
22632;5420;6
22633;4629;7
22634;7103;7
22635;4419;5
22636;8449;5
22637;4383;4
22638;8660;2
22639;6588;1
22640;6537;1
22641;6109;7
22642;7731;6
22643;4409;4
22644;8885;3
22645;7179;2
22646;6179;7
22647;5261;7
22648;2836;3
22649;6052;1
22650;3622;4
22651;7027;5
22652;4990;3
22653;4364;4
22654;8908;7
22655;6918;4
22656;2839;6
22657;1287;2
22658;7894;3
22659;6089;6
22660;3103;4
22661;2884;4
22662;6590;1
22663;1904;4
22664;8051;2
22665;8466;3
22666;3170;1
22667;8415;2
22668;4303;4
22669;1207;6
22670;8770;7
22671;6138;3
22672;8780;5
22673;2055;5
22674;6062;5
22675;3170;5
22676;2740;4
22677;3566;6
22678;4001;2
22679;1663;5
22680;7147;5
22681;4546;6
22682;4229;7
22683;3080;7
22684;1682;7
22685;4253;5
22686;7702;7
22687;8226;7
22688;1910;5
22689;7359;6
22690;3326;3
22691;2401;4
22692;5461;6
22693;7300;5
22694;7362;2
22695;5322;7
22696;7666;2
22697;5800;5
22698;7823;3
22699;6606;4
22700;5287;1
22701;3534;7
22702;6894;5
22703;5010;3
22704;2872;1
22705;5261;4
22706;5855;6
22707;7507;6
22708;5717;3
22709;4324;6
22710;4192;3
22711;3564;3
22712;3305;4
22713;5664;7
22714;8471;5
22715;3923;3
22716;6994;4
22717;1478;3
22718;5684;6
22719;5573;1
22720;2083;7
22721;6006;1
22722;5297;1
22723;4581;1
22724;1808;7
22725;8713;7
22726;2234;5
22727;5949;2
22728;7914;1
22729;4805;7
22730;4670;3
22731;4204;4
22732;5913;4
22733;3260;7
22734;2294;1
22735;4850;1
22736;1117;6
22737;6003;7
22738;4872;7
22739;6750;1
22740;3109;6
22741;8465;5
22742;8907;3
22743;1685;2
22744;2518;2
22745;1295;7
22746;4687;3
22747;3448;2
22748;2144;3
22749;4037;2
22750;4081;1
22751;8783;7
22752;7150;2
22753;5287;1
22754;6341;5
22755;2321;6
22756;8699;3
22757;1032;2
22758;2129;3
22759;4432;6
22760;8218;2
22761;1970;4
22762;4703;6
22763;2976;6
22764;7036;7
22765;1922;1
22766;8464;6
22767;7366;3
22768;4102;7
22769;2592;1
22770;4984;4
22771;7947;2
22772;2458;7
22773;4790;5
22774;3999;1
22775;7665;1
22776;3492;4
22777;4583;4
22778;3856;3
22779;6304;3
22780;2845;5
22781;1722;2
22782;2127;5
22783;1123;6
22784;5261;3
22785;8781;2
22786;7854;4
22787;5461;5
22788;2744;3
22789;7671;7
22790;4050;3
22791;7019;6
22792;7177;7
22793;2645;5
22794;6148;1
22795;7827;4
22796;3279;5
22797;5528;6
22798;4586;2
22799;5866;6
22800;8192;1
22801;2354;5
22802;7584;4
22803;2869;2
22804;6724;5
22805;5608;4
22806;8934;6
22807;5673;1
22808;8367;3
22809;4122;1
22810;3851;3
22811;2683;3
22812;4067;7
22813;4323;6
22814;4667;4
22815;5949;5
22816;4468;2
22817;9000;6
22818;2590;4
22819;1465;3
22820;6262;2
22821;7757;1
22822;1624;3
22823;1043;4
22824;8242;4
22825;5656;2
22826;5212;6
22827;2835;1
22828;5175;7
22829;5022;7
22830;7046;7
22831;8034;3
22832;1922;3
22833;4612;7
22834;6317;2
22835;1940;6
22836;8800;4
22837;3909;7
22838;2288;4
22839;5137;4
22840;7335;6
22841;5241;2
22842;2901;3
22843;5056;7
22844;5361;3
22845;4309;4
22846;8766;7
22847;3787;3
22848;6460;7
22849;6731;2
22850;7643;1
22851;7688;4
22852;1476;2
22853;2469;3
22854;7483;5
22855;3236;6
22856;1664;5
22857;5482;2
22858;8350;1
22859;4790;3
22860;8563;7
22861;7588;1
22862;3210;2
22863;1866;1
22864;8432;6
22865;3804;5
22866;1279;7
22867;6274;5
22868;6129;2
22869;7854;5
22870;7568;3
22871;5882;6
22872;6509;7
22873;2761;6
22874;2106;2
22875;2262;2
22876;6099;1
22877;1657;7
22878;6508;2
22879;6779;7
22880;4547;2
22881;4148;1
22882;3956;7
22883;8642;4
22884;2395;6
22885;8296;6
22886;1771;3
22887;6073;1
22888;5427;6
22889;5643;1
22890;7041;3
22891;1627;5
22892;6788;7
22893;5745;6
22894;2414;5
22895;1391;2
22896;7788;6
22897;7599;4
22898;7450;2
22899;3449;5
22900;1614;1
22901;1242;3
22902;4665;3
22903;6680;2
22904;1811;1
22905;3869;6
22906;1470;3
22907;4469;7
22908;5443;7
22909;7535;7
22910;4980;1
22911;7828;2
22912;6247;4
22913;5608;6
22914;1060;4
22915;5894;5
22916;6886;1
22917;7943;2
22918;2871;4
22919;8350;7
22920;2268;1
22921;3139;3
22922;8076;7
22923;2911;3
22924;6755;7
22925;5106;7
22926;1345;7
22927;5575;4
22928;2847;7
22929;1506;7
22930;5678;2
22931;1206;5
22932;4535;6
22933;7976;4
22934;3722;7
22935;1765;6
22936;6302;1
22937;3911;6
22938;7647;3
22939;4244;3
22940;2069;2
22941;6085;5
22942;6220;4
22943;6197;5
22944;2970;5
22945;3516;5
22946;4996;7
22947;2137;1
22948;2149;5
22949;1589;4
22950;6701;3
22951;5903;6
22952;3354;5
22953;1137;5
22954;5575;1
22955;4517;7
22956;2811;3
22957;5640;1
22958;1600;5
22959;7194;3
22960;8058;4
22961;7566;1
22962;5441;7
22963;1354;2
22964;6099;3
22965;4210;6
22966;7990;3
22967;2599;7
22968;6975;6
22969;4469;6
22970;1258;7
22971;2420;4
22972;2157;4
22973;4741;6
22974;3336;6
22975;8397;7
22976;7133;3
22977;1611;1
22978;5726;6
22979;6679;4
22980;5238;1
22981;6954;4
22982;3688;7
22983;7860;7
22984;1689;2
22985;2735;6
22986;6419;1
22987;6302;2
22988;3046;3
22989;5985;5
22990;7062;4
22991;5876;6
22992;7670;3
22993;6418;4
22994;6826;7
22995;6480;7
22996;3787;1
22997;4411;6
22998;7065;5
22999;8843;6
23000;7369;7
23001;4231;6
23002;4804;4
23003;3253;3
23004;3443;6
23005;7102;1
23006;1459;7
23007;7536;7
23008;8662;6
23009;4822;4
23010;8764;7
23011;8908;1
23012;7010;3
23013;3127;2
23014;3382;4
23015;2398;6
23016;7796;6
23017;7975;2
23018;8547;2
23019;4326;1
23020;2877;3
23021;8988;1
23022;4406;6
23023;1772;7
23024;4283;3
23025;7402;4
23026;7834;5
23027;8632;6
23028;8178;2
23029;7605;7
23030;5570;2
23031;5370;1
23032;5104;6
23033;2624;6
23034;7621;6
23035;7612;2
23036;1204;7
23037;6617;4
23038;2947;6
23039;4471;4
23040;6345;5
23041;7427;5
23042;2360;5
23043;2874;1
23044;1454;2
23045;5607;5
23046;7085;6
23047;7189;1
23048;2770;1
23049;8507;1
23050;7203;1
23051;3780;4
23052;7122;7
23053;5189;5
23054;7265;4
23055;2114;7
23056;7130;3
23057;8400;1
23058;2290;2
23059;4886;4
23060;1275;1
23061;3959;7
23062;5893;6
23063;2710;1
23064;5837;4
23065;7965;5
23066;6275;3
23067;8792;6
23068;8897;1
23069;7687;5
23070;2128;7
23071;4088;5
23072;5325;4
23073;1397;7
23074;2605;3
23075;7355;5
23076;5262;1
23077;8316;2
23078;4281;2
23079;5612;1
23080;7264;7
23081;2568;5
23082;8820;5
23083;8577;7
23084;6662;6
23085;3552;1
23086;1891;3
23087;3421;7
23088;7027;6
23089;6807;6
23090;1536;4
23091;8572;5
23092;7565;3
23093;8223;1
23094;5243;1
23095;4664;1
23096;1386;3
23097;5958;6
23098;1431;7
23099;1427;5
23100;8134;1
23101;6459;2
23102;4578;5
23103;4410;5
23104;1101;4
23105;2730;3
23106;7311;5
23107;8292;1
23108;1368;1
23109;1814;3
23110;1866;3
23111;2769;4
23112;6072;5
23113;4734;1
23114;8992;5
23115;3939;6
23116;5290;3
23117;6876;1
23118;4308;7
23119;4539;4
23120;5194;3
23121;7910;7
23122;1784;7
23123;8455;1
23124;3426;4
23125;1615;2
23126;3888;5
23127;5979;2
23128;1776;1
23129;6011;5
23130;2532;4
23131;8610;2
23132;5111;6
23133;8837;1
23134;4214;1
23135;1402;1
23136;2632;5
23137;6393;2
23138;4872;3
23139;2574;2
23140;8246;2
23141;1989;6
23142;1443;7
23143;3967;7
23144;2627;5
23145;5998;7
23146;1821;2
23147;2245;4
23148;1508;2
23149;8546;4
23150;7039;1
23151;4059;5
23152;1422;5
23153;1422;7
23154;1357;2
23155;5998;7
23156;5499;7
23157;7089;2
23158;1690;3
23159;6590;2
23160;4553;5
23161;2125;2
23162;4985;5
23163;5837;3
23164;2762;5
23165;2162;3
23166;6824;4
23167;7459;2
23168;5349;5
23169;3230;3
23170;4168;6
23171;6073;4
23172;4311;3
23173;6846;3
23174;7386;3
23175;2677;7
23176;7540;1
23177;5036;3
23178;3056;3
23179;7859;4
23180;2313;3
23181;3883;2
23182;2613;3
23183;8211;7
23184;1938;2
23185;1008;4
23186;8415;6
23187;4892;1
23188;2475;2
23189;5217;2
23190;1226;6
23191;1835;3
23192;5087;6
23193;7727;2
23194;5291;2
23195;7497;6
23196;4718;1
23197;6663;2
23198;2211;6
23199;2604;6
23200;8431;1
23201;6836;5
23202;6857;7
23203;1459;1
23204;8703;2
23205;8144;4
23206;6704;5
23207;3756;2
23208;8064;3
23209;4961;2
23210;4086;7
23211;6532;2
23212;2398;1
23213;3059;1
23214;7734;6
23215;7293;5
23216;7984;2
23217;7133;3
23218;2232;1
23219;8779;5
23220;2003;3
23221;6877;3
23222;6250;2
23223;4835;7
23224;2717;4
23225;6959;6
23226;6675;6
23227;1436;2
23228;6876;3
23229;3231;2
23230;3922;5
23231;4935;5
23232;1145;1
23233;3744;5
23234;5951;1
23235;7644;3
23236;2225;7
23237;7786;1
23238;2428;3
23239;5818;4
23240;5744;4
23241;3122;7
23242;3441;1
23243;4523;4
23244;8959;1
23245;3956;1
23246;6603;1
23247;5717;3
23248;3886;4
23249;8507;5
23250;5027;1
23251;2770;1
23252;6860;7
23253;5041;6
23254;5042;4
23255;7099;5
23256;5515;5
23257;7912;4
23258;5359;3
23259;3729;3
23260;7056;6
23261;8113;4
23262;8370;3
23263;5506;4
23264;5353;2
23265;1880;7
23266;2488;4
23267;5598;7
23268;6822;6
23269;8251;4
23270;1137;6
23271;6515;5
23272;5125;7
23273;5170;2
23274;6532;3
23275;2294;6
23276;5288;5
23277;1513;6
23278;7403;7
23279;4771;6
23280;4917;3
23281;7970;6
23282;1614;2
23283;7672;5
23284;4166;1
23285;2664;1
23286;5105;1
23287;1575;6
23288;5719;6
23289;1806;7
23290;2424;6
23291;2442;1
23292;1036;4
23293;7090;1
23294;7864;1
23295;2936;7
23296;3331;6
23297;7119;7
23298;1176;7
23299;1068;3
23300;3414;5
23301;7920;3
23302;6705;2
23303;5439;1
23304;4183;5
23305;6757;6
23306;7540;1
23307;8320;4
23308;6782;5
23309;8828;5
23310;5771;4
23311;4570;1
23312;8284;6
23313;1364;4
23314;6315;3
23315;4543;4
23316;1678;2
23317;2521;1
23318;5251;4
23319;5147;6
23320;4972;1
23321;3772;1
23322;6498;7
23323;8931;4
23324;7914;6
23325;3534;1
23326;1451;7
23327;6815;3
23328;6294;3
23329;5000;1
23330;8361;5
23331;2111;4
23332;7661;1
23333;8773;3
23334;3489;6
23335;8247;4
23336;1753;3
23337;8335;1
23338;5895;1
23339;3249;4
23340;4697;7
23341;5612;7
23342;4236;4
23343;5816;4
23344;8270;1
23345;2903;2
23346;7573;4
23347;8280;5
23348;3649;6
23349;5973;5
23350;8476;2
23351;4609;2
23352;7276;5
23353;2851;3
23354;4731;1
23355;1210;3
23356;4304;4
23357;7352;2
23358;2435;2
23359;7084;6
23360;7906;3
23361;3628;2
23362;5765;5
23363;8485;2
23364;4417;5
23365;6936;3
23366;4032;6
23367;6343;7
23368;3703;3
23369;7589;4
23370;7156;7
23371;6544;3
23372;3374;1
23373;7746;2
23374;4129;3
23375;5053;3
23376;8721;6
23377;8550;7
23378;6023;4
23379;2445;1
23380;1902;5
23381;3772;5
23382;5926;3
23383;6383;4
23384;8212;1
23385;3020;1
23386;6654;1
23387;1843;3
23388;1755;7
23389;8082;7
23390;8409;4
23391;1121;5
23392;5326;4
23393;3306;1
23394;5646;5
23395;7810;2
23396;2524;2
23397;2020;7
23398;5410;7
23399;1700;7
23400;4973;5
23401;2394;2
23402;3986;1
23403;3892;2
23404;4888;3
23405;7777;4
23406;6894;5
23407;6491;3
23408;4387;5
23409;6884;4
23410;8657;5
23411;7560;3
23412;6503;4
23413;1059;2
23414;8240;7
23415;7862;4
23416;2630;7
23417;3037;5
23418;2807;3
23419;6658;6
23420;2975;7
23421;8035;3
23422;3584;4
23423;7272;5
23424;7454;7
23425;4991;1
23426;8081;1
23427;4202;6
23428;1951;3
23429;7564;2
23430;5042;1
23431;2745;3
23432;7018;6
23433;7395;5
23434;3583;5
23435;5953;3
23436;8943;1
23437;4816;7
23438;1797;4
23439;5631;5
23440;8316;2
23441;8033;5
23442;7614;4
23443;3827;6
23444;1335;5
23445;2894;1
23446;8260;5
23447;8413;7
23448;4899;7
23449;3130;3
23450;5703;2
23451;5964;6
23452;1452;3
23453;8595;3
23454;7962;3
23455;5947;5
23456;1217;4
23457;4835;1
23458;4743;3
23459;5835;3
23460;1350;5
23461;6205;4
23462;5934;4
23463;3420;4
23464;8814;7
23465;3448;5
23466;6713;7
23467;2851;2
23468;5051;5
23469;2953;1
23470;6924;4
23471;1936;6
23472;3230;6
23473;5835;5
23474;8427;6
23475;5965;1
23476;2691;4
23477;1450;4
23478;8341;3
23479;1213;1
23480;3251;6
23481;4332;4
23482;5339;5
23483;6719;5
23484;6868;3
23485;7774;2
23486;5059;3
23487;2483;1
23488;7900;4
23489;8846;6
23490;1283;7
23491;4640;5
23492;4057;6
23493;4668;2
23494;5629;1
23495;1149;7
23496;7097;5
23497;1879;5
23498;7397;7
23499;6982;1
23500;7916;4
23501;3761;5
23502;5448;5
23503;3073;1
23504;8876;1
23505;3464;7
23506;5379;6
23507;7011;1
23508;6304;5
23509;4710;3
23510;4104;3
23511;7828;3
23512;2771;6
23513;1991;7
23514;8567;3
23515;5559;1
23516;8402;6
23517;1485;3
23518;8377;2
23519;1086;6
23520;7096;3
23521;5088;4
23522;8197;3
23523;5762;6
23524;8710;5
23525;7220;2
23526;7059;5
23527;7824;5
23528;7537;7
23529;5262;6
23530;4239;4
23531;5710;7
23532;8262;2
23533;5235;7
23534;2960;3
23535;8086;5
23536;6939;1
23537;6478;2
23538;7747;2
23539;4725;3
23540;2795;5
23541;6057;4
23542;1060;2
23543;2411;6
23544;3615;3
23545;4136;2
23546;8511;2
23547;3016;6
23548;4411;2
23549;1086;1
23550;5659;6
23551;8575;5
23552;2074;6
23553;2682;7
23554;1411;7
23555;4321;3
23556;1632;3
23557;3345;1
23558;7722;2
23559;1942;5
23560;3849;1
23561;5027;7
23562;2443;5
23563;6478;7
23564;8955;7
23565;4818;6
23566;1699;2
23567;6971;4
23568;3031;6
23569;8599;4
23570;5179;6
23571;3616;6
23572;1376;3
23573;7641;1
23574;2958;1
23575;4758;5
23576;6539;1
23577;4227;2
23578;5127;7
23579;1920;4
23580;2949;5
23581;2198;4
23582;4062;5
23583;6181;4
23584;6333;7
23585;2657;5
23586;2401;3
23587;7443;4
23588;8232;4
23589;3164;4
23590;2554;7
23591;3105;4
23592;7170;6
23593;5606;6
23594;8429;1
23595;4836;7
23596;1781;3
23597;1855;1
23598;4532;6
23599;5664;7
23600;4460;5
23601;7513;7
23602;2109;7
23603;1400;5
23604;6928;4
23605;3213;7
23606;6342;7
23607;4991;3
23608;4983;6
23609;5919;7
23610;3940;3
23611;5733;5
23612;1097;4
23613;5683;4
23614;6028;7
23615;1246;6
23616;8145;6
23617;1985;2
23618;2231;6
23619;2080;1
23620;6986;1
23621;2864;4
23622;7090;5
23623;1564;5
23624;8220;4
23625;3044;4
23626;4215;1
23627;5767;2
23628;5246;5
23629;4332;7
23630;5178;3
23631;3137;4
23632;4284;6
23633;6815;4
23634;8346;4
23635;3099;5
23636;4998;6
23637;8747;2
23638;1049;4
23639;8830;3
23640;2827;2
23641;3987;3
23642;8215;6
23643;2048;3
23644;1458;5
23645;2735;1
23646;2634;7
23647;8764;2
23648;1544;4
23649;3866;6
23650;4045;4
23651;5764;1
23652;2115;3
23653;6137;4
23654;7988;1
23655;4201;6
23656;3507;7
23657;2635;2
23658;6162;1
23659;5090;2
23660;4685;1
23661;5484;3
23662;8344;5
23663;2382;1
23664;7028;6
23665;2321;6
23666;2906;2
23667;4614;6
23668;6419;4
23669;7511;4
23670;3673;6
23671;5233;6
23672;5245;4
23673;3438;5
23674;1277;5
23675;7261;2
23676;6363;1
23677;3220;5
23678;3464;3
23679;5424;3
23680;1739;2
23681;3758;6
23682;4960;3
23683;5521;4
23684;6002;4
23685;3157;5
23686;5097;4
23687;8830;2
23688;3809;2
23689;5211;6
23690;6026;4
23691;5258;1
23692;6312;3
23693;3107;7
23694;5145;3
23695;3607;5
23696;8663;6
23697;1234;7
23698;1689;5
23699;4527;3
23700;4340;2
23701;8276;7
23702;7400;7
23703;3942;1
23704;4953;1
23705;5100;2
23706;1221;5
23707;8396;5
23708;3200;5
23709;1584;5
23710;1693;5
23711;2044;5
23712;1689;6
23713;1458;1
23714;4670;5
23715;4849;5
23716;5951;2
23717;3366;5
23718;8209;5
23719;3671;5
23720;5860;4
23721;5081;7
23722;1184;4
23723;8237;7
23724;2364;2
23725;2574;5
23726;2155;3
23727;1691;7
23728;3572;3
23729;5463;1
23730;1044;6
23731;5119;4
23732;6399;5
23733;6217;7
23734;7235;5
23735;2556;5
23736;6006;6
23737;8770;2
23738;4533;1
23739;5597;1
23740;8764;7
23741;6950;7
23742;3032;6
23743;7991;4
23744;8797;5
23745;2510;3
23746;3738;3
23747;4475;3
23748;1412;1
23749;4645;7
23750;3415;4
23751;1310;2
23752;2892;5
23753;1703;4
23754;7942;5
23755;6592;1
23756;4128;3
23757;5912;3
23758;7026;3
23759;2716;1
23760;7920;7
23761;3322;3
23762;8122;4
23763;2921;4
23764;1403;1
23765;8262;4
23766;7288;1
23767;4438;4
23768;1765;4
23769;5195;7
23770;8260;7
23771;4885;4
23772;6819;3
23773;4710;2
23774;6451;3
23775;3815;4
23776;5651;1
23777;5409;1
23778;5480;1
23779;7978;3
23780;5430;7
23781;2287;2
23782;1630;4
23783;3311;4
23784;7208;4
23785;4633;1
23786;1569;5
23787;3655;6
23788;5578;1
23789;5807;4
23790;6875;2
23791;8991;1
23792;7190;2
23793;8921;2
23794;5495;5
23795;7646;1
23796;3146;3
23797;5002;7
23798;5194;5
23799;3074;6
23800;7595;1
23801;6352;1
23802;7116;3
23803;6468;6
23804;5733;6
23805;2997;7
23806;4595;7
23807;7885;2
23808;6472;4
23809;8027;6
23810;2796;2
23811;4041;5
23812;5756;6
23813;8485;5
23814;5599;7
23815;1928;7
23816;6097;1
23817;2864;3
23818;6791;7
23819;4164;3
23820;2394;6
23821;7169;7
23822;6887;6
23823;8449;4
23824;1634;5
23825;1906;6
23826;8433;6
23827;5658;3
23828;3552;3
23829;1400;1
23830;7131;6
23831;1496;5
23832;8453;7
23833;5357;6
23834;3686;6
23835;4000;7
23836;8678;7
23837;1337;5
23838;2046;5
23839;5946;2
23840;8682;2
23841;8586;3
23842;4759;6
23843;1038;5
23844;7525;4
23845;4787;5
23846;7897;5
23847;1672;5
23848;8941;3
23849;2807;7
23850;1114;1
23851;6705;7
23852;3757;6
23853;4277;6
23854;8995;4
23855;6907;3
23856;1318;2
23857;5891;6
23858;4014;2
23859;5726;6
23860;3667;4
23861;4730;3
23862;4730;7
23863;1920;3
23864;1166;2
23865;2650;1
23866;7592;2
23867;1302;5
23868;1639;6
23869;3401;5
23870;8832;5
23871;1154;3
23872;8653;5
23873;5965;1
23874;7214;4
23875;7556;5
23876;6863;7
23877;1636;2
23878;4119;6
23879;4150;5
23880;7334;4
23881;8694;2
23882;8074;6
23883;7282;1
23884;4684;7
23885;5498;5
23886;6775;5
23887;3383;7
23888;7319;4
23889;8830;4
23890;2580;4
23891;3212;6
23892;1357;3
23893;4189;4
23894;7852;6
23895;1501;6
23896;4785;5
23897;3579;6
23898;7105;7
23899;1498;2
23900;1514;5
23901;5153;2
23902;1719;3
23903;7899;6
23904;5064;4
23905;2518;2
23906;4692;3
23907;4086;5
23908;7638;5
23909;6102;2
23910;5234;2
23911;1369;7
23912;4643;7
23913;1845;2
23914;4283;1
23915;6438;3
23916;7917;2
23917;2211;3
23918;2246;7
23919;1797;5
23920;2841;5
23921;5108;6
23922;2543;7
23923;8164;7
23924;6315;1
23925;4199;7
23926;7165;7
23927;1401;2
23928;6816;7
23929;8345;4
23930;3358;4
23931;3024;3
23932;4758;2
23933;2244;2
23934;8133;7
23935;8761;7
23936;6006;5
23937;8803;1
23938;8250;7
23939;4405;4
23940;5883;6
23941;8372;4
23942;3445;5
23943;7676;2
23944;3432;1
23945;5167;3
23946;7300;5
23947;6523;7
23948;3383;3
23949;2607;7
23950;6641;4
23951;4447;6
23952;1175;6
23953;3862;7
23954;6026;3
23955;4862;7
23956;1699;1
23957;2212;6
23958;2544;1
23959;5056;4
23960;4759;7
23961;3410;6
23962;8125;4
23963;4854;3
23964;2617;5
23965;3608;3
23966;8516;1
23967;4801;7
23968;5609;7
23969;6905;5
23970;2151;6
23971;8382;5
23972;3075;2
23973;5001;1
23974;5767;6
23975;4737;3
23976;1861;6
23977;1196;1
23978;5042;3
23979;8795;7
23980;3699;7
23981;5505;2
23982;7463;3
23983;7678;6
23984;2076;5
23985;2472;5
23986;3876;6
23987;1483;4
23988;1921;2
23989;8357;7
23990;6642;6
23991;3540;2
23992;6417;2
23993;7770;4
23994;6780;4
23995;7456;6
23996;3361;3
23997;5955;4
23998;7227;1
23999;7970;6
24000;2313;3
24001;5430;7
24002;6564;5
24003;2621;7
24004;2401;2
24005;1132;5
24006;8288;5
24007;8828;5
24008;7997;1
24009;2123;4
24010;6242;3
24011;5198;4
24012;5223;7
24013;5273;6
24014;7861;4
24015;2238;7
24016;5844;7
24017;1350;4
24018;2176;5
24019;6502;2
24020;1072;3
24021;5150;5
24022;7352;7
24023;5900;5
24024;2791;5
24025;7430;2
24026;6770;3
24027;3030;7
24028;5730;3
24029;4896;2
24030;8708;4
24031;5074;1
24032;2350;5
24033;4915;6
24034;3487;4
24035;5707;4
24036;3154;3
24037;4132;4
24038;4185;5
24039;7738;3
24040;8347;5
24041;3608;7
24042;4209;5
24043;1728;2
24044;2499;1
24045;3503;6
24046;1873;5
24047;7400;1
24048;2704;5
24049;2264;4
24050;1107;4
24051;8449;7
24052;7689;2
24053;6776;3
24054;6704;4
24055;8425;7
24056;3232;6
24057;2251;3
24058;3695;3
24059;5904;3
24060;5227;5
24061;7776;5
24062;5078;7
24063;3308;4
24064;8828;2
24065;6481;4
24066;5981;7
24067;6910;1
24068;2493;3
24069;8127;1
24070;4749;2
24071;3384;2
24072;2673;6
24073;6012;5
24074;6097;1
24075;6391;3
24076;6023;7
24077;2364;2
24078;3239;3
24079;3373;6
24080;1397;1
24081;5999;7
24082;6601;3
24083;7560;2
24084;6545;3
24085;4509;3
24086;6830;7
24087;8924;3
24088;5424;4
24089;2270;7
24090;4896;1
24091;3435;7
24092;6366;4
24093;4453;1
24094;3378;1
24095;4235;3
24096;1621;7
24097;1738;1
24098;5177;5
24099;7764;4
24100;3660;3
24101;8655;5
24102;5845;1
24103;3195;4
24104;3979;6
24105;1785;3
24106;7431;1
24107;3208;5
24108;3139;1
24109;5314;3
24110;4752;3
24111;4095;6
24112;1144;1
24113;5536;5
24114;3821;1
24115;2621;4
24116;3615;7
24117;3303;5
24118;3342;2
24119;6453;5
24120;3010;4
24121;6392;2
24122;5244;5
24123;3677;2
24124;3346;2
24125;7094;3
24126;1982;5
24127;1472;1
24128;1122;3
24129;2942;6
24130;2837;2
24131;3139;6
24132;4799;2
24133;7954;7
24134;1395;2
24135;5336;6
24136;7932;6
24137;6884;2
24138;3616;1
24139;3422;7
24140;4676;7
24141;3477;4
24142;1287;2
24143;4675;3
24144;7973;3
24145;6285;1
24146;5506;7
24147;4934;2
24148;8279;3
24149;3585;3
24150;4223;5
24151;3794;3
24152;7894;2
24153;5192;7
24154;6440;4
24155;3179;3
24156;4086;3
24157;4832;5
24158;7746;1
24159;4424;5
24160;8889;1
24161;1323;1
24162;8655;1
24163;4530;3
24164;1725;3
24165;3011;4
24166;8008;7
24167;5797;2
24168;3210;1
24169;6769;5
24170;8646;5
24171;6286;1
24172;8704;7
24173;5619;5
24174;1474;3
24175;1626;3
24176;5822;7
24177;4207;7
24178;5578;4
24179;8218;6
24180;5114;2
24181;8487;5
24182;2712;2
24183;5005;1
24184;5251;1
24185;1920;6
24186;6231;5
24187;1267;4
24188;7971;2
24189;5796;6
24190;1940;2
24191;4600;4
24192;6948;4
24193;5694;4
24194;7847;2
24195;1290;3
24196;5263;7
24197;2883;4
24198;7923;7
24199;3867;5
24200;5169;1
24201;8427;4
24202;1266;7
24203;7505;7
24204;8545;7
24205;7238;7
24206;2656;3
24207;1779;4
24208;3460;7
24209;5110;4
24210;8269;6
24211;7004;2
24212;2206;6
24213;2232;4
24214;2468;7
24215;6279;7
24216;6748;2
24217;6557;7
24218;3387;2
24219;8410;5
24220;8718;2
24221;4867;1
24222;7929;7
24223;6522;1
24224;8664;6
24225;5120;2
24226;8110;1
24227;5848;1
24228;4452;2
24229;3061;4
24230;7280;5
24231;8558;6
24232;8931;2
24233;6681;4
24234;1647;2
24235;8347;6
24236;4724;6
24237;6069;7
24238;7292;3
24239;6632;6
24240;8850;1
24241;2808;5
24242;2365;7
24243;5307;1
24244;2578;6
24245;5657;4
24246;6280;5
24247;5309;2
24248;5058;7
24249;4503;3
24250;1267;6
24251;7366;5
24252;3544;4
24253;6759;3
24254;8864;1
24255;1734;4
24256;4719;7
24257;6859;6
24258;2943;4
24259;6606;2
24260;1237;2
24261;5276;4
24262;1976;7
24263;7522;5
24264;7578;5
24265;5353;1
24266;4752;1
24267;5837;3
24268;8186;5
24269;1111;1
24270;4970;5
24271;8124;5
24272;7614;3
24273;4474;6
24274;5536;6
24275;2560;4
24276;1590;7
24277;2940;3
24278;8050;6
24279;8361;6
24280;8430;4
24281;5950;3
24282;1622;7
24283;7148;1
24284;4485;3
24285;8415;1
24286;8671;2
24287;8262;5
24288;8201;7
24289;8113;5
24290;7420;7
24291;6785;4
24292;1232;3
24293;5006;7
24294;3524;2
24295;8767;2
24296;7942;6
24297;3536;3
24298;6582;1
24299;8619;4
24300;6092;4
24301;1897;6
24302;5529;2
24303;3367;7
24304;2410;5
24305;6777;4
24306;4930;3
24307;6493;3
24308;4175;3
24309;2270;1
24310;2624;6
24311;8088;2
24312;4600;3
24313;5771;2
24314;4452;3
24315;1216;2
24316;1715;1
24317;1258;6
24318;6017;1
24319;4084;7
24320;7986;6
24321;2843;2
24322;7860;6
24323;3020;5
24324;3072;3
24325;7440;1
24326;2947;4
24327;4264;6
24328;2632;1
24329;2323;2
24330;4289;5
24331;3911;2
24332;6533;5
24333;6394;2
24334;4042;2
24335;8551;4
24336;2415;7
24337;2313;2
24338;6931;1
24339;1914;1
24340;3145;3
24341;6054;5
24342;3650;5
24343;4625;3
24344;8882;7
24345;3037;2
24346;5597;4
24347;2159;3
24348;4996;1
24349;3666;6
24350;5581;1
24351;1167;5
24352;8078;3
24353;6888;4
24354;6066;1
24355;3625;3
24356;6094;4
24357;2739;3
24358;7702;1
24359;2879;5
24360;5189;7
24361;3103;1
24362;8101;5
24363;2508;3
24364;2694;7
24365;8335;2
24366;7166;4
24367;4903;2
24368;2794;4
24369;4092;7
24370;5223;2
24371;2750;4
24372;2849;1
24373;3343;3
24374;2660;6
24375;2599;1
24376;7373;5
24377;3830;2
24378;3975;6
24379;5412;2
24380;8046;3
24381;5703;4
24382;7807;3
24383;3776;6
24384;7033;4
24385;6404;7
24386;1100;7
24387;5412;7
24388;3130;6
24389;6444;4
24390;5888;4
24391;3245;4
24392;3246;5
24393;6525;1
24394;6785;5
24395;1439;7
24396;6511;1
24397;6954;7
24398;4076;5
24399;5861;5
24400;2113;4
24401;5490;7
24402;8802;3
24403;6853;6
24404;2274;3
24405;4938;6
24406;8499;5
24407;7477;1
24408;4614;7
24409;8040;4
24410;6393;6
24411;4809;7
24412;4786;5
24413;1268;2
24414;5597;6
24415;8955;6
24416;6593;6
24417;7341;1
24418;6417;6
24419;1178;7
24420;5104;1
24421;2010;1
24422;7802;1
24423;3642;1
24424;7424;7
24425;4308;1
24426;4249;1
24427;5184;6
24428;2827;1
24429;8065;6
24430;6881;3
24431;7408;2
24432;1926;7
24433;6198;4
24434;4801;2
24435;7082;2
24436;6160;7
24437;4295;1
24438;5519;5
24439;5101;7
24440;6590;5
24441;7685;3
24442;5914;1
24443;8886;4
24444;2327;3
24445;5648;7
24446;5043;3
24447;3297;4
24448;5773;4
24449;1062;5
24450;7623;5
24451;3987;2
24452;5059;3
24453;6476;2
24454;2320;5
24455;3219;6
24456;6167;5
24457;2880;5
24458;8022;2
24459;7675;3
24460;6232;3
24461;5930;5
24462;7630;5
24463;3563;4
24464;6983;1
24465;1322;6
24466;1433;4
24467;8097;6
24468;4788;1
24469;3709;6
24470;1185;2
24471;5840;3
24472;8205;5
24473;5694;5
24474;7028;2
24475;1235;3
24476;4679;3
24477;1579;4
24478;3727;7
24479;5009;1
24480;6160;3
24481;5144;1
24482;6701;3
24483;3995;3
24484;3763;4
24485;1418;2
24486;6877;3
24487;2271;7
24488;8232;5
24489;5153;2
24490;4805;3
24491;1432;6
24492;5476;5
24493;4865;2
24494;3779;2
24495;2346;6
24496;4423;3
24497;5802;1
24498;5275;4
24499;6762;1
24500;1057;7
24501;1754;5
24502;6729;4
24503;6471;7
24504;6365;4
24505;3202;4
24506;3728;2
24507;4361;4
24508;8580;1
24509;7311;7
24510;8716;6
24511;1689;7
24512;4984;6
24513;5685;3
24514;5955;3
24515;5066;4
24516;1908;1
24517;3284;4
24518;8118;7
24519;5078;3
24520;8662;7
24521;1495;2
24522;6525;2
24523;7081;5
24524;7720;1
24525;4043;3
24526;3633;1
24527;6291;7
24528;5126;1
24529;7033;6
24530;3271;2
24531;1071;6
24532;2770;1
24533;1365;2
24534;7527;1
24535;4527;7
24536;4276;1
24537;2595;2
24538;2434;1
24539;8677;1
24540;7628;1
24541;8021;1
24542;2467;4
24543;4682;2
24544;6201;6
24545;8407;3
24546;4480;2
24547;8687;4
24548;3932;2
24549;7172;4
24550;8535;1
24551;5678;2
24552;1471;1
24553;6916;4
24554;3600;5
24555;6292;2
24556;7139;6
24557;4067;5
24558;6447;3
24559;2983;2
24560;4931;2
24561;3844;7
24562;5912;7
24563;6677;4
24564;6274;3
24565;1630;7
24566;7528;1
24567;3144;3
24568;3677;2
24569;1468;7
24570;5753;2
24571;2190;2
24572;8167;7
24573;7195;7
24574;2983;5
24575;4885;2
24576;2002;2
24577;7957;3
24578;2210;7
24579;5346;1
24580;4446;4
24581;2224;5
24582;1864;5
24583;1518;1
24584;1790;4
24585;4602;2
24586;8471;4
24587;7403;4
24588;3828;1
24589;4155;4
24590;6359;2
24591;1771;7
24592;1833;2
24593;2049;7
24594;2913;4
24595;6169;4
24596;3395;5
24597;6613;2
24598;8447;2
24599;4769;7
24600;3414;6
24601;2417;3
24602;7687;7
24603;7577;1
24604;1820;5
24605;2733;1
24606;4287;2
24607;6974;6
24608;1879;3
24609;2504;1
24610;5588;2
24611;6213;7
24612;5042;4
24613;2506;5
24614;4474;5
24615;3043;2
24616;2744;5
24617;8494;7
24618;1903;5
24619;3406;1
24620;1006;3
24621;6217;5
24622;5271;7
24623;3700;1
24624;8754;4
24625;5589;2
24626;3354;7
24627;1414;5
24628;7266;4
24629;1714;3
24630;6053;5
24631;3373;1
24632;3345;3
24633;4090;2
24634;1807;1
24635;2155;6
24636;7936;5
24637;3455;6
24638;6216;1
24639;5436;2
24640;7351;2
24641;1176;1
24642;3112;7
24643;7220;5
24644;1133;5
24645;5851;4
24646;1969;4
24647;6406;7
24648;7826;5
24649;1657;6
24650;7459;3
24651;7443;3
24652;6622;1
24653;1256;3
24654;8337;7
24655;3789;1
24656;2150;1
24657;5460;4
24658;4904;7
24659;3988;4
24660;4832;4
24661;3469;1
24662;7160;6
24663;5979;3
24664;4787;1
24665;4581;6
24666;2520;6
24667;8831;4
24668;8230;2
24669;6988;1
24670;2330;7
24671;2429;2
24672;2369;1
24673;1721;1
24674;7533;7
24675;1004;3
24676;7448;2
24677;5862;5
24678;3470;3
24679;4793;3
24680;5133;1
24681;8837;6
24682;7029;1
24683;5389;7
24684;1594;5
24685;6417;5
24686;7463;6
24687;4044;6
24688;5162;2
24689;4617;2
24690;4386;3
24691;5255;4
24692;7228;6
24693;8005;3
24694;6222;7
24695;8287;5
24696;1902;2
24697;2332;6
24698;7643;2
24699;8116;6
24700;6278;7
24701;8331;7
24702;6356;4
24703;1818;1
24704;6933;5
24705;7177;2
24706;4895;1
24707;7130;6
24708;5419;3
24709;1970;1
24710;7847;3
24711;7797;3
24712;7220;5
24713;4871;2
24714;3246;3
24715;2646;7
24716;1996;6
24717;4536;2
24718;1673;1
24719;6835;4
24720;5840;5
24721;2985;4
24722;3883;6
24723;5899;6
24724;6043;5
24725;3609;6
24726;2459;5
24727;5562;6
24728;8780;2
24729;4852;3
24730;8484;1
24731;5547;6
24732;8659;1
24733;4032;2
24734;2917;5
24735;7889;7
24736;6083;4
24737;7270;7
24738;2706;6
24739;5889;1
24740;3283;4
24741;7758;4
24742;1605;4
24743;4566;6
24744;3746;2
24745;3724;2
24746;6605;1
24747;4514;6
24748;3813;1
24749;6091;6
24750;1687;5
24751;7700;7
24752;8811;5
24753;3179;2
24754;8561;6
24755;1741;2
24756;7681;4
24757;6472;1
24758;6180;4
24759;3224;4
24760;2321;4
24761;1812;2
24762;2451;1
24763;7664;7
24764;2905;6
24765;5318;2
24766;4871;1
24767;5705;4
24768;5580;6
24769;5160;7
24770;1988;2
24771;5711;7
24772;8238;1
24773;5774;7
24774;5568;1
24775;8745;2
24776;5253;3
24777;7221;4
24778;5303;1
24779;6528;5
24780;7012;2
24781;7180;6
24782;1671;6
24783;8755;7
24784;8486;3
24785;7731;4
24786;3368;5
24787;3780;6
24788;3276;3
24789;8103;6
24790;2780;5
24791;6536;5
24792;1035;3
24793;3764;1
24794;1510;4
24795;3427;1
24796;5295;6
24797;7082;1
24798;2757;4
24799;8632;7
24800;2866;1
24801;2096;5
24802;5284;4
24803;7297;7
24804;5414;2
24805;4160;5
24806;2335;1
24807;8744;5
24808;5998;3
24809;8899;2
24810;4783;4
24811;8775;4
24812;1559;1
24813;4902;3
24814;4935;7
24815;6910;1
24816;4383;5
24817;7742;4
24818;1987;7
24819;2775;7
24820;3736;5
24821;3511;1
24822;8996;6
24823;7832;1
24824;4025;4
24825;8628;4
24826;3258;7
24827;8465;7
24828;5822;4
24829;3953;4
24830;3603;6
24831;4403;2
24832;1179;1
24833;6950;6
24834;3871;6
24835;1929;6
24836;4217;5
24837;8654;1
24838;4327;1
24839;6145;3
24840;8355;1
24841;6468;4
24842;2123;5
24843;2817;4
24844;1978;4
24845;4457;3
24846;4609;3
24847;3613;7
24848;8801;7
24849;3773;2
24850;5470;2
24851;7721;6
24852;6885;5
24853;2300;7
24854;3246;4
24855;2982;3
24856;8893;6
24857;1175;1
24858;4020;1
24859;5475;2
24860;5597;4
24861;6076;6
24862;6420;6
24863;2072;6
24864;5292;7
24865;1573;5
24866;6147;7
24867;3343;5
24868;6753;1
24869;3599;5
24870;7608;5
24871;7318;7
24872;1912;6
24873;6419;7
24874;7120;6
24875;4198;2
24876;3964;1
24877;8871;7
24878;6807;7
24879;6929;7
24880;3533;7
24881;1660;6
24882;5958;2
24883;5094;3
24884;1191;2
24885;1586;4
24886;3613;1
24887;7066;2
24888;3704;1
24889;8217;7
24890;1547;3
24891;6127;6
24892;2624;5
24893;6794;1
24894;4820;6
24895;1032;2
24896;8626;6
24897;8262;1
24898;8761;4
24899;1490;1
24900;5619;3
24901;1002;2
24902;4357;5
24903;8250;4
24904;5187;3
24905;7894;2
24906;3535;2
24907;3795;5
24908;2756;4
24909;2597;7
24910;4378;5
24911;4328;7
24912;5354;5
24913;6247;2
24914;4579;2
24915;6635;1
24916;2538;7
24917;6500;5
24918;4431;1
24919;6317;3
24920;7785;1
24921;5349;1
24922;3936;5
24923;4761;3
24924;2369;5
24925;2365;3
24926;7912;4
24927;4170;3
24928;3171;2
24929;4945;4
24930;6223;4
24931;5824;1
24932;5954;2
24933;7895;3
24934;6986;6
24935;2717;4
24936;5247;5
24937;4590;4
24938;6910;3
24939;2556;5
24940;1323;3
24941;1758;3
24942;3348;2
24943;8930;4
24944;3123;4
24945;4183;3
24946;1506;3
24947;4315;2
24948;3727;1
24949;4191;1
24950;3482;5
24951;5108;1
24952;3002;2
24953;8652;6
24954;2269;4
24955;5199;4
24956;7562;4
24957;6598;2
24958;3193;7
24959;4901;3
24960;3373;5
24961;6599;3
24962;8248;7
24963;2515;2
24964;8170;6
24965;7042;4
24966;1586;2
24967;5230;4
24968;6035;1
24969;2179;5
24970;6833;1
24971;2904;2
24972;8535;1
24973;5322;3
24974;6416;6
24975;6358;1
24976;2142;6
24977;2069;6
24978;3754;1
24979;8869;1
24980;3381;7
24981;7710;6
24982;1141;4
24983;8452;6
24984;6385;3
24985;4592;6
24986;6631;1
24987;8829;2
24988;6260;5
24989;6587;5
24990;1891;6
24991;3229;2
24992;6855;7
24993;6342;4
24994;3101;3
24995;7972;5
24996;2615;7
24997;1129;2
24998;4923;4
24999;3578;1
25000;6844;4
25001;7681;4
25002;6359;3
25003;8012;6
25004;1486;1
25005;6810;3
25006;5434;5
25007;5776;6
25008;6267;3
25009;4922;5
25010;8404;4
25011;1436;7
25012;3456;2
25013;7764;1
25014;5514;1
25015;1000;3
25016;8664;2
25017;8292;3
25018;5667;3
25019;7993;3
25020;6847;2
25021;5759;1
25022;1386;1
25023;5423;1
25024;4390;5
25025;3391;3
25026;5519;2
25027;4287;7
25028;8656;3
25029;5805;6
25030;3126;4
25031;5611;2
25032;8947;6
25033;5512;5
25034;3337;7
25035;7408;4
25036;3907;4
25037;8481;7
25038;3328;3
25039;5403;6
25040;1038;2
25041;7380;3
25042;8312;5
25043;4896;1
25044;2871;4
25045;6836;2
25046;2107;7
25047;3855;3
25048;7393;5
25049;2601;2
25050;8863;7
25051;2312;5
25052;4229;5
25053;6396;4
25054;1449;4
25055;7517;5
25056;2010;3
25057;6760;6
25058;4608;7
25059;4516;3
25060;5003;7
25061;8304;2
25062;2265;3
25063;3618;3
25064;2995;2
25065;4034;3
25066;4488;3
25067;1281;6
25068;5539;1
25069;7378;1
25070;6730;7
25071;5308;6
25072;1512;6
25073;5195;7
25074;8073;2
25075;3181;6
25076;3722;5
25077;2324;7
25078;1806;3
25079;8347;5
25080;3163;2
25081;7891;3
25082;2721;4
25083;1274;5
25084;8287;2
25085;1557;4
25086;1941;5
25087;1308;1
25088;1800;4
25089;3711;2
25090;4799;2
25091;3836;1
25092;1991;1
25093;6827;7
25094;1667;1
25095;8437;3
25096;8070;1
25097;1207;5
25098;5920;7
25099;5969;1
25100;2976;6
25101;1822;1
25102;7868;2
25103;7600;2
25104;4001;1
25105;2202;5
25106;3650;2
25107;7388;7
25108;8572;1
25109;8198;3
25110;3723;6
25111;7377;4
25112;8453;3
25113;4087;1
25114;3588;6
25115;8668;2
25116;1195;7
25117;1644;6
25118;1040;2
25119;6032;4
25120;7183;6
25121;8278;4
25122;4450;2
25123;4635;1
25124;5096;1
25125;4130;1
25126;7583;5
25127;5261;7
25128;4699;3
25129;4400;1
25130;5564;7
25131;4216;2
25132;4694;5
25133;3862;7
25134;7294;4
25135;1089;4
25136;6099;1
25137;6534;1
25138;5155;5
25139;6407;5
25140;5067;2
25141;3792;7
25142;5069;5
25143;2164;2
25144;1987;6
25145;2687;6
25146;6305;5
25147;6929;7
25148;3929;3
25149;4171;1
25150;8780;6
25151;3101;6
25152;1104;3
25153;3411;2
25154;6884;1
25155;8078;7
25156;6336;1
25157;4922;2
25158;6479;1
25159;1534;5
25160;7818;7
25161;6466;7
25162;5989;7
25163;1363;5
25164;3236;2
25165;8997;4
25166;5444;6
25167;8579;5
25168;6151;6
25169;5390;2
25170;3218;6
25171;5495;1
25172;3463;6
25173;1586;7
25174;2302;6
25175;8980;4
25176;8876;2
25177;6565;3
25178;5461;2
25179;7142;2
25180;2951;1
25181;2125;3
25182;5843;3
25183;6203;7
25184;2644;3
25185;6521;6
25186;2824;3
25187;4989;7
25188;2531;5
25189;1926;4
25190;4420;6
25191;5470;2
25192;5824;5
25193;8422;3
25194;6130;2
25195;4299;3
25196;6543;4
25197;3059;2
25198;2464;7
25199;6597;1
25200;1130;6
25201;5933;3
25202;8220;4
25203;1211;2
25204;1122;5
25205;6139;1
25206;6580;5
25207;1212;1
25208;6177;3
25209;3856;1
25210;6697;2
25211;7734;4
25212;4548;7
25213;4555;1
25214;7062;6
25215;7240;4
25216;4455;7
25217;7586;6
25218;1021;7
25219;5499;2
25220;4215;7
25221;1098;1
25222;2990;6
25223;1565;4
25224;7304;5
25225;1521;7
25226;3146;6
25227;6457;1
25228;5288;6
25229;2401;4
25230;3386;2
25231;4819;3
25232;7702;5
25233;4312;5
25234;2424;2
25235;3618;5
25236;1019;6
25237;8484;4
25238;7837;5
25239;6213;4
25240;5081;1
25241;5562;3
25242;3918;4
25243;6304;4
25244;1447;6
25245;5987;6
25246;1956;2
25247;7858;1
25248;8481;2
25249;6608;4
25250;1201;7
25251;3650;2
25252;2008;5
25253;3654;5
25254;3515;7
25255;8985;2
25256;3293;3
25257;8418;5
25258;8653;4
25259;8910;2
25260;4431;7
25261;5266;3
25262;3347;1
25263;6705;7
25264;3555;1
25265;1219;7
25266;4528;1
25267;8719;3
25268;2018;3
25269;5660;1
25270;2023;2
25271;1229;3
25272;2509;7
25273;2499;1
25274;4906;3
25275;8772;3
25276;3211;6
25277;7545;7
25278;2142;3
25279;5540;3
25280;7686;7
25281;7077;1
25282;3419;4
25283;2017;7
25284;8227;4
25285;4201;7
25286;7589;7
25287;6418;3
25288;7692;6
25289;5337;5
25290;6050;1
25291;5816;4
25292;3953;4
25293;4760;4
25294;3243;6
25295;4343;7
25296;4843;5
25297;2807;6
25298;1612;5
25299;2442;5
25300;1890;3
25301;2393;4
25302;6087;3
25303;8120;5
25304;7864;4
25305;4752;4
25306;7722;1
25307;4199;1
25308;5723;2
25309;1199;4
25310;8888;6
25311;6426;4
25312;4213;1
25313;7553;2
25314;7455;1
25315;7244;3
25316;5813;5
25317;6435;3
25318;6600;5
25319;1126;2
25320;1248;3
25321;6829;3
25322;5985;4
25323;3392;1
25324;2796;7
25325;1651;4
25326;6284;5
25327;1690;2
25328;6133;4
25329;6849;7
25330;1258;6
25331;4319;3
25332;3520;3
25333;8335;2
25334;1369;5
25335;1439;4
25336;8983;7
25337;4908;2
25338;5745;6
25339;1315;1
25340;8365;1
25341;3793;2
25342;7192;6
25343;5780;1
25344;8573;7
25345;3019;4
25346;1798;5
25347;6660;3
25348;8934;5
25349;3867;1
25350;5409;6
25351;8704;1
25352;8952;3
25353;6408;3
25354;2507;7
25355;8925;1
25356;4783;3
25357;2980;6
25358;8610;7
25359;8229;5
25360;6747;1
25361;8766;3
25362;7531;3
25363;8553;6
25364;6997;1
25365;8174;1
25366;8957;7
25367;3943;2
25368;2297;6
25369;3034;6
25370;4717;7
25371;7103;4
25372;7610;1
25373;2779;1
25374;8206;3
25375;8548;4
25376;2467;1
25377;3856;1
25378;8965;5
25379;1469;4
25380;5775;7
25381;5968;3
25382;7379;7
25383;3791;2
25384;2808;6
25385;8120;6
25386;4094;3
25387;2280;1
25388;1581;6
25389;5577;6
25390;2280;4
25391;5561;1
25392;1777;5
25393;8732;7
25394;3096;6
25395;1014;4
25396;7568;5
25397;8103;6
25398;8340;1
25399;2358;1
25400;7090;5
25401;3791;7
25402;8577;7
25403;1189;3
25404;2626;4
25405;4238;6
25406;3187;1
25407;2594;3
25408;6006;5
25409;8631;1
25410;8012;4
25411;7802;3
25412;8830;2
25413;4273;4
25414;4572;6
25415;2776;3
25416;2202;3
25417;2516;1
25418;6075;7
25419;5296;7
25420;4438;2
25421;8337;5
25422;8624;2
25423;4421;5
25424;2512;5
25425;3598;3
25426;4873;7
25427;4472;4
25428;8611;6
25429;4056;5
25430;7097;6
25431;5078;5
25432;2740;7
25433;7792;4
25434;8930;4
25435;2864;3
25436;3647;1
25437;3144;6
25438;2409;6
25439;4984;2
25440;2184;5
25441;3661;5
25442;1832;5
25443;2111;4
25444;6247;1
25445;1219;2
25446;7665;3
25447;5480;5
25448;4022;6
25449;1703;1
25450;8522;3
25451;7826;6
25452;8095;3
25453;3052;3
25454;7783;3
25455;3235;3
25456;6302;6
25457;4104;5
25458;8827;1
25459;5640;1
25460;6226;2
25461;8660;3
25462;1516;6
25463;2265;6
25464;8455;2
25465;1898;6
25466;3325;7
25467;4028;2
25468;5775;3
25469;5069;6
25470;2336;1
25471;2972;2
25472;1291;1
25473;7837;6
25474;3495;6
25475;6384;4
25476;1791;3
25477;5258;5
25478;3833;5
25479;4369;3
25480;6473;7
25481;4519;5
25482;3935;6
25483;6351;2
25484;3819;7
25485;4582;6
25486;6268;2
25487;4506;2
25488;1863;7
25489;1412;3
25490;5310;5
25491;5321;4
25492;6549;7
25493;7188;4
25494;3850;6
25495;3529;4
25496;4346;1
25497;7654;7
25498;6938;6
25499;8676;3
25500;6730;4
25501;4528;2
25502;6723;4
25503;5315;1
25504;2715;7
25505;7224;5
25506;6920;1
25507;1761;3
25508;7218;5
25509;5084;2
25510;8140;1
25511;1984;1
25512;4301;4
25513;6986;2
25514;7549;7
25515;6771;1
25516;8898;2
25517;7033;7
25518;4403;6
25519;5372;6
25520;4052;3
25521;2995;1
25522;5166;2
25523;1894;3
25524;6307;3
25525;2922;3
25526;7632;7
25527;8881;7
25528;4449;4
25529;5502;3
25530;6307;6
25531;4990;3
25532;6687;6
25533;3391;4
25534;3335;3
25535;7270;2
25536;5575;6
25537;7189;2
25538;8386;4
25539;4573;5
25540;2993;2
25541;8283;7
25542;3672;3
25543;1627;3
25544;4895;3
25545;6686;7
25546;8171;3
25547;4319;5
25548;2573;7
25549;5214;5
25550;1801;5
25551;7742;3
25552;1673;1
25553;1858;1
25554;7992;6
25555;5041;6
25556;7968;1
25557;5488;2
25558;2126;5
25559;8748;3
25560;2773;7
25561;7575;7
25562;7229;7
25563;1578;6
25564;1667;1
25565;1728;4
25566;8999;4
25567;3989;2
25568;6588;5
25569;8406;7
25570;8991;3
25571;1211;1
25572;5352;5
25573;4939;2
25574;3018;7
25575;4280;5
25576;2311;5
25577;3478;1
25578;4605;5
25579;6659;6
25580;5962;7
25581;2366;2
25582;5682;4
25583;8141;3
25584;5150;7
25585;7250;7
25586;5165;5
25587;2503;6
25588;8378;2
25589;3748;3
25590;6559;1
25591;6392;3
25592;4892;2
25593;4008;5
25594;7416;6
25595;6756;7
25596;1042;7
25597;3954;3
25598;2455;2
25599;1252;4
25600;4026;1
25601;5589;5
25602;4989;2
25603;8763;7
25604;4393;1
25605;1282;5
25606;5339;3
25607;2432;7
25608;1616;7
25609;6606;7
25610;2638;7
25611;6709;5
25612;5185;3
25613;5422;7
25614;6908;6
25615;3631;5
25616;6382;1
25617;2542;7
25618;5383;7
25619;3593;1
25620;8653;2
25621;4765;2
25622;2822;2
25623;1113;7
25624;4294;1
25625;2116;2
25626;1948;5
25627;1111;4
25628;6758;4
25629;4595;1
25630;1948;4
25631;1451;1
25632;4571;2
25633;7277;4
25634;7245;5
25635;3793;2
25636;4501;5
25637;7003;3
25638;7931;3
25639;8527;5
25640;2132;5
25641;2092;3
25642;5532;3
25643;5014;6
25644;6418;6
25645;2063;4
25646;5100;2
25647;1715;7
25648;4210;3
25649;7550;3
25650;1972;1
25651;8933;3
25652;1792;2
25653;6637;3
25654;7967;2
25655;1807;1
25656;8017;2
25657;4437;5
25658;5162;7
25659;7404;4
25660;6785;7
25661;3116;4
25662;7935;2
25663;4207;2
25664;4031;3
25665;7192;2
25666;2532;6
25667;2304;1
25668;7627;5
25669;4740;7
25670;4053;3
25671;7854;1
25672;2902;6
25673;5769;1
25674;6114;1
25675;8013;5
25676;4069;1
25677;5652;5
25678;6508;2
25679;7049;7
25680;1979;6
25681;5560;7
25682;2511;2
25683;5364;3
25684;2231;5
25685;2969;4
25686;6542;6
25687;6940;3
25688;5648;6
25689;8960;2
25690;1260;6
25691;7865;1
25692;6088;5
25693;2979;4
25694;6474;2
25695;1306;6
25696;3441;6
25697;1643;1
25698;1059;3
25699;7033;3
25700;7277;4
25701;7530;7
25702;7672;2
25703;5101;2
25704;4012;2
25705;3366;3
25706;3920;7
25707;5512;2
25708;4193;1
25709;1603;7
25710;3712;4
25711;2209;6
25712;4953;4
25713;2780;4
25714;5899;5
25715;7373;3
25716;8513;7
25717;7086;7
25718;4039;1
25719;6114;6
25720;7153;5
25721;7610;5
25722;8595;2
25723;4930;5
25724;3928;6
25725;1363;5
25726;8821;3
25727;4865;4
25728;7435;7
25729;3398;6
25730;8728;1
25731;2500;4
25732;2080;2
25733;8822;6
25734;4054;7
25735;1547;3
25736;2835;1
25737;2479;5
25738;4623;3
25739;2030;6
25740;1322;2
25741;1915;6
25742;8693;7
25743;5264;5
25744;4250;5
25745;7133;4
25746;2812;1
25747;6443;3
25748;6853;4
25749;2426;1
25750;3040;5
25751;5897;2
25752;8502;3
25753;7639;2
25754;2102;3
25755;4955;1
25756;8516;3
25757;6877;2
25758;7914;1
25759;1026;4
25760;5866;2
25761;7036;1
25762;6369;4
25763;5153;1
25764;8254;5
25765;3524;1
25766;3431;5
25767;6086;6
25768;2249;7
25769;4713;5
25770;8280;6
25771;5369;5
25772;4446;6
25773;8759;5
25774;8790;2
25775;4652;1
25776;7903;7
25777;7628;2
25778;4714;6
25779;4824;2
25780;2844;3
25781;4853;3
25782;3172;2
25783;5756;5
25784;2711;2
25785;1073;3
25786;7864;3
25787;3561;5
25788;7885;6
25789;8247;2
25790;5748;3
25791;4267;5
25792;2622;3
25793;5781;4
25794;2769;6
25795;4782;3
25796;8495;1
25797;6089;1
25798;5414;7
25799;3063;4
25800;5727;4
25801;7943;4
25802;4056;3
25803;5074;4
25804;4221;3
25805;3532;2
25806;3946;3
25807;2783;1
25808;3233;3
25809;2493;2
25810;7299;3
25811;7894;2
25812;6031;5
25813;1098;3
25814;8839;2
25815;2202;4
25816;1607;5
25817;2428;3
25818;5328;7
25819;1146;7
25820;6030;6
25821;7034;5
25822;7376;2
25823;3913;7
25824;7221;4
25825;4691;1
25826;2219;2
25827;4888;2
25828;8681;2
25829;4226;5
25830;1078;2
25831;1556;3
25832;1746;1
25833;4488;1
25834;8206;5
25835;6477;7
25836;1143;6
25837;4011;6
25838;6331;6
25839;1900;4
25840;8430;7
25841;5021;7
25842;4915;4
25843;6939;1
25844;5051;7
25845;1891;5
25846;2154;4
25847;5097;2
25848;3664;4
25849;8495;2
25850;1561;7
25851;6070;1
25852;7208;4
25853;7153;7
25854;5001;2
25855;2890;6
25856;7353;3
25857;4154;3
25858;6745;4
25859;6587;2
25860;1525;3
25861;1241;2
25862;3144;6
25863;3331;6
25864;2541;6
25865;8619;3
25866;8636;5
25867;1039;6
25868;3509;5
25869;7498;4
25870;4544;6
25871;3916;3
25872;6079;3
25873;3357;5
25874;8717;4
25875;4413;4
25876;3766;6
25877;8606;5
25878;5585;6
25879;1544;5
25880;1762;2
25881;8273;5
25882;3032;1
25883;4212;7
25884;1854;6
25885;1888;4
25886;6745;2
25887;8283;1
25888;2463;1
25889;3443;4
25890;8482;2
25891;6579;7
25892;7633;2
25893;8633;5
25894;3055;7
25895;1671;1
25896;5812;4
25897;2029;7
25898;1841;4
25899;8021;7
25900;5965;3
25901;7549;6
25902;7867;4
25903;6395;3
25904;2902;5
25905;4248;2
25906;3930;2
25907;2035;6
25908;2068;2
25909;2135;5
25910;1176;1
25911;2115;5
25912;5561;5
25913;6151;4
25914;5671;5
25915;7047;3
25916;6899;2
25917;1041;2
25918;3845;2
25919;1034;7
25920;2807;5
25921;1547;2
25922;5161;2
25923;8103;3
25924;3079;6
25925;1525;4
25926;5963;3
25927;7811;7
25928;6247;1
25929;3266;4
25930;5608;6
25931;4004;4
25932;1398;5
25933;1134;3
25934;3680;4
25935;2725;2
25936;6053;5
25937;4448;5
25938;8929;3
25939;6723;2
25940;3997;7
25941;2944;4
25942;4913;6
25943;5031;6
25944;5722;5
25945;6296;1
25946;5569;7
25947;2086;6
25948;8112;5
25949;8908;6
25950;1795;3
25951;8650;7
25952;7642;3
25953;3058;7
25954;8970;7
25955;6246;5
25956;7956;7
25957;7558;4
25958;4821;2
25959;1297;6
25960;5185;7
25961;4935;4
25962;3061;4
25963;5970;7
25964;4328;5
25965;4766;7
25966;1093;4
25967;4790;1
25968;8984;4
25969;7549;2
25970;1535;6
25971;3219;4
25972;2297;3
25973;5424;7
25974;6643;4
25975;6968;7
25976;5764;1
25977;6128;2
25978;3221;7
25979;4963;7
25980;7536;7
25981;7634;7
25982;3387;3
25983;5037;1
25984;5856;7
25985;2239;7
25986;2322;5
25987;1420;5
25988;6908;4
25989;3017;7
25990;7427;5
25991;7318;2
25992;8982;4
25993;7978;4
25994;1503;5
25995;4634;7
25996;1757;4
25997;2230;1
25998;7176;3
25999;8382;4
26000;4022;1
26001;1957;7
26002;1440;6
26003;1321;6
26004;8422;5
26005;1573;4
26006;5489;3
26007;2501;6
26008;5679;4
26009;6520;2
26010;2781;3
26011;2701;6
26012;4893;3
26013;2389;3
26014;6579;1
26015;8018;3
26016;6150;3
26017;3794;6
26018;8246;6
26019;2654;4
26020;5988;2
26021;7178;1
26022;8989;1
26023;3541;5
26024;1374;3
26025;6075;1
26026;5377;4
26027;5107;1
26028;5531;1
26029;7198;6
26030;8316;6
26031;3614;5
26032;3644;1
26033;7012;1
26034;4695;5
26035;3580;5
26036;8741;3
26037;5773;6
26038;5249;6
26039;3051;7
26040;4487;5
26041;2167;7
26042;2272;1
26043;2379;4
26044;3621;7
26045;7526;2
26046;1253;7
26047;7410;4
26048;8999;5
26049;4026;4
26050;2662;2
26051;4730;6
26052;8755;5
26053;6959;7
26054;1504;3
26055;6146;4
26056;8672;5
26057;3208;6
26058;4902;7
26059;2485;3
26060;3272;4
26061;4992;7
26062;4039;2
26063;8667;6
26064;3043;4
26065;8430;6
26066;3813;5
26067;7097;1
26068;1155;2
26069;4967;1
26070;6056;7
26071;6674;2
26072;4782;5
26073;2199;6
26074;3980;6
26075;4057;4
26076;7151;3
26077;5297;5
26078;4045;1
26079;6054;7
26080;2717;4
26081;6631;2
26082;8246;5
26083;4039;4
26084;2310;2
26085;6543;2
26086;3609;2
26087;1175;1
26088;1820;7
26089;7689;2
26090;4492;3
26091;2546;3
26092;3878;6
26093;5806;3
26094;1317;1
26095;1241;1
26096;6181;7
26097;4912;4
26098;8341;4
26099;1131;2
26100;6560;6
26101;6154;5
26102;5667;3
26103;3176;6
26104;1127;7
26105;3593;2
26106;6773;4
26107;8640;3
26108;8169;6
26109;7036;5
26110;2497;2
26111;7140;3
26112;2969;7
26113;2976;3
26114;2982;7
26115;8363;7
26116;5536;7
26117;2934;2
26118;3209;2
26119;5229;4
26120;6279;6
26121;1098;6
26122;8816;1
26123;2234;6
26124;4461;7
26125;3197;4
26126;9000;2
26127;8882;3
26128;3564;3
26129;3952;3
26130;7738;1
26131;3878;5
26132;3183;6
26133;4620;3
26134;2221;4
26135;2633;4
26136;6428;3
26137;8016;7
26138;4106;5
26139;7088;4
26140;5722;4
26141;2337;1
26142;3545;1
26143;8646;5
26144;8889;4
26145;1529;3
26146;6209;4
26147;5624;6
26148;8629;5
26149;7773;6
26150;8190;2
26151;2627;7
26152;8880;3
26153;7512;1
26154;5420;2
26155;1975;5
26156;7446;7
26157;8119;4
26158;3619;4
26159;7341;6
26160;1464;2
26161;1582;5
26162;1309;4
26163;1550;7
26164;7486;4
26165;8346;3
26166;6724;7
26167;8721;7
26168;1107;5
26169;6219;6
26170;4474;5
26171;6465;2
26172;4664;2
26173;1650;5
26174;4161;5
26175;8015;5
26176;6825;6
26177;5194;5
26178;8961;3
26179;2771;5
26180;1653;3
26181;2575;6
26182;4583;3
26183;3046;3
26184;1409;5
26185;6344;5
26186;8767;6
26187;5530;5
26188;7221;7
26189;7713;1
26190;4601;7
26191;7915;5
26192;4352;4
26193;7649;5
26194;1302;3
26195;6988;4
26196;2161;5
26197;8235;4
26198;2556;1
26199;1066;2
26200;7951;5
26201;2542;7
26202;1161;6
26203;7668;1
26204;3500;3
26205;7127;2
26206;8877;5
26207;4232;2
26208;1724;3
26209;6171;6
26210;8028;2
26211;1935;1
26212;5527;7
26213;4879;6
26214;1450;4
26215;1838;6
26216;2491;1
26217;2600;4
26218;3891;5
26219;3911;4
26220;5797;4
26221;1009;3
26222;1696;2
26223;8836;7
26224;3097;7
26225;8323;3
26226;7496;3
26227;7970;1
26228;7637;4
26229;5924;3
26230;8135;6
26231;7410;4
26232;5780;2
26233;1815;5
26234;4509;3
26235;1073;3
26236;7308;3
26237;4016;1
26238;5731;7
26239;5237;2
26240;8146;6
26241;6912;3
26242;1277;5
26243;2039;2
26244;4573;5
26245;6101;4
26246;7579;7
26247;2487;6
26248;5581;1
26249;8151;4
26250;6548;4
26251;7997;1
26252;5357;5
26253;5626;3
26254;8219;4
26255;6758;2
26256;6017;7
26257;3813;7
26258;1745;1
26259;1343;2
26260;8667;3
26261;4719;5
26262;7589;4
26263;3671;6
26264;4944;5
26265;4130;5
26266;7328;5
26267;8769;4
26268;1307;3
26269;8588;3
26270;3747;6
26271;3189;1
26272;6018;7
26273;4754;4
26274;7152;4
26275;5951;1
26276;8008;6
26277;3489;4
26278;1890;4
26279;4703;1
26280;5964;5
26281;3106;1
26282;6824;4
26283;4000;4
26284;3755;7
26285;1439;2
26286;7883;5
26287;4391;5
26288;6167;7
26289;6808;6
26290;3952;2
26291;3127;5
26292;8755;2
26293;6542;6
26294;3222;2
26295;3211;5
26296;5961;1
26297;7782;6
26298;8778;7
26299;4544;2
26300;1072;4
26301;6508;6
26302;3152;4
26303;1526;1
26304;4162;5
26305;5636;4
26306;7340;1
26307;3375;6
26308;2910;4
26309;2775;5
26310;7448;4
26311;8883;2
26312;5941;5
26313;3314;5
26314;7182;5
26315;3570;5
26316;8343;3
26317;3563;5
26318;7576;5
26319;6248;7
26320;1277;3
26321;8941;2
26322;3015;1
26323;8682;3
26324;6198;2
26325;6538;1
26326;1211;1
26327;6904;2
26328;7187;4
26329;4342;4
26330;3274;2
26331;4162;5
26332;2396;3
26333;3157;3
26334;4423;7
26335;1189;3
26336;5386;1
26337;4978;4
26338;5015;3
26339;8707;1
26340;1761;3
26341;1671;7
26342;5014;1
26343;4183;3
26344;1462;4
26345;4950;6
26346;5670;3
26347;8886;5
26348;5420;1
26349;3084;2
26350;8136;4
26351;7743;4
26352;8134;4
26353;6519;6
26354;3167;5
26355;3698;7
26356;2188;6
26357;8217;1
26358;3707;3
26359;7270;1
26360;7472;1
26361;2772;7
26362;1429;3
26363;1907;7
26364;6746;4
26365;1229;3
26366;7869;2
26367;7730;3
26368;7756;5
26369;7291;4
26370;1789;7
26371;8065;7
26372;1805;6
26373;5267;6
26374;6833;7
26375;2641;6
26376;5502;4
26377;3848;7
26378;5044;6
26379;1022;1
26380;1824;6
26381;3565;4
26382;5825;4
26383;5760;6
26384;8575;5
26385;2406;2
26386;2946;2
26387;5171;2
26388;3188;3
26389;5731;2
26390;4224;7
26391;6796;7
26392;2422;5
26393;5639;1
26394;7845;2
26395;3259;6
26396;6482;5
26397;7597;1
26398;7767;5
26399;2262;1
26400;3626;4
26401;2527;6
26402;7419;4
26403;7081;6
26404;7997;6
26405;7655;7
26406;3095;7
26407;6841;6
26408;6845;2
26409;8733;1
26410;2432;3
26411;7645;5
26412;5862;5
26413;2224;4
26414;2049;6
26415;6343;2
26416;4591;4
26417;2295;1
26418;5353;4
26419;2596;3
26420;5415;3
26421;8624;4
26422;6758;6
26423;7077;3
26424;6900;2
26425;7216;3
26426;4810;3
26427;3334;2
26428;6796;3
26429;7708;4
26430;7508;2
26431;1681;6
26432;8721;7
26433;1095;1
26434;3261;6
26435;1174;6
26436;3476;3
26437;3068;5
26438;8573;2
26439;6162;4
26440;7621;6
26441;6147;2
26442;3804;7
26443;2967;4
26444;6560;2
26445;2309;1
26446;7181;1
26447;6857;7
26448;2857;7
26449;3760;1
26450;4667;6
26451;6125;6
26452;4318;5
26453;4502;4
26454;7628;7
26455;1381;5
26456;2918;1
26457;5262;5
26458;4297;6
26459;4453;1
26460;7952;4
26461;1736;2
26462;2689;4
26463;6501;6
26464;7343;4
26465;3752;6
26466;7221;2
26467;2089;2
26468;3519;4
26469;7979;5
26470;2419;2
26471;8678;3
26472;7815;5
26473;7360;6
26474;7903;3
26475;8868;5
26476;1755;7
26477;8677;1
26478;3530;2
26479;1511;2
26480;1377;4
26481;2342;5
26482;7274;7
26483;2824;1
26484;4048;4
26485;7966;4
26486;6281;2
26487;6596;5
26488;1018;1
26489;7001;2
26490;3950;5
26491;2432;3
26492;3040;4
26493;3155;3
26494;5053;3
26495;1689;7
26496;8551;1
26497;3086;6
26498;1062;7
26499;1297;6
26500;4991;7
26501;4616;5
26502;3682;5
26503;4274;3
26504;2699;5
26505;5873;3
26506;5312;7
26507;4522;4
26508;2215;2
26509;2289;7
26510;8433;2
26511;1328;4
26512;2667;7
26513;1933;7
26514;8562;1
26515;3150;5
26516;5434;5
26517;3750;2
26518;3981;7
26519;4509;2
26520;1503;3
26521;2774;6
26522;8092;6
26523;8027;3
26524;1754;1
26525;2999;1
26526;7474;5
26527;2758;5
26528;8565;2
26529;8050;7
26530;3480;7
26531;8675;1
26532;8297;3
26533;5798;4
26534;5908;4
26535;8190;4
26536;7248;3
26537;6383;2
26538;7874;5
26539;1915;7
26540;3716;2
26541;1536;6
26542;2006;7
26543;1298;6
26544;1016;7
26545;4875;4
26546;7141;4
26547;3050;5
26548;2355;4
26549;1966;4
26550;5792;3
26551;6002;3
26552;3812;7
26553;2648;5
26554;8185;7
26555;2366;6
26556;2336;7
26557;7570;1
26558;5015;7
26559;3263;2
26560;7232;7
26561;1599;3
26562;4007;6
26563;8415;2
26564;4970;6
26565;5672;5
26566;8020;2
26567;7040;1
26568;7830;1
26569;8595;1
26570;4857;7
26571;8637;7
26572;8622;1
26573;6514;1
26574;5624;1
26575;7686;7
26576;3395;1
26577;6803;7
26578;7715;5
26579;8075;3
26580;4620;2
26581;5026;7
26582;3776;6
26583;5407;7
26584;7694;4
26585;7357;3
26586;5838;7
26587;2699;4
26588;6696;4
26589;8289;7
26590;5572;2
26591;6288;3
26592;3103;1
26593;8368;3
26594;3836;5
26595;3658;6
26596;8233;2
26597;2607;2
26598;8563;1
26599;7201;3
26600;3973;7
26601;7590;7
26602;3883;2
26603;3494;4
26604;5774;4
26605;7535;7
26606;5966;3
26607;7319;2
26608;7261;7
26609;5138;4
26610;6237;2
26611;1511;2
26612;8625;2
26613;2602;1
26614;4131;1
26615;2957;6
26616;6410;7
26617;4179;5
26618;6973;6
26619;1922;4
26620;8871;7
26621;3600;7
26622;4522;5
26623;6550;3
26624;5258;2
26625;3049;4
26626;3800;6
26627;1884;2
26628;8391;6
26629;1062;6
26630;3982;7
26631;3856;7
26632;4301;4
26633;7309;1
26634;1746;2
26635;4279;6
26636;5148;5
26637;7521;5
26638;3343;7
26639;3447;1
26640;2730;2
26641;8993;3
26642;6676;3
26643;6430;7
26644;4945;7
26645;3374;2
26646;6025;3
26647;8332;7
26648;4895;7
26649;6877;6
26650;7513;6
26651;2685;7
26652;5132;1
26653;2177;4
26654;6715;3
26655;3676;7
26656;5548;5
26657;6311;7
26658;3350;6
26659;5970;3
26660;2703;6
26661;3818;4
26662;5328;4
26663;1976;6
26664;2131;5
26665;6807;1
26666;6193;3
26667;2124;1
26668;7214;7
26669;8649;6
26670;7331;5
26671;2643;5
26672;2712;5
26673;3089;7
26674;7733;5
26675;3467;5
26676;1233;3
26677;7176;7
26678;6719;7
26679;1530;5
26680;2827;2
26681;5603;5
26682;1729;2
26683;6527;6
26684;1269;2
26685;2581;3
26686;8546;6
26687;1318;1
26688;1570;4
26689;4573;3
26690;1764;2
26691;3091;1
26692;6824;5
26693;8360;1
26694;1639;3
26695;3499;3
26696;4059;5
26697;4043;5
26698;4249;7
26699;7812;5
26700;7339;6
26701;1895;5
26702;7185;5
26703;5608;6
26704;7279;1
26705;4145;3
26706;5330;6
26707;5369;4
26708;4644;3
26709;3165;1
26710;5582;5
26711;1406;1
26712;6791;4
26713;1833;6
26714;7169;4
26715;3576;7
26716;6315;6
26717;4189;5
26718;3230;1
26719;1315;4
26720;5781;6
26721;2799;1
26722;5538;7
26723;3024;7
26724;6968;6
26725;1720;3
26726;1114;6
26727;3578;1
26728;2529;3
26729;3566;4
26730;8354;3
26731;3289;6
26732;2050;2
26733;2174;6
26734;4641;1
26735;2591;5
26736;5631;1
26737;5417;4
26738;3266;4
26739;7869;7
26740;3299;1
26741;6239;3
26742;4907;1
26743;5132;1
26744;4331;6
26745;5870;3
26746;1237;4
26747;6691;1
26748;6723;5
26749;6150;4
26750;7521;4
26751;6151;5
26752;3598;2
26753;3602;3
26754;8381;2
26755;2017;3
26756;7469;6
26757;1862;3
26758;1837;2
26759;3864;4
26760;1174;6
26761;5938;1
26762;8414;3
26763;5614;3
26764;5102;4
26765;7742;1
26766;8476;7
26767;5907;2
26768;4292;6
26769;6868;7
26770;4647;7
26771;1636;3
26772;2824;4
26773;1879;7
26774;7452;1
26775;2276;7
26776;1533;3
26777;1516;7
26778;9000;2
26779;5466;1
26780;3103;4
26781;7874;7
26782;4278;1
26783;7547;2
26784;6825;4
26785;6858;1
26786;7525;7
26787;8802;1
26788;1389;7
26789;8042;6
26790;5028;7
26791;1505;1
26792;8940;7
26793;1480;4
26794;4639;3
26795;8106;5
26796;1462;2
26797;3413;4
26798;5138;2
26799;4942;1
26800;8464;2
26801;5571;5
26802;3049;2
26803;3953;3
26804;3894;7
26805;4864;7
26806;7575;4
26807;8278;1
26808;4375;7
26809;5289;5
26810;1472;2
26811;6439;3
26812;5870;4
26813;2536;6
26814;8782;2
26815;5883;5
26816;7824;5
26817;1010;1
26818;5719;1
26819;4766;3
26820;5765;5
26821;3232;7
26822;3176;7
26823;3175;6
26824;2764;4
26825;6601;5
26826;7055;6
26827;4645;3
26828;1594;4
26829;2842;1
26830;7348;1
26831;2002;7
26832;5285;3
26833;6439;3
26834;2474;3
26835;4910;6
26836;4572;7
26837;6755;4
26838;8888;3
26839;5481;7
26840;3437;7
26841;8303;4
26842;4508;1
26843;5665;1
26844;8273;5
26845;7829;7
26846;5700;7
26847;6168;7
26848;4495;6
26849;8759;2
26850;6766;7
26851;4031;4
26852;5625;3
26853;2812;7
26854;4272;1
26855;4700;3
26856;8590;6
26857;2652;6
26858;5045;1
26859;5781;3
26860;6556;6
26861;8929;7
26862;3871;3
26863;5213;6
26864;6713;7
26865;3420;7
26866;2883;3
26867;8813;2
26868;8505;6
26869;8534;4
26870;4303;2
26871;2315;4
26872;1639;6
26873;2136;2
26874;4913;7
26875;3651;3
26876;3491;7
26877;2834;6
26878;5817;1
26879;7612;4
26880;3003;4
26881;2008;3
26882;7493;6
26883;7007;5
26884;4092;2
26885;1159;4
26886;6603;6
26887;5439;6
26888;8100;1
26889;2856;7
26890;6970;2
26891;6119;7
26892;3626;3
26893;5282;5
26894;1619;6
26895;1724;3
26896;6624;4
26897;4747;6
26898;3866;5
26899;8698;3
26900;3263;3
26901;2124;2
26902;5802;4
26903;2766;4
26904;1704;4
26905;7566;3
26906;6123;6
26907;7028;4
26908;3481;1
26909;5016;1
26910;8428;6
26911;7209;2
26912;7106;5
26913;5782;7
26914;3936;1
26915;5459;6
26916;4695;5
26917;1432;6
26918;4798;6
26919;5611;3
26920;3437;2
26921;4216;6
26922;3366;3
26923;4836;7
26924;6814;5
26925;5798;1
26926;2754;5
26927;3435;2
26928;7639;7
26929;5682;1
26930;6559;7
26931;4156;3
26932;8421;1
26933;3921;7
26934;4711;5
26935;3815;1
26936;2958;4
26937;1587;6
26938;3989;7
26939;8693;7
26940;2126;1
26941;2873;2
26942;6098;3
26943;3356;4
26944;2776;6
26945;7090;2
26946;5352;7
26947;7235;1
26948;3605;7
26949;1164;4
26950;6259;3
26951;4821;4
26952;4933;1
26953;4632;6
26954;2312;2
26955;8838;6
26956;8603;3
26957;5663;1
26958;8180;5
26959;4870;1
26960;1108;2
26961;5090;4
26962;1762;1
26963;8165;4
26964;3992;1
26965;7648;5
26966;7317;4
26967;8173;3
26968;8362;5
26969;3665;6
26970;7965;1
26971;4540;2
26972;7274;7
26973;3979;4
26974;1814;7
26975;5953;5
26976;5782;4
26977;1107;4
26978;8596;1
26979;5829;5
26980;1762;4
26981;7863;4
26982;2687;1
26983;5625;5
26984;5541;1
26985;1329;4
26986;4877;2
26987;1778;5
26988;7442;6
26989;8142;3
26990;5119;5
26991;7059;3
26992;3629;4
26993;4098;7
26994;5776;2
26995;5963;7
26996;3249;7
26997;4996;4
26998;8986;5
26999;5659;7
27000;2272;5
27001;4122;3
27002;6032;6
27003;2976;4
27004;5741;2
27005;5456;6
27006;3075;2
27007;3693;5
27008;7704;4
27009;6371;2
27010;6220;2
27011;6868;1
27012;4843;4
27013;7548;6
27014;3523;7
27015;6272;1
27016;7020;1
27017;2654;4
27018;6328;4
27019;3765;3
27020;4858;4
27021;8026;4
27022;8625;1
27023;3645;3
27024;2625;2
27025;6586;5
27026;2428;7
27027;7695;6
27028;4889;1
27029;5393;1
27030;7494;6
27031;3443;2
27032;2162;4
27033;2274;2
27034;8215;1
27035;2374;2
27036;3258;7
27037;6022;4
27038;6558;4
27039;3890;6
27040;3706;7
27041;4019;4
27042;6168;7
27043;2286;5
27044;5138;1
27045;2457;3
27046;1516;1
27047;7757;3
27048;8925;2
27049;4397;5
27050;6403;1
27051;5180;2
27052;4451;3
27053;3577;4
27054;8720;1
27055;3628;3
27056;1178;3
27057;4601;5
27058;6269;7
27059;1450;6
27060;5905;3
27061;2080;1
27062;2297;4
27063;5693;3
27064;4143;1
27065;7956;3
27066;5481;4
27067;4251;7
27068;8368;4
27069;8112;2
27070;6081;7
27071;1378;2
27072;7413;3
27073;6280;7
27074;6654;2
27075;2993;2
27076;7952;5
27077;1301;4
27078;5865;6
27079;3298;6
27080;6289;2
27081;6718;2
27082;4570;4
27083;7045;2
27084;3201;7
27085;4634;7
27086;6159;7
27087;1954;3
27088;4504;3
27089;5236;4
27090;4104;6
27091;3986;5
27092;7686;6
27093;8167;4
27094;7553;1
27095;3880;7
27096;7771;6
27097;3044;3
27098;8149;2
27099;1414;1
27100;6912;5
27101;2048;1
27102;3483;6
27103;3741;6
27104;6698;4
27105;3552;3
27106;7285;1
27107;2228;3
27108;6748;7
27109;3956;4
27110;6127;3
27111;4615;5
27112;3053;2
27113;8702;3
27114;3507;4
27115;3444;3
27116;4353;4
27117;5219;1
27118;7888;1
27119;7286;3
27120;2263;4
27121;2420;5
27122;3430;7
27123;3838;1
27124;4214;5
27125;4538;7
27126;4133;7
27127;6893;3
27128;2694;5
27129;8330;4
27130;1763;1
27131;1869;6
27132;4655;6
27133;8734;7
27134;4324;6
27135;2109;1
27136;5636;7
27137;6792;5
27138;3824;3
27139;6792;7
27140;2521;4
27141;1405;5
27142;8980;5
27143;3156;6
27144;1055;6
27145;4537;4
27146;6280;7
27147;8387;4
27148;8981;3
27149;4505;6
27150;4606;7
27151;3688;5
27152;3197;1
27153;6226;6
27154;3250;4
27155;3871;6
27156;8589;1
27157;2952;5
27158;8479;2
27159;5505;1
27160;2002;4
27161;7956;1
27162;5081;6
27163;7997;6
27164;2949;5
27165;4472;1
27166;6030;7
27167;6758;2
27168;8140;6
27169;3759;2
27170;2299;3
27171;7269;7
27172;5458;2
27173;2981;7
27174;2045;7
27175;8771;4
27176;3782;6
27177;8618;7
27178;3045;3
27179;3180;1
27180;5750;2
27181;7744;5
27182;1689;3
27183;4901;1
27184;7202;7
27185;7469;6
27186;8310;2
27187;1729;4
27188;8332;2
27189;5077;1
27190;6973;1
27191;5229;4
27192;7999;3
27193;5860;5
27194;8949;4
27195;8567;3
27196;4294;2
27197;8241;4
27198;4777;3
27199;6603;2
27200;1565;6
27201;5219;2
27202;2998;5
27203;2325;3
27204;4609;6
27205;2682;2
27206;7646;4
27207;7818;2
27208;2995;4
27209;7762;5
27210;6710;4
27211;7331;7
27212;4703;4
27213;4951;3
27214;2041;6
27215;8866;4
27216;7701;3
27217;2237;7
27218;1972;2
27219;3530;2
27220;3937;2
27221;2928;4
27222;4268;2
27223;6681;4
27224;7979;4
27225;2488;1
27226;3772;7
27227;6145;6
27228;6718;1
27229;2243;4
27230;6898;1
27231;6864;2
27232;3906;7
27233;2753;4
27234;5209;2
27235;7116;1
27236;3954;4
27237;5758;1
27238;6529;2
27239;7270;7
27240;6170;1
27241;7555;1
27242;3846;6
27243;7462;1
27244;8555;2
27245;7538;4
27246;3734;3
27247;7206;7
27248;7091;4
27249;2814;4
27250;7911;4
27251;7998;1
27252;7861;5
27253;8319;3
27254;3168;7
27255;3063;3
27256;1005;5
27257;6499;5
27258;2500;3
27259;4810;4
27260;4144;3
27261;8237;4
27262;8468;5
27263;6820;2
27264;4464;3
27265;8388;2
27266;3777;3
27267;6678;7
27268;7396;6
27269;8549;1
27270;8675;7
27271;8098;7
27272;6494;5
27273;3613;7
27274;2270;2
27275;8470;1
27276;3964;4
27277;6448;4
27278;6390;3
27279;3257;5
27280;6853;1
27281;8437;7
27282;2412;6
27283;3148;1
27284;5580;6
27285;1115;2
27286;1968;2
27287;4683;2
27288;4459;2
27289;4971;6
27290;4906;1
27291;6479;5
27292;8639;2
27293;5284;5
27294;7494;2
27295;6467;3
27296;3464;1
27297;8684;6
27298;8662;7
27299;7652;2
27300;3541;6
27301;4426;7
27302;8068;4
27303;5935;3
27304;5035;4
27305;7119;1
27306;7951;7
27307;7932;4
27308;2000;2
27309;4099;6
27310;7290;5
27311;3156;6
27312;2663;6
27313;2346;4
27314;6262;6
27315;3019;7
27316;1990;2
27317;1642;2
27318;2259;6
27319;8253;6
27320;6153;7
27321;4147;4
27322;2874;5
27323;2709;4
27324;8352;6
27325;2598;4
27326;8636;4
27327;6095;5
27328;8611;6
27329;2859;1
27330;3319;3
27331;1599;4
27332;5010;7
27333;7493;5
27334;3181;1
27335;8114;5
27336;1750;1
27337;4156;2
27338;8814;6
27339;1321;6
27340;5090;1
27341;5050;1
27342;4858;4
27343;1469;2
27344;3408;7
27345;6757;4
27346;5704;5
27347;3819;4
27348;6553;7
27349;4931;4
27350;5182;7
27351;4824;4
27352;7426;4
27353;6368;3
27354;8939;7
27355;4231;5
27356;6715;6
27357;7278;2
27358;5780;4
27359;2274;7
27360;8804;6
27361;1843;2
27362;1452;6
27363;4816;1
27364;7248;2
27365;4189;4
27366;5848;7
27367;3362;6
27368;7211;7
27369;7309;3
27370;1124;4
27371;6229;2
27372;8747;4
27373;3025;7
27374;7888;6
27375;4388;4
27376;3453;6
27377;3103;4
27378;1670;4
27379;4891;6
27380;4155;2
27381;7530;4
27382;7726;7
27383;5677;3
27384;4911;1
27385;1370;4
27386;8116;7
27387;8583;5
27388;6484;5
27389;4693;7
27390;2072;5
27391;4546;4
27392;5399;3
27393;2965;4
27394;1721;7
27395;8902;2
27396;1515;4
27397;5957;1
27398;8518;7
27399;7159;1
27400;2465;1
27401;2013;7
27402;8715;1
27403;4620;6
27404;6562;4
27405;8114;6
27406;7253;4
27407;8087;6
27408;8592;3
27409;4690;4
27410;6690;6
27411;4786;1
27412;7830;1
27413;6563;5
27414;4967;1
27415;6599;1
27416;4911;2
27417;5883;6
27418;8548;6
27419;2517;4
27420;5263;2
27421;6732;2
27422;4229;6
27423;5326;6
27424;4870;2
27425;3876;1
27426;8912;5
27427;1638;2
27428;1791;3
27429;2006;5
27430;5967;7
27431;1031;1
27432;8122;4
27433;2026;2
27434;3776;1
27435;7431;7
27436;6289;6
27437;2041;7
27438;1291;1
27439;5293;2
27440;1316;5
27441;4646;1
27442;6078;4
27443;2828;3
27444;6940;1
27445;4584;6
27446;5922;1
27447;2389;4
27448;6180;6
27449;4170;4
27450;1351;6
27451;2233;1
27452;1937;5
27453;7067;4
27454;2579;4
27455;2994;2
27456;6543;1
27457;4425;4
27458;4250;6
27459;4557;7
27460;8500;5
27461;7737;7
27462;7443;5
27463;4758;4
27464;2378;1
27465;3790;2
27466;8063;7
27467;6703;2
27468;1049;6
27469;8700;1
27470;7847;3
27471;8115;1
27472;4816;6
27473;6953;5
27474;3816;5
27475;2643;3
27476;1173;5
27477;4194;4
27478;3858;3
27479;2450;2
27480;5243;3
27481;7145;7
27482;1688;7
27483;6875;5
27484;7817;6
27485;2106;1
27486;6138;1
27487;2869;1
27488;3927;4
27489;4051;1
27490;3230;6
27491;5390;5
27492;2526;7
27493;7682;3
27494;2880;6
27495;6393;7
27496;4239;3
27497;5225;1
27498;3059;7
27499;2345;5
27500;8699;6
27501;1588;3
27502;6051;5
27503;7703;1
27504;6139;6
27505;7751;1
27506;2003;5
27507;7919;4
27508;1892;4
27509;8496;6
27510;1605;7
27511;8623;5
27512;7024;3
27513;5424;6
27514;2920;1
27515;6086;3
27516;8666;2
27517;7726;4
27518;2254;6
27519;3339;5
27520;4923;1
27521;5362;2
27522;1508;2
27523;8322;5
27524;2400;6
27525;1058;2
27526;1369;2
27527;3704;7
27528;8378;2
27529;5196;4
27530;3054;1
27531;3360;4
27532;1526;6
27533;5570;4
27534;2010;6
27535;1516;5
27536;7707;7
27537;2168;3
27538;4004;2
27539;1070;5
27540;7630;1
27541;7664;1
27542;3866;1
27543;4000;4
27544;7229;3
27545;1002;1
27546;8936;4
27547;6353;5
27548;6140;7
27549;1812;4
27550;8967;5
27551;4605;5
27552;4808;4
27553;2511;1
27554;6325;4
27555;5734;4
27556;3640;5
27557;8789;4
27558;4053;6
27559;2649;4
27560;3867;2
27561;8324;5
27562;8562;5
27563;8257;1
27564;4699;1
27565;5939;7
27566;1549;5
27567;8680;7
27568;3066;4
27569;6483;4
27570;8652;5
27571;3162;2
27572;8357;6
27573;4817;5
27574;6572;6
27575;8209;4
27576;3722;1
27577;1164;1
27578;2729;2
27579;1560;7
27580;5647;2
27581;4584;2
27582;2534;3
27583;5567;2
27584;6571;4
27585;5131;3
27586;1247;3
27587;3109;2
27588;6975;5
27589;4914;4
27590;1027;7
27591;6961;2
27592;3998;5
27593;6969;1
27594;6971;5
27595;3639;1
27596;4540;1
27597;2474;2
27598;5349;4
27599;4395;6
27600;4236;1
27601;8677;7
27602;5658;4
27603;7904;1
27604;8043;1
27605;8030;7
27606;5971;6
27607;6884;6
27608;7298;7
27609;6374;1
27610;7662;4
27611;2882;5
27612;7722;4
27613;8241;7
27614;6658;2
27615;1404;1
27616;6629;5
27617;7428;7
27618;5203;6
27619;4029;3
27620;6781;1
27621;4961;7
27622;5969;4
27623;1187;6
27624;1104;2
27625;8054;3
27626;8923;1
27627;8414;7
27628;5149;5
27629;4460;3
27630;1433;2
27631;5326;6
27632;3988;6
27633;1073;5
27634;5157;1
27635;1466;5
27636;3839;4
27637;5230;3
27638;6312;6
27639;3348;6
27640;2796;3
27641;4576;5
27642;4741;2
27643;3480;1
27644;3745;1
27645;6850;6
27646;7627;7
27647;8422;4
27648;1570;4
27649;7635;7
27650;5035;5
27651;4749;6
27652;2232;7
27653;8874;3
27654;1314;2
27655;1500;7
27656;7500;6
27657;4411;5
27658;5205;5
27659;6273;4
27660;7512;1
27661;5385;1
27662;1955;4
27663;2101;2
27664;2563;7
27665;1200;5
27666;8206;3
27667;6799;6
27668;2418;6
27669;1176;1
27670;7989;5
27671;1395;5
27672;8190;2
27673;2803;3
27674;1589;4
27675;8256;1
27676;4157;7
27677;2170;6
27678;7744;4
27679;4309;2
27680;5067;3
27681;5038;6
27682;8724;5
27683;5718;5
27684;6670;6
27685;4542;1
27686;3449;4
27687;7313;6
27688;2366;6
27689;7964;7
27690;5787;2
27691;5935;4
27692;7432;1
27693;3491;7
27694;4437;6
27695;4022;3
27696;1655;5
27697;4994;5
27698;8527;6
27699;7148;7
27700;1411;3
27701;5640;1
27702;5584;6
27703;3110;1
27704;4863;7
27705;1041;2
27706;7720;4
27707;8203;3
27708;4165;2
27709;5259;1
27710;7013;3
27711;5791;1
27712;4425;7
27713;5031;4
27714;5940;4
27715;4105;6
27716;4510;2
27717;6133;1
27718;1153;3
27719;3936;3
27720;2801;1
27721;7043;4
27722;6539;7
27723;6243;4
27724;5431;3
27725;8902;7
27726;4999;3
27727;4822;4
27728;8295;5
27729;6451;1
27730;7825;3
27731;2831;7
27732;7323;5
27733;5199;3
27734;3196;5
27735;5816;2
27736;4213;7
27737;7962;1
27738;5906;5
27739;3145;4
27740;4450;1
27741;3230;7
27742;1138;7
27743;1528;3
27744;5231;4
27745;5786;1
27746;3731;2
27747;2345;4
27748;5378;1
27749;2333;1
27750;8839;3
27751;8948;1
27752;6364;4
27753;2121;1
27754;7088;5
27755;2110;4
27756;7326;7
27757;1725;6
27758;3693;2
27759;1640;6
27760;3787;7
27761;5225;1
27762;5759;7
27763;8309;5
27764;7552;1
27765;4695;5
27766;6391;4
27767;7683;6
27768;4820;1
27769;2385;6
27770;4453;7
27771;3776;2
27772;2660;5
27773;6892;1
27774;3925;6
27775;1627;1
27776;4936;4
27777;6211;4
27778;8628;2
27779;2456;4
27780;4908;4
27781;5744;1
27782;6664;3
27783;7218;3
27784;5846;2
27785;2044;1
27786;6892;4
27787;7900;5
27788;4536;2
27789;7091;2
27790;2873;1
27791;3078;4
27792;6351;4
27793;3915;5
27794;4722;3
27795;4411;7
27796;5985;2
27797;3676;6
27798;5952;4
27799;6695;6
27800;3105;7
27801;7188;6
27802;4303;6
27803;2410;2
27804;6334;3
27805;4832;5
27806;2240;6
27807;5788;7
27808;3474;5
27809;1739;3
27810;1459;3
27811;2754;6
27812;5831;6
27813;3426;7
27814;3423;7
27815;4804;4
27816;4042;1
27817;8239;2
27818;6066;1
27819;4852;7
27820;6473;7
27821;8476;4
27822;4191;2
27823;1504;4
27824;5083;2
27825;4317;5
27826;2431;3
27827;7313;5
27828;7380;6
27829;7081;6
27830;4217;7
27831;2932;1
27832;6944;3
27833;5857;2
27834;6518;6
27835;8999;3
27836;1445;4
27837;3771;1
27838;7430;6
27839;2627;6
27840;5156;6
27841;4230;2
27842;2081;4
27843;8040;7
27844;7633;7
27845;3132;2
27846;1376;3
27847;3677;3
27848;3030;3
27849;1195;6
27850;5312;7
27851;6950;4
27852;7874;1
27853;5201;3
27854;5186;7
27855;4403;4
27856;2927;5
27857;6569;4
27858;6241;5
27859;1310;5
27860;8058;2
27861;5052;4
27862;3965;3
27863;7126;2
27864;6282;1
27865;3240;6
27866;1639;6
27867;8493;4
27868;6951;1
27869;8154;2
27870;1930;3
27871;3601;5
27872;6933;7
27873;6421;6
27874;5561;5
27875;6375;5
27876;3175;7
27877;7118;3
27878;8594;4
27879;4176;3
27880;1195;5
27881;6729;7
27882;6739;1
27883;4501;3
27884;7972;7
27885;8286;5
27886;5032;7
27887;8938;6
27888;3306;3
27889;5239;4
27890;8956;5
27891;1301;3
27892;3747;3
27893;5087;7
27894;6213;7
27895;4778;3
27896;5897;1
27897;2477;2
27898;4500;4
27899;6282;5
27900;1187;7
27901;8304;6
27902;2256;2
27903;5424;5
27904;3378;1
27905;6573;2
27906;6862;4
27907;6857;3
27908;1498;2
27909;8749;1
27910;5658;1
27911;2033;3
27912;1915;6
27913;2166;7
27914;5383;6
27915;5318;1
27916;2013;5
27917;5376;5
27918;3744;3
27919;7726;5
27920;3514;2
27921;5273;2
27922;5700;3
27923;8986;7
27924;4296;2
27925;4568;5
27926;7288;7
27927;8368;7
27928;5846;1
27929;6866;1
27930;7140;6
27931;4109;4
27932;5699;5
27933;4533;1
27934;7041;2
27935;3170;6
27936;3350;4
27937;8134;3
27938;8252;4
27939;3614;3
27940;7750;6
27941;2356;4
27942;5511;4
27943;5510;1
27944;6237;5
27945;2339;5
27946;4024;7
27947;1696;7
27948;3577;3
27949;6725;2
27950;5218;7
27951;7657;6
27952;5131;7
27953;3858;3
27954;5073;2
27955;3038;6
27956;7758;3
27957;3281;7
27958;4132;5
27959;4779;2
27960;5180;1
27961;4597;2
27962;1027;6
27963;3923;1
27964;7132;6
27965;4484;3
27966;6439;5
27967;7433;6
27968;4338;5
27969;5061;3
27970;7875;3
27971;1858;1
27972;8246;5
27973;5847;5
27974;8169;3
27975;7423;6
27976;6643;2
27977;3654;4
27978;3693;2
27979;6479;1
27980;7838;1
27981;8167;2
27982;3076;7
27983;3956;3
27984;7901;5
27985;4711;7
27986;8326;5
27987;7967;5
27988;8268;5
27989;8716;2
27990;5801;2
27991;3250;1
27992;1529;6
27993;4775;4
27994;8858;2
27995;7873;2
27996;8414;4
27997;7533;2
27998;1890;5
27999;2398;7
28000;7812;6
28001;1750;7
28002;7268;1
28003;4344;1
28004;6692;2
28005;3690;2
28006;1378;3
28007;8984;7
28008;8117;2
28009;6455;4
28010;6223;1
28011;7378;4
28012;6927;2
28013;3655;5
28014;3862;6
28015;5624;2
28016;2666;4
28017;6921;4
28018;7414;6
28019;8174;5
28020;6994;2
28021;4805;2
28022;7236;3
28023;7550;2
28024;1680;1
28025;4183;3
28026;5169;3
28027;2769;3
28028;5752;6
28029;6015;6
28030;3819;2
28031;6172;3
28032;8881;2
28033;3719;1
28034;3161;2
28035;7160;3
28036;4297;3
28037;8707;3
28038;2766;7
28039;8561;1
28040;1876;6
28041;8480;6
28042;2172;2
28043;3918;5
28044;4982;3
28045;4114;7
28046;3581;4
28047;7567;7
28048;5696;7
28049;6921;3
28050;4152;4
28051;5522;4
28052;4053;5
28053;4443;6
28054;5980;4
28055;1047;6
28056;8910;3
28057;5988;6
28058;5325;3
28059;4685;7
28060;4846;2
28061;1858;6
28062;3366;6
28063;5183;7
28064;8590;7
28065;1095;6
28066;6404;7
28067;6958;3
28068;2963;5
28069;3693;5
28070;5363;3
28071;3464;4
28072;3161;5
28073;7917;3
28074;1004;7
28075;7885;3
28076;7483;1
28077;5178;3
28078;7008;1
28079;5261;1
28080;7302;7
28081;7680;2
28082;3899;5
28083;6410;5
28084;5933;4
28085;3975;5
28086;7263;1
28087;6298;1
28088;6711;1
28089;6439;6
28090;4696;3
28091;4310;1
28092;5625;2
28093;7690;7
28094;5315;4
28095;8441;5
28096;6578;4
28097;8910;7
28098;6660;5
28099;1437;1
28100;1128;7
28101;5987;3
28102;3065;5
28103;5487;2
28104;8254;6
28105;8260;1
28106;6449;3
28107;8606;3
28108;7864;1
28109;7519;5
28110;2124;1
28111;4263;3
28112;4019;6
28113;8043;3
28114;2019;3
28115;2464;2
28116;3348;2
28117;5324;7
28118;2540;3
28119;2699;4
28120;1423;1
28121;1899;7
28122;7030;5
28123;2442;7
28124;8724;3
28125;8870;1
28126;3737;1
28127;3669;6
28128;4837;7
28129;8501;4
28130;4649;5
28131;4753;6
28132;8825;4
28133;6935;5
28134;7084;5
28135;7434;5
28136;6896;2
28137;4969;3
28138;5171;5
28139;7503;6
28140;5221;2
28141;6386;4
28142;5426;7
28143;2824;3
28144;3107;2
28145;2210;7
28146;8028;7
28147;6861;1
28148;3781;7
28149;2904;1
28150;4963;3
28151;5335;3
28152;6547;6
28153;1194;2
28154;8823;6
28155;8846;4
28156;6567;7
28157;2489;7
28158;3159;4
28159;8821;7
28160;7652;4
28161;3744;3
28162;3469;6
28163;3494;5
28164;1481;2
28165;5331;7
28166;5566;5
28167;1723;2
28168;8295;4
28169;1663;3
28170;8864;2
28171;2201;5
28172;4960;5
28173;5002;2
28174;4666;3
28175;2707;3
28176;1114;4
28177;4729;2
28178;4036;3
28179;6029;5
28180;1774;6
28181;4581;3
28182;1513;1
28183;8487;5
28184;1532;1
28185;7473;4
28186;5593;2
28187;4929;7
28188;1597;1
28189;3499;3
28190;4218;7
28191;7388;3
28192;1435;1
28193;5095;6
28194;6811;1
28195;1036;1
28196;7815;1
28197;4838;3
28198;2706;5
28199;5902;7
28200;8125;6
28201;5761;1
28202;5328;7
28203;2836;5
28204;2536;1
28205;8816;5
28206;4772;1
28207;7374;5
28208;5615;6
28209;1960;1
28210;6990;1
28211;4331;2
28212;7284;5
28213;8379;2
28214;2281;1
28215;2951;3
28216;5077;3
28217;4857;4
28218;8038;4
28219;7559;6
28220;4174;5
28221;2511;4
28222;6345;7
28223;2447;3
28224;4361;3
28225;3341;5
28226;3109;2
28227;5265;4
28228;2477;6
28229;7297;3
28230;5668;4
28231;3469;3
28232;1604;1
28233;2786;5
28234;2755;3
28235;1374;3
28236;5442;3
28237;3804;6
28238;2522;5
28239;5732;1
28240;1758;1
28241;8802;3
28242;1137;7
28243;2294;1
28244;1351;2
28245;6999;1
28246;2744;2
28247;3857;3
28248;1746;3
28249;2171;4
28250;4734;4
28251;7401;5
28252;7668;4
28253;3724;6
28254;7951;5
28255;4943;1
28256;3665;6
28257;6021;5
28258;6854;2
28259;5324;1
28260;7158;7
28261;2735;7
28262;8712;5
28263;4643;3
28264;5614;1
28265;6946;7
28266;7098;7
28267;6988;3
28268;2264;6
28269;1827;7
28270;7300;5
28271;5848;5
28272;8310;5
28273;7515;2
28274;4923;2
28275;2120;3
28276;4394;2
28277;4418;4
28278;5267;2
28279;3921;2
28280;7615;5
28281;8663;6
28282;2808;7
28283;1113;1
28284;3416;7
28285;7920;1
28286;1325;7
28287;4366;5
28288;1464;4
28289;8746;4
28290;7209;1
28291;4710;6
28292;2195;5
28293;6150;1
28294;5284;7
28295;8630;4
28296;3443;1
28297;5967;5
28298;1530;4
28299;5920;4
28300;8402;5
28301;1470;2
28302;5986;2
28303;7276;2
28304;8550;1
28305;4384;6
28306;8876;4
28307;3695;1
28308;3845;4
28309;8881;1
28310;5711;1
28311;2990;1
28312;2272;5
28313;8622;3
28314;4899;2
28315;7338;6
28316;1011;6
28317;4350;4
28318;3421;1
28319;7188;1
28320;6455;2
28321;3222;7
28322;1093;2
28323;1879;3
28324;8045;5
28325;7492;7
28326;7604;5
28327;6072;2
28328;4717;6
28329;3136;5
28330;4226;5
28331;1496;6
28332;8351;6
28333;6271;4
28334;7651;2
28335;2607;2
28336;7470;6
28337;7337;6
28338;5470;5
28339;6150;1
28340;6913;7
28341;7383;1
28342;7573;7
28343;1660;7
28344;3866;6
28345;7696;3
28346;1099;6
28347;5145;2
28348;3651;6
28349;2973;2
28350;4898;4
28351;2092;2
28352;5757;5
28353;6473;6
28354;8955;3
28355;7186;4
28356;1016;2
28357;7943;2
28358;5052;1
28359;1238;4
28360;4124;4
28361;5659;3
28362;4668;2
28363;2605;7
28364;6641;2
28365;2665;4
28366;7342;1
28367;8046;2
28368;8078;5
28369;3188;7
28370;3335;7
28371;5077;5
28372;5625;5
28373;3687;3
28374;7920;4
28375;5347;3
28376;3025;7
28377;5686;5
28378;6377;5
28379;1442;7
28380;6791;6
28381;4728;1
28382;3602;7
28383;7283;4
28384;2111;7
28385;5668;2
28386;1729;5
28387;6459;7
28388;1622;2
28389;8930;4
28390;5120;7
28391;3861;4
28392;5918;4
28393;3926;7
28394;3487;5
28395;3755;6
28396;4542;5
28397;7692;6
28398;7754;5
28399;8831;7
28400;5196;5
28401;5485;6
28402;1029;6
28403;7880;1
28404;3884;1
28405;2746;6
28406;1721;1
28407;2524;4
28408;4760;1
28409;8425;6
28410;4169;2
28411;1161;7
28412;2215;1
28413;3268;2
28414;8642;1
28415;1191;4
28416;8406;5
28417;8217;3
28418;1434;5
28419;3196;1
28420;2829;3
28421;5788;4
28422;2460;6
28423;4746;2
28424;5014;1
28425;5697;6
28426;2089;1
28427;5695;7
28428;6519;7
28429;1917;6
28430;8924;5
28431;1581;3
28432;6781;7
28433;5836;2
28434;5695;2
28435;8096;3
28436;5235;4
28437;1322;6
28438;2811;6
28439;1746;2
28440;3562;1
28441;7452;3
28442;6077;7
28443;4156;5
28444;5117;1
28445;4831;6
28446;5850;6
28447;1059;6
28448;6344;3
28449;3152;2
28450;6926;5
28451;7726;1
28452;1122;1
28453;6904;6
28454;6265;5
28455;2410;7
28456;1942;4
28457;7295;2
28458;8241;5
28459;5618;1
28460;3888;1
28461;4729;4
28462;3879;7
28463;3516;4
28464;2708;2
28465;4725;2
28466;6719;2
28467;8675;4
28468;4816;1
28469;7345;6
28470;5783;7
28471;6670;5
28472;6212;5
28473;3607;1
28474;4231;2
28475;2092;1
28476;6898;5
28477;1262;6
28478;4833;5
28479;6673;7
28480;1440;7
28481;1009;1
28482;8481;5
28483;3982;2
28484;4675;7
28485;1968;3
28486;8027;5
28487;3509;6
28488;4778;3
28489;6547;1
28490;1292;4
28491;1659;6
28492;7907;6
28493;4698;5
28494;1362;4
28495;5598;3
28496;5800;3
28497;2570;4
28498;7677;7
28499;8517;5
28500;8541;7
28501;7018;3
28502;6930;4
28503;4765;2
28504;8194;1
28505;8558;5
28506;3751;3
28507;5030;5
28508;2034;6
28509;7123;5
28510;7748;3
28511;1832;6
28512;1140;2
28513;8668;6
28514;1812;3
28515;3747;3
28516;2916;4
28517;5863;6
28518;5372;3
28519;7662;6
28520;1629;4
28521;7140;5
28522;5459;7
28523;4565;5
28524;7912;3
28525;8489;7
28526;4048;7
28527;4130;1
28528;8847;2
28529;3976;3
28530;2269;3
28531;3742;4
28532;5723;4
28533;3849;7
28534;8493;5
28535;2369;1
28536;7895;7
28537;1452;7
28538;2689;3
28539;2321;2
28540;8161;1
28541;4488;2
28542;3595;2
28543;8111;2
28544;6803;2
28545;6530;6
28546;2729;6
28547;1693;2
28548;3004;5
28549;5095;2
28550;7215;5
28551;6842;6
28552;8959;6
28553;7512;7
28554;1749;6
28555;7112;1
28556;4471;6
28557;1751;1
28558;5793;7
28559;7099;7
28560;6944;7
28561;6357;5
28562;4431;6
28563;2839;3
28564;4305;6
28565;2753;4
28566;1798;3
28567;3111;1
28568;1994;2
28569;7417;3
28570;8107;3
28571;1854;3
28572;1086;4
28573;8696;7
28574;4242;3
28575;8271;5
28576;1837;6
28577;4547;3
28578;4053;1
28579;3350;7
28580;3535;6
28581;3871;5
28582;2215;6
28583;1352;7
28584;7718;2
28585;2302;6
28586;2276;6
28587;5391;6
28588;2766;7
28589;4103;7
28590;8807;7
28591;1919;4
28592;4199;4
28593;4463;6
28594;4563;1
28595;7147;6
28596;3352;2
28597;4387;6
28598;5898;4
28599;1555;4
28600;6083;4
28601;5240;6
28602;7515;1
28603;3293;5
28604;8927;7
28605;8106;6
28606;6640;3
28607;2578;4
28608;1472;6
28609;8157;6
28610;5537;4
28611;1808;3
28612;2286;7
28613;2020;4
28614;2053;4
28615;6238;3
28616;3070;4
28617;6143;1
28618;3161;1
28619;6953;2
28620;2749;5
28621;5027;7
28622;4667;1
28623;8781;4
28624;2491;3
28625;3979;2
28626;6261;1
28627;1513;5
28628;1481;5
28629;1000;5
28630;5679;1
28631;4526;5
28632;2281;4
28633;6931;6
28634;4950;6
28635;5146;7
28636;1905;3
28637;8506;6
28638;6094;2
28639;6175;2
28640;8696;3
28641;3743;5
28642;7517;5
28643;4605;1
28644;3903;5
28645;3718;7
28646;8995;1
28647;5631;5
28648;3912;1
28649;3945;1
28650;2652;1
28651;6635;4
28652;2965;2
28653;8227;1
28654;5876;4
28655;1631;6
28656;7061;5
28657;6375;2
28658;1848;7
28659;5425;3
28660;8581;5
28661;8509;4
28662;8669;3
28663;8611;5
28664;2504;1
28665;8386;7
28666;1647;6
28667;3174;2
28668;7351;3
28669;3015;7
28670;7675;2
28671;3044;1
28672;7823;6
28673;6081;3
28674;8173;5
28675;5479;1
28676;1880;7
28677;2421;5
28678;5019;7
28679;7133;2
28680;8042;4
28681;4185;4
28682;6936;7
28683;5869;4
28684;7995;5
28685;4454;2
28686;2177;5
28687;6577;7
28688;7406;1
28689;1953;7
28690;6988;3
28691;8838;1
28692;1420;5
28693;4487;3
28694;7126;3
28695;8846;7
28696;1947;1
28697;8023;4
28698;4241;3
28699;5957;7
28700;3039;7
28701;5574;4
28702;5957;7
28703;1138;6
28704;3126;1
28705;7297;5
28706;4667;5
28707;4857;4
28708;1488;2
28709;4519;3
28710;1535;5
28711;8291;5
28712;7528;3
28713;1652;1
28714;3624;6
28715;1445;4
28716;5523;6
28717;7003;6
28718;2833;4
28719;8968;7
28720;7900;1
28721;7707;6
28722;4033;4
28723;1250;2
28724;8138;4
28725;5101;4
28726;7926;2
28727;5157;4
28728;8278;1
28729;2027;7
28730;8166;1
28731;4602;3
28732;5508;5
28733;7513;7
28734;7546;5
28735;7996;5
28736;7264;2
28737;7130;5
28738;5634;3
28739;1238;1
28740;2841;7
28741;4031;4
28742;7910;7
28743;7774;4
28744;4443;7
28745;5679;2
28746;5433;2
28747;7447;7
28748;2502;1
28749;7813;2
28750;3937;3
28751;4423;2
28752;3003;5
28753;7372;5
28754;1671;1
28755;2269;5
28756;3457;7
28757;2214;3
28758;8064;7
28759;6616;6
28760;6791;6
28761;6523;5
28762;7985;2
28763;6267;5
28764;7871;1
28765;3108;6
28766;8363;7
28767;2058;1
28768;4322;1
28769;7432;3
28770;5959;4
28771;7107;4
28772;1201;7
28773;4308;6
28774;4280;2
28775;6009;2
28776;2461;7
28777;1403;3
28778;2281;7
28779;3652;2
28780;7560;5
28781;1965;1
28782;2907;3
28783;4307;7
28784;4873;4
28785;8304;3
28786;3942;5
28787;3742;2
28788;2079;3
28789;5482;1
28790;1966;3
28791;6358;1
28792;8992;7
28793;6661;7
28794;1929;5
28795;5162;3
28796;5147;4
28797;2185;4
28798;2319;1
28799;7451;2
28800;7591;7
28801;3714;6
28802;6592;4
28803;2475;6
28804;6090;1
28805;5417;2
28806;6645;6
28807;7976;7
28808;4072;1
28809;8873;1
28810;5547;6
28811;7791;1
28812;8298;4
28813;5722;6
28814;3380;5
28815;6467;4
28816;3713;3
28817;1554;2
28818;3690;2
28819;4994;5
28820;4135;6
28821;1582;6
28822;6092;4
28823;4810;7
28824;6237;7
28825;7230;7
28826;5833;6
28827;4253;1
28828;6999;6
28829;4737;6
28830;7227;5
28831;2151;7
28832;7959;3
28833;5769;6
28834;6041;2
28835;8538;3
28836;4454;4
28837;3393;6
28838;3494;5
28839;2690;7
28840;8413;6
28841;5328;2
28842;1977;2
28843;1497;3
28844;1559;4
28845;5828;2
28846;3342;7
28847;2140;6
28848;2777;1
28849;4991;5
28850;4902;4
28851;7903;4
28852;3011;3
28853;5891;2
28854;1215;5
28855;7802;1
28856;7545;7
28857;2517;4
28858;1440;4
28859;1008;1
28860;1392;7
28861;6070;6
28862;1431;4
28863;1150;2
28864;6059;1
28865;1653;4
28866;4011;7
28867;8406;3
28868;8748;3
28869;5180;1
28870;2492;7
28871;2863;4
28872;2517;6
28873;3087;4
28874;4953;2
28875;3422;4
28876;2464;4
28877;6193;7
28878;7413;1
28879;6561;5
28880;5743;6
28881;6689;4
28882;4807;3
28883;4231;3
28884;6507;1
28885;5333;4
28886;1167;4
28887;7663;2
28888;2188;1
28889;4675;1
28890;6753;3
28891;3392;2
28892;6236;3
28893;8234;5
28894;4755;1
28895;1214;6
28896;5862;5
28897;2392;2
28898;2565;2
28899;6036;6
28900;6182;2
28901;3086;6
28902;4004;3
28903;2762;3
28904;5569;3
28905;2706;1
28906;2511;5
28907;6975;5
28908;2340;2
28909;5766;7
28910;4235;4
28911;6551;7
28912;3715;6
28913;4878;1
28914;1062;4
28915;8819;6
28916;2515;4
28917;1232;6
28918;1727;2
28919;2593;6
28920;4859;2
28921;3110;6
28922;2679;6
28923;8350;3
28924;3728;7
28925;1506;4
28926;1793;2
28927;6304;2
28928;2546;7
28929;8871;1
28930;1450;5
28931;1944;3
28932;4012;1
28933;6824;6
28934;1590;5
28935;5406;1
28936;6835;7
28937;5905;1
28938;6308;4
28939;7646;3
28940;1330;2
28941;6151;4
28942;2106;6
28943;3909;7
28944;4870;2
28945;6998;3
28946;3910;4
28947;1992;5
28948;1799;2
28949;2400;7
28950;8471;2
28951;4077;6
28952;8315;7
28953;3058;7
28954;5667;5
28955;3405;5
28956;4956;7
28957;6813;7
28958;7031;3
28959;6731;6
28960;3165;5
28961;8489;6
28962;8260;6
28963;1435;1
28964;6906;5
28965;4307;2
28966;1785;3
28967;2026;5
28968;5618;7
28969;7163;3
28970;6700;1
28971;8342;5
28972;5708;6
28973;7635;6
28974;1834;4
28975;1103;1
28976;2641;7
28977;7938;1
28978;6159;5
28979;4450;7
28980;3692;6
28981;1035;5
28982;4938;2
28983;7742;6
28984;2530;5
28985;6382;4
28986;3184;7
28987;1753;7
28988;6021;7
28989;5950;5
28990;3924;6
28991;7873;1
28992;4222;5
28993;2624;6
28994;4325;2
28995;1931;7
28996;7396;1
28997;6301;3
28998;2549;1
28999;7056;4
29000;8630;4
29001;4349;7
29002;8112;7
29003;4371;7
29004;7002;7
29005;8077;2
29006;4788;2
29007;2818;5
29008;3957;2
29009;8950;5
29010;3320;6
29011;1409;5
29012;4358;4
29013;5076;3
29014;4529;7
29015;1252;7
29016;8635;3
29017;1738;2
29018;5353;6
29019;4908;2
29020;6125;5
29021;6838;6
29022;3067;6
29023;1103;3
29024;1168;3
29025;2832;5
29026;4460;1
29027;4339;6
29028;2741;7
29029;8846;6
29030;7943;7
29031;7041;4
29032;5708;3
29033;2757;6
29034;7341;4
29035;8308;3
29036;4160;6
29037;1900;7
29038;3379;6
29039;5346;4
29040;3381;7
29041;6949;3
29042;1247;3
29043;7244;2
29044;4618;4
29045;3668;2
29046;4963;2
29047;8015;3
29048;5044;5
29049;2952;7
29050;6996;2
29051;1878;5
29052;6372;5
29053;6354;4
29054;8824;6
29055;5568;4
29056;3564;3
29057;5088;5
29058;5968;1
29059;3531;2
29060;3748;1
29061;1127;1
29062;5052;3
29063;4849;1
29064;2117;6
29065;5160;3
29066;6876;7
29067;5500;1
29068;7637;5
29069;5559;2
29070;1919;1
29071;7921;1
29072;6246;7
29073;1914;6
29074;4997;3
29075;5932;7
29076;7140;2
29077;1304;3
29078;1437;2
29079;5025;7
29080;1420;6
29081;8650;7
29082;2572;6
29083;5402;5
29084;5273;6
29085;1952;3
29086;8366;5
29087;7622;3
29088;8255;7
29089;8134;2
29090;3067;2
29091;3843;5
29092;2622;1
29093;8181;3
29094;6040;4
29095;5375;3
29096;6041;1
29097;4916;3
29098;1430;5
29099;2668;7
29100;8367;3
29101;5298;4
29102;4475;1
29103;3787;1
29104;2675;2
29105;2421;4
29106;6640;7
29107;2315;6
29108;1671;2
29109;4139;6
29110;6857;5
29111;4279;1
29112;6052;7
29113;2422;6
29114;5628;1
29115;7680;5
29116;5394;7
29117;4196;5
29118;6894;3
29119;2350;6
29120;4708;3
29121;6223;3
29122;4607;4
29123;7058;6
29124;7794;5
29125;7999;5
29126;3735;4
29127;2051;3
29128;2518;1
29129;6239;4
29130;5853;4
29131;7258;4
29132;8495;7
29133;2549;2
29134;7419;3
29135;1142;7
29136;5697;2
29137;8075;1
29138;8240;5
29139;3731;3
29140;3854;7
29141;3044;1
29142;7169;2
29143;2277;1
29144;7729;5
29145;1426;3
29146;5409;3
29147;5392;2
29148;1074;2
29149;3940;5
29150;3140;5
29151;6181;6
29152;2668;1
29153;5617;2
29154;6738;2
29155;6568;5
29156;5000;3
29157;5728;2
29158;1945;4
29159;2585;2
29160;6157;1
29161;4263;5
29162;3258;7
29163;4302;2
29164;2122;5
29165;6821;7
29166;8422;5
29167;7889;7
29168;1071;6
29169;1935;3
29170;1532;7
29171;8646;7
29172;8067;2
29173;1881;1
29174;4700;4
29175;5812;1
29176;8903;3
29177;5572;5
29178;2144;4
29179;1714;7
29180;1732;5
29181;1310;7
29182;1485;5
29183;1749;5
29184;4946;1
29185;2677;3
29186;6175;3
29187;1556;1
29188;8017;6
29189;5451;4
29190;8203;6
29191;7740;1
29192;4839;4
29193;1978;6
29194;5846;5
29195;5853;7
29196;3601;4
29197;5192;7
29198;1348;3
29199;5166;6
29200;4596;7
29201;6628;1
29202;1880;1
29203;3642;7
29204;4276;6
29205;5326;2
29206;8633;2
29207;6869;4
29208;6616;1
29209;4987;3
29210;3786;1
29211;6661;7
29212;5918;2
29213;6990;5
29214;8456;5
29215;5188;2
29216;1701;2
29217;8775;1
29218;3239;5
29219;8310;5
29220;8311;4
29221;2650;6
29222;4559;5
29223;2272;2
29224;3633;2
29225;7861;2
29226;6443;1
29227;7833;7
29228;2440;2
29229;4817;3
29230;4609;2
29231;6194;6
29232;7171;2
29233;2769;5
29234;4959;7
29235;8059;2
29236;2038;6
29237;7140;4
29238;7304;3
29239;8508;2
29240;8550;1
29241;7547;2
29242;6264;4
29243;5264;5
29244;6470;3
29245;6741;3
29246;1801;5
29247;2206;5
29248;1791;5
29249;4214;7
29250;6370;2
29251;8423;4
29252;7331;4
29253;2215;1
29254;3808;6
29255;1638;7
29256;8891;2
29257;8235;2
29258;1631;6
29259;1927;5
29260;8955;6
29261;6069;6
29262;5203;1
29263;3748;1
29264;8421;3
29265;4079;5
29266;6664;2
29267;5754;1
29268;4057;6
29269;3854;2
29270;5827;3
29271;1489;3
29272;8793;5
29273;8831;3
29274;2032;1
29275;1142;2
29276;2848;5
29277;5667;5
29278;6464;1
29279;1237;1
29280;4130;4
29281;2034;4
29282;6227;4
29283;8118;3
29284;8481;4
29285;4994;1
29286;7249;1
29287;1074;1
29288;3448;5
29289;6193;2
29290;5517;1
29291;3448;4
29292;5493;5
29293;7988;4
29294;1780;2
29295;1236;6
29296;4681;7
29297;4595;2
29298;2319;2
29299;5893;5
29300;6926;5
29301;7030;2
29302;3545;6
29303;4269;1
29304;1943;4
29305;4918;6
29306;7402;7
29307;8278;7
29308;6530;1
29309;8394;3
29310;4074;4
29311;7731;7
29312;3110;4
29313;3735;7
29314;5551;6
29315;3964;5
29316;7269;6
29317;2161;6
29318;4990;7
29319;1226;1
29320;5868;3
29321;8416;2
29322;3989;1
29323;4937;6
29324;8916;7
29325;8598;7
29326;7297;6
29327;6714;6
29328;8991;4
29329;8225;5
29330;5919;4
29331;6124;3
29332;8396;5
29333;3308;1
29334;8057;7
29335;8319;1
29336;5957;4
29337;3906;7
29338;1014;6
29339;5494;4
29340;6718;7
29341;3472;5
29342;4562;2
29343;6801;5
29344;3054;4
29345;4242;7
29346;5213;6
29347;5192;4
29348;2528;3
29349;2330;2
29350;6320;3
29351;4488;2
29352;3599;4
29353;7128;2
29354;8537;3
29355;2397;5
29356;5177;6
29357;7551;5
29358;2671;7
29359;8721;5
29360;1118;7
29361;2963;1
29362;5535;3
29363;1850;2
29364;8895;2
29365;7331;7
29366;7012;2
29367;2139;5
29368;3706;2
29369;2555;2
29370;4820;6
29371;8936;5
29372;8721;6
29373;3910;1
29374;7602;7
29375;5281;6
29376;5338;4
29377;1239;6
29378;7280;6
29379;5829;5
29380;2302;6
29381;3214;7
29382;1431;7
29383;4083;5
29384;4529;2
29385;2051;1
29386;5873;1
29387;6129;6
29388;2779;5
29389;4384;3
29390;1099;7
29391;7276;3
29392;6069;7
29393;7742;6
29394;2336;3
29395;7852;5
29396;3421;2
29397;7609;5
29398;1276;2
29399;2698;6
29400;3339;7
29401;1271;6
29402;2947;1
29403;5766;1
29404;3331;5
29405;4721;5
29406;5368;1
29407;8389;5
29408;4266;6
29409;7551;7
29410;8819;7
29411;6194;7
29412;1062;2
29413;4207;2
29414;7637;3
29415;2056;1
29416;1634;5
29417;3936;6
29418;4245;2
29419;1852;1
29420;4105;4
29421;6302;2
29422;7472;5
29423;7645;2
29424;4338;6
29425;4039;4
29426;5828;4
29427;4299;4
29428;4546;5
29429;6582;5
29430;7294;3
29431;8715;6
29432;5462;2
29433;1457;3
29434;1969;5
29435;5980;1
29436;2769;5
29437;6779;4
29438;7212;1
29439;6481;7
29440;6228;7
29441;2472;2
29442;7884;4
29443;7172;5
29444;8941;7
29445;4341;7
29446;6765;3
29447;6999;3
29448;1491;6
29449;7885;2
29450;2595;5
29451;2893;5
29452;5406;6
29453;8742;6
29454;8401;5
29455;3705;4
29456;3664;7
29457;3595;1
29458;4793;1
29459;2091;3
29460;8905;1
29461;4009;6
29462;1797;2
29463;4863;6
29464;7329;6
29465;4420;5
29466;8957;4
29467;7179;7
29468;3613;6
29469;8041;5
29470;1630;1
29471;2552;6
29472;3157;1
29473;5935;2
29474;8940;4
29475;5264;1
29476;3696;5
29477;6399;2
29478;1555;7
29479;7480;3
29480;2375;3
29481;5590;2
29482;6610;7
29483;6936;7
29484;6860;4
29485;4966;5
29486;7768;6
29487;4443;4
29488;3096;6
29489;6761;1
29490;2621;7
29491;6058;1
29492;8242;4
29493;3092;4
29494;3359;5
29495;5427;2
29496;5033;4
29497;3136;4
29498;6073;7
29499;6564;7
29500;6939;5
29501;5954;1
29502;2099;7
29503;4249;4
29504;6028;4
29505;4005;2
29506;4949;7
29507;1224;6
29508;1249;4
29509;8164;3
29510;1641;5
29511;4822;5
29512;4505;1
29513;7579;6
29514;5729;2
29515;1441;7
29516;4710;6
29517;6618;2
29518;3008;5
29519;4899;2
29520;3220;7
29521;8159;3
29522;2748;5
29523;2379;3
29524;7934;4
29525;4545;2
29526;3218;4
29527;7391;6
29528;3201;4
29529;7517;6
29530;6114;6
29531;5812;1
29532;1828;4
29533;1318;3
29534;8634;1
29535;8654;4
29536;1546;2
29537;3943;4
29538;4907;6
29539;8193;2
29540;5809;7
29541;8478;6
29542;6544;7
29543;6627;4
29544;3224;3
29545;7589;1
29546;8793;1
29547;2325;5
29548;6535;2
29549;7557;3
29550;5613;2
29551;3006;5
29552;5834;2
29553;8937;4
29554;5794;7
29555;6456;2
29556;4306;6
29557;5996;6
29558;4137;3
29559;1978;6
29560;1192;5
29561;2315;4
29562;7537;7
29563;1121;1
29564;6331;2
29565;6105;2
29566;8980;6
29567;4546;2
29568;2352;4
29569;6439;6
29570;6069;7
29571;1700;1
29572;3206;4
29573;1462;1
29574;2936;3
29575;5695;6
29576;1256;6
29577;4387;1
29578;7193;3
29579;7160;3
29580;8983;5
29581;8584;5
29582;6862;7
29583;2252;1
29584;6202;1
29585;2414;2
29586;4685;5
29587;6322;1
29588;4387;1
29589;8378;2
29590;7532;5
29591;1916;7
29592;2330;5
29593;2715;5
29594;6003;3
29595;4634;2
29596;7331;2
29597;1106;7
29598;1416;1
29599;4059;4
29600;6977;7
29601;8792;3
29602;8115;3
29603;4478;3
29604;8677;4
29605;2100;4
29606;8674;3
29607;5980;1
29608;6274;3
29609;3823;7
29610;1352;7
29611;5748;1
29612;8771;6
29613;4940;4
29614;5234;7
29615;8357;4
29616;6667;5
29617;2022;6
29618;5588;3
29619;8089;4
29620;8228;6
29621;6341;6
29622;4370;1
29623;4907;1
29624;3344;3
29625;6280;4
29626;4121;6
29627;4369;6
29628;1497;5
29629;5483;4
29630;5480;5
29631;5293;4
29632;8603;2
29633;1206;7
29634;4379;6
29635;2604;3
29636;3634;3
29637;6356;7
29638;3494;1
29639;3231;6
29640;5912;3
29641;6126;5
29642;8013;1
29643;5218;7
29644;4360;1
29645;1959;6
29646;8242;6
29647;5038;7
29648;7072;6
29649;2339;2
29650;2450;7
29651;4221;4
29652;2050;6
29653;7405;7
29654;4406;5
29655;1903;5
29656;3892;3
29657;2731;4
29658;7337;7
29659;2551;3
29660;2408;2
29661;6941;3
29662;6523;7
29663;5167;5
29664;7680;7
29665;1870;6
29666;6544;3
29667;3320;3
29668;6681;4
29669;2875;4
29670;7218;3
29671;1231;1
29672;6902;4
29673;6677;4
29674;6085;3
29675;3768;1
29676;1221;2
29677;3159;6
29678;3895;5
29679;6023;6
29680;5110;5
29681;3905;6
29682;7478;3
29683;2962;1
29684;8204;3
29685;2641;6
29686;5764;1
29687;5497;5
29688;6412;2
29689;6267;7
29690;8009;2
29691;1355;5
29692;4481;2
29693;3386;5
29694;3043;3
29695;5027;2
29696;5593;5
29697;7044;1
29698;7200;2
29699;6786;6
29700;4936;2
29701;8957;5
29702;6333;3
29703;7548;3
29704;3153;1
29705;5224;7
29706;2738;4
29707;6241;5
29708;3550;7
29709;4603;7
29710;2952;3
29711;3582;5
29712;4928;3
29713;8295;3
29714;5248;4
29715;1829;4
29716;3234;5
29717;4094;1
29718;2709;1
29719;1573;5
29720;5835;6
29721;4871;5
29722;2313;1
29723;8417;6
29724;3807;2
29725;6591;3
29726;6138;4
29727;3278;2
29728;7591;5
29729;7644;4
29730;8899;3
29731;4752;6
29732;1493;6
29733;3010;7
29734;3356;6
29735;6506;4
29736;7722;6
29737;6626;2
29738;2037;2
29739;3582;7
29740;1709;3
29741;5586;2
29742;4651;1
29743;8667;7
29744;6999;5
29745;4091;3
29746;6205;4
29747;8473;3
29748;7405;5
29749;1834;2
29750;3407;5
29751;5332;3
29752;4800;6
29753;4967;3
29754;8431;3
29755;5793;6
29756;5649;7
29757;6377;3
29758;8383;3
29759;7452;7
29760;1613;4
29761;8093;3
29762;2836;2
29763;3812;7
29764;4580;3
29765;1766;6
29766;6967;5
29767;3320;6
29768;3038;5
29769;8809;4
29770;6862;5
29771;4738;7
29772;8607;7
29773;4183;4
29774;7223;2
29775;3944;3
29776;8010;6
29777;7673;7
29778;4921;6
29779;5202;2
29780;4142;6
29781;4033;5
29782;8232;5
29783;5592;2
29784;4247;2
29785;8824;6
29786;8341;6
29787;7110;1
29788;4886;3
29789;6782;4
29790;4663;6
29791;8652;4
29792;4559;3
29793;4515;4
29794;6995;7
29795;1226;1
29796;6455;1
29797;2120;6
29798;2724;2
29799;4018;6
29800;8249;1
29801;8144;5
29802;5068;1
29803;2011;5
29804;6948;1
29805;8110;2
29806;8744;2
29807;6854;5
29808;5142;1
29809;2016;7
29810;8460;2
29811;6328;3
29812;1384;7
29813;4533;6
29814;5039;4
29815;7446;3
29816;7294;2
29817;5635;3
29818;5023;5
29819;6814;5
29820;8770;7
29821;5074;1
29822;4127;4
29823;3334;5
29824;5629;7
29825;3393;2
29826;7519;3
29827;3213;7
29828;2271;4
29829;8752;3
29830;8134;5
29831;4459;2
29832;3918;5
29833;6270;7
29834;6455;2
29835;7485;7
29836;3083;6
29837;7605;5
29838;3692;4
29839;4951;4
29840;6845;4
29841;8610;3
29842;3551;6
29843;2525;5
29844;8911;1
29845;2379;7
29846;8821;6
29847;1225;3
29848;7300;3
29849;1131;7
29850;8958;1
29851;8734;4
29852;5006;2
29853;2395;7
29854;2111;2
29855;6538;2
29856;3940;1
29857;5822;7
29858;4955;3
29859;7485;5
29860;1739;1
29861;8306;6
29862;2236;2
29863;2380;4
29864;3426;5
29865;5645;4
29866;3213;5
29867;1412;4
29868;3956;6
29869;4614;6
29870;6537;6
29871;8258;5
29872;5731;5
29873;5468;7
29874;1900;1
29875;4570;2
29876;7399;7
29877;7137;5
29878;2622;6
29879;3297;4
29880;5007;1
29881;4431;5
29882;4205;4
29883;4593;3
29884;2151;1
29885;8658;4
29886;4654;5
29887;7204;2
29888;1507;4
29889;5304;5
29890;2108;6
29891;2598;1
29892;6500;6
29893;5425;3
29894;4043;6
29895;6297;3
29896;5333;1
29897;4546;6
29898;3107;3
29899;1396;3
29900;2581;1
29901;3007;7
29902;5749;5
29903;6668;4
29904;3051;7
29905;7255;6
29906;5818;7
29907;8661;5
29908;6372;5
29909;2107;7
29910;5977;1
29911;2096;1
29912;6680;4
29913;4236;1
29914;4386;3
29915;4538;4
29916;6767;2
29917;2466;2
29918;6827;2
29919;5700;2
29920;7902;7
29921;5077;1
29922;4120;6
29923;3937;3
29924;2711;4
29925;6475;2
29926;5674;4
29927;4681;4
29928;1544;6
29929;5958;4
29930;4452;5
29931;4095;1
29932;5687;5
29933;7528;3
29934;3758;3
29935;4736;4
29936;1713;7
29937;4755;6
29938;6257;1
29939;2499;3
29940;6660;6
29941;1002;4
29942;2879;7
29943;2735;7
29944;5829;1
29945;7262;4
29946;7505;6
29947;2859;4
29948;5268;4
29949;2035;7
29950;3738;6
29951;1352;1
29952;7045;1
29953;4497;2
29954;5168;4
29955;7437;3
29956;4726;1
29957;2574;7
29958;5028;5
29959;8529;2
29960;7754;3
29961;2649;1
29962;1867;6
29963;3354;3
29964;1044;1
29965;2568;3
29966;4443;1
29967;6910;5
29968;5977;5
29969;5207;3
29970;5919;1
29971;7395;2
29972;4744;7
29973;8191;3
29974;2237;4
29975;4734;4
29976;2246;4
29977;5601;2
29978;6472;6
29979;4274;6
29980;2367;7
29981;1883;1
29982;4989;1
29983;4731;7
29984;7436;2
29985;4515;1
29986;1098;6
29987;2044;7
29988;2046;2
29989;6539;6
29990;5793;5
29991;2036;6
29992;5560;7
29993;7010;3
29994;3624;2
29995;4449;7
29996;5840;1
29997;2280;3
29998;1847;2
29999;6936;6
30000;4286;5
30001;7867;2
30002;2297;1
30003;8908;7
30004;4706;1
30005;5382;5
30006;7780;3
30007;6627;1
30008;3975;6
30009;2846;4
30010;8877;1
30011;3700;5
30012;8063;6
30013;1718;4
30014;4300;5
30015;4093;6
30016;3455;3
30017;4367;2
30018;3342;4
30019;1615;2
30020;4190;2
30021;5486;6
30022;7757;4
30023;7853;6
30024;1208;6
30025;1612;1
30026;6945;1
30027;2588;5
30028;7081;6
30029;5612;7
30030;8879;1
30031;3201;4
30032;8862;4
30033;5487;3
30034;8231;7
30035;7631;2
30036;4516;3
30037;1146;2
30038;7775;3
30039;7954;2
30040;7101;2
30041;2318;1
30042;3681;2
30043;1281;1
30044;7609;5
30045;8311;5
30046;6405;1
30047;2469;4
30048;3598;5
30049;8218;5
30050;3797;4
30051;8216;2
30052;5026;3
30053;8536;7
30054;2327;3
30055;8572;3
30056;4536;1
30057;4878;1
30058;2194;6
30059;3031;3
30060;7192;7
30061;3471;1
30062;4955;1
30063;8044;2
30064;3757;3
30065;8031;2
30066;1742;3
30067;5093;3
30068;5857;4
30069;7195;7
30070;7272;4
30071;7004;5
30072;1869;3
30073;5710;7
30074;2779;7
30075;3723;7
30076;6882;4
30077;5295;1
30078;2665;6
30079;8719;5
30080;6810;1
30081;3304;7
30082;5759;4
30083;6860;5
30084;3753;3
30085;8296;2
30086;5691;1
30087;7932;3
30088;1517;2
30089;4590;1
30090;4063;3
30091;5981;3
30092;3894;1
30093;8506;5
30094;2357;6
30095;7308;4
30096;7177;2
30097;6798;7
30098;1399;6
30099;3605;3
30100;5200;3
30101;1553;1
30102;6202;4
30103;2294;6
30104;6375;4
30105;1512;2
30106;8487;3
30107;1722;5
30108;2530;1
30109;7015;3
30110;8349;5
30111;3183;6
30112;8340;5
30113;6246;7
30114;7193;1
30115;3529;7
30116;8545;3
30117;7140;7
30118;7271;1
30119;6733;5
30120;5006;4
30121;5751;1
30122;1223;2
30123;1134;6
30124;4698;1
30125;4259;7
30126;5003;3
30127;2252;3
30128;6033;5
30129;1959;5
30130;3024;7
30131;6765;7
30132;4578;7
30133;5794;5
30134;1333;1
30135;3987;2
30136;5900;2
30137;6776;7
30138;5609;3
30139;3426;2
30140;1819;6
30141;4405;6
30142;3330;7
30143;1447;3
30144;1323;2
30145;6203;2
30146;4314;2
30147;4773;6
30148;5894;6
30149;3184;2
30150;7120;3
30151;6575;7
30152;6628;7
30153;8124;7
30154;4379;1
30155;8535;5
30156;2327;5
30157;7031;5
30158;8494;3
30159;8207;4
30160;4976;5
30161;3551;4
30162;8461;3
30163;6108;2
30164;2718;5
30165;2138;1
30166;3996;7
30167;4340;4
30168;1928;3
30169;4780;7
30170;3897;7
30171;5465;3
30172;7839;6
30173;4749;3
30174;4229;6
30175;6852;1
30176;7328;3
30177;3598;1
30178;1245;1
30179;3768;4
30180;1570;6
30181;4245;2
30182;5144;5
30183;3990;7
30184;8660;4
30185;1088;7
30186;4344;7
30187;1085;3
30188;4269;3
30189;7368;1
30190;1452;1
30191;7187;1
30192;8863;5
30193;5176;7
30194;6320;7
30195;7087;3
30196;3780;3
30197;3965;4
30198;3123;4
30199;1166;5
30200;1326;7
30201;4052;3
30202;8258;6
30203;7813;7
30204;1720;4
30205;8942;4
30206;3310;2
30207;3173;4
30208;2479;7
30209;4652;6
30210;8696;4
30211;8725;6
30212;6791;4
30213;2101;5
30214;8796;2
30215;4104;3
30216;5466;7
30217;4180;3
30218;8046;3
30219;3344;6
30220;6226;3
30221;6497;1
30222;4606;2
30223;1336;5
30224;8964;5
30225;3389;4
30226;5739;7
30227;2187;1
30228;1686;6
30229;8451;1
30230;7502;6
30231;2507;7
30232;4414;4
30233;7103;2
30234;8077;1
30235;1127;2
30236;5247;1
30237;3840;3
30238;2410;2
30239;2002;2
30240;3671;3
30241;7447;1
30242;4178;7
30243;6532;6
30244;7742;5
30245;6417;6
30246;6201;4
30247;5573;3
30248;3347;4
30249;4109;1
30250;3639;3
30251;3964;4
30252;2525;2
30253;7346;1
30254;1743;3
30255;8380;1
30256;1304;7
30257;2685;4
30258;1648;4
30259;7666;2
30260;5054;4
30261;7181;7
30262;4183;5
30263;2994;2
30264;6716;3
30265;3809;2
30266;7320;4
30267;4692;2
30268;2866;4
30269;8186;4
30270;1239;1
30271;4030;5
30272;4979;1
30273;2699;2
30274;7920;6
30275;6452;4
30276;5592;2
30277;7378;5
30278;7640;6
30279;7962;5
30280;3201;7
30281;1921;1
30282;7996;2
30283;1952;1
30284;7561;1
30285;1388;6
30286;7107;6
30287;1991;4
30288;1832;1
30289;6407;7
30290;2275;5
30291;7421;1
30292;5578;3
30293;5440;3
30294;6066;3
30295;3074;1
30296;5416;6
30297;2462;6
30298;4538;2
30299;7308;3
30300;1497;5
30301;4337;2
30302;1318;3
30303;5943;3
30304;2265;1
30305;1128;6
30306;3975;1
30307;2075;2
30308;7582;7
30309;1103;4
30310;5508;3
30311;6269;7
30312;7355;6
30313;4792;1
30314;4976;3
30315;4696;7
30316;1838;4
30317;2748;6
30318;6107;1
30319;6094;1
30320;4648;6
30321;3227;5
30322;3288;5
30323;2047;4
30324;7237;5
30325;2555;2
30326;5891;5
30327;4787;3
30328;4518;7
30329;1408;2
30330;3140;6
30331;8937;2
30332;7159;7
30333;3795;4
30334;3266;1
30335;6101;1
30336;5365;3
30337;7768;1
30338;4872;6
30339;6540;2
30340;6001;4
30341;6587;4
30342;3912;6
30343;2182;5
30344;6770;4
30345;2378;2
30346;2732;1
30347;4918;4
30348;5224;6
30349;6682;3
30350;2684;6
30351;8607;6
30352;7434;7
30353;6239;5
30354;5639;1
30355;7450;7
30356;5890;6
30357;7337;4
30358;2974;3
30359;5227;6
30360;7525;2
30361;6037;4
30362;7816;1
30363;4696;1
30364;1231;3
30365;5758;7
30366;3743;4
30367;1749;5
30368;2396;3
30369;5245;3
30370;4985;4
30371;2496;4
30372;5722;6
30373;3102;7
30374;7107;6
30375;2449;6
30376;6573;5
30377;7122;1
30378;1329;6
30379;3259;4
30380;8949;1
30381;5209;5
30382;1440;7
30383;2394;3
30384;4233;7
30385;2060;5
30386;4132;1
30387;6312;2
30388;8989;3
30389;2511;2
30390;5487;1
30391;5889;5
30392;6911;7
30393;2479;7
30394;4688;2
30395;4566;6
30396;3350;1
30397;3307;4
30398;4467;4
30399;1600;3
30400;1900;7
30401;7370;3
30402;1419;1
30403;6028;1
30404;3654;7
30405;6077;7
30406;2008;4
30407;2170;6
30408;6855;2
30409;1586;6
30410;1705;4
30411;8752;6
30412;3018;4
30413;5769;2
30414;3435;7
30415;8020;5
30416;4017;7
30417;4403;1
30418;1305;6
30419;2696;2
30420;7353;5
30421;6436;3
30422;8116;6
30423;6547;7
30424;6702;6
30425;5120;6
30426;1987;7
30427;4051;4
30428;5797;7
30429;2589;5
30430;2179;1
30431;5390;4
30432;8229;5
30433;4002;5
30434;8307;7
30435;6126;1
30436;8971;3
30437;1371;2
30438;7896;7
30439;8266;3
30440;6669;3
30441;3265;4
30442;8158;2
30443;3532;4
30444;7702;3
30445;8103;5
30446;2188;1
30447;3206;3
30448;4326;6
30449;7169;3
30450;7604;2
30451;1357;5
30452;3954;4
30453;8944;1
30454;3195;2
30455;7167;6
30456;4959;2
30457;1641;1
30458;6443;2
30459;2378;3
30460;5774;5
30461;2588;6
30462;7933;5
30463;4003;4
30464;2913;5
30465;8973;7
30466;5409;5
30467;8374;4
30468;3635;4
30469;1121;7
30470;3209;6
30471;8392;2
30472;3677;5
30473;1719;6
30474;5998;4
30475;6846;1
30476;3983;7
30477;3001;4
30478;8257;1
30479;6780;2
30480;7139;2
30481;2842;4
30482;5438;2
30483;2333;3
30484;4571;7
30485;6585;6
30486;8070;4
30487;6732;5
30488;3663;3
30489;8808;4
30490;2742;7
30491;4245;3
30492;6721;3
30493;6912;1
30494;8577;5
30495;8754;3
30496;4902;1
30497;5129;1
30498;8694;7
30499;2554;1
30500;6385;4
30501;6182;7
30502;2161;2
30503;5482;2
30504;5933;4
30505;8242;3
30506;5638;5
30507;6218;2
30508;2706;5
30509;8326;5
30510;7140;1
30511;1862;4
30512;7704;5
30513;7318;2
30514;6965;7
30515;7248;1
30516;1760;3
30517;8169;2
30518;3109;1
30519;3279;7
30520;8248;4
30521;2447;1
30522;6956;7
30523;2598;2
30524;5347;3
30525;7438;7
30526;4455;2
30527;3147;3
30528;7424;1
30529;8620;1
30530;8411;2
30531;7248;7
30532;8573;7
30533;7938;7
30534;1072;3
30535;5339;2
30536;3667;3
30537;6364;5
30538;8109;7
30539;2367;3
30540;3059;5
30541;3256;7
30542;8683;7
30543;8918;7
30544;6275;7
30545;4513;6
30546;2196;1
30547;8711;6
30548;2188;3
30549;5535;1
30550;1266;2
30551;7265;4
30552;4632;6
30553;1065;5
30554;5312;5
30555;6012;3
30556;4151;6
30557;1189;3
30558;7219;4
30559;4997;7
30560;3829;5
30561;4768;1
30562;2399;5
30563;7482;3
30564;5061;7
30565;3213;5
30566;5178;7
30567;5492;1
30568;1464;2
30569;2051;4
30570;4760;1
30571;1761;3
30572;3744;3
30573;5803;1
30574;7592;7
30575;4883;3
30576;6662;2
30577;8728;2
30578;3406;4
30579;7393;3
30580;3648;4
30581;1174;2
30582;1121;1
30583;4615;1
30584;6439;3
30585;8971;2
30586;4668;2
30587;2937;2
30588;5664;7
30589;3383;3
30590;1007;7
30591;1525;4
30592;2021;3
30593;8992;4
30594;7176;2
30595;6240;5
30596;4225;2
30597;2452;6
30598;4307;1
30599;6731;1
30600;1137;2
30601;1883;6
30602;4837;5
30603;7658;6
30604;7147;3
30605;4789;4
30606;6082;2
30607;8215;5
30608;7842;1
30609;4061;3
30610;2001;7
30611;8016;3
30612;2343;2
30613;1138;5
30614;8858;3
30615;1661;3
30616;3641;3
30617;5358;5
30618;6610;3
30619;2711;1
30620;5828;5
30621;8229;3
30622;6143;5
30623;8544;4
30624;1712;2
30625;1301;3
30626;6612;2
30627;8000;2
30628;6443;4
30629;5232;4
30630;2473;6
30631;8040;6
30632;8548;6
30633;6143;5
30634;8639;6
30635;2036;1
30636;8911;3
30637;8810;3
30638;6312;2
30639;8847;5
30640;3725;5
30641;7384;5
30642;2193;4
30643;6188;4
30644;7823;7
30645;5407;7
30646;1586;5
30647;4810;6
30648;1107;1
30649;3854;1
30650;3319;1
30651;3550;3
30652;6979;2
30653;3806;3
30654;7109;7
30655;6392;6
30656;8519;4
30657;1543;3
30658;5484;3
30659;5778;3
30660;2333;1
30661;7398;6
30662;7701;1
30663;5619;4
30664;3829;2
30665;1516;6
30666;5452;7
30667;1737;4
30668;4861;6
30669;2410;6
30670;5439;1
30671;8766;6
30672;8487;3
30673;8340;6
30674;3310;1
30675;7713;1
30676;2501;7
30677;7973;6
30678;6877;4
30679;4476;4
30680;7146;5
30681;2977;5
30682;8329;6
30683;1242;6
30684;4155;1
30685;1796;1
30686;6849;2
30687;5146;2
30688;2252;6
30689;2385;5
30690;7471;6
30691;4498;7
30692;5531;7
30693;3148;5
30694;8121;6
30695;5342;2
30696;7441;6
30697;1173;5
30698;5973;6
30699;2836;2
30700;8937;4
30701;6806;5
30702;7574;4
30703;6051;2
30704;4317;2
30705;3734;4
30706;3003;7
30707;7922;4
30708;3746;3
30709;1783;6
30710;5349;1
30711;5768;7
30712;3085;6
30713;8697;1
30714;2564;4
30715;6014;7
30716;5841;6
30717;1515;4
30718;6536;5
30719;2797;2
30720;3097;4
30721;4066;7
30722;1836;6
30723;8967;1
30724;5001;6
30725;1104;5
30726;4078;5
30727;4465;6
30728;6849;3
30729;4491;5
30730;1974;5
30731;8866;6
30732;6767;4
30733;4091;3
30734;6223;6
30735;8295;3
30736;8361;4
30737;6475;6
30738;4206;5
30739;3423;5
30740;8677;7
30741;5050;2
30742;8626;2
30743;5393;2
30744;4515;5
30745;1008;3
30746;2302;4
30747;2454;3
30748;3523;5
30749;5407;2
30750;3631;4
30751;8358;6
30752;4652;5
30753;2358;2
30754;6460;4
30755;8976;4
30756;7816;2
30757;7066;5
30758;1472;2
30759;4934;1
30760;5507;2
30761;6285;6
30762;1584;4
30763;2934;7
30764;2906;2
30765;5526;1
30766;1957;5
30767;5425;4
30768;5755;7
30769;3814;4
30770;2730;2
30771;8970;5
30772;7994;6
30773;5197;7
30774;2751;2
30775;4847;3
30776;1846;3
30777;7648;1
30778;4564;3
30779;4946;3
30780;8924;4
30781;6244;3
30782;8372;2
30783;6964;4
30784;3904;2
30785;5101;4
30786;3169;7
30787;1403;1
30788;6570;3
30789;2417;2
30790;2856;2
30791;2383;5
30792;4752;6
30793;6261;4
30794;7043;2
30795;3345;2
30796;5449;3
30797;1203;6
30798;8157;4
30799;2562;7
30800;2600;5
30801;8300;2
30802;5217;6
30803;7379;4
30804;3525;4
30805;2124;3
30806;4307;7
30807;7078;5
30808;7439;4
30809;1362;4
30810;2087;2
30811;8873;4
30812;5940;3
30813;1504;4
30814;4631;6
30815;5985;3
30816;8221;2
30817;8363;2
30818;6210;5
30819;8691;5
30820;8756;4
30821;4022;7
30822;3585;4
30823;4549;5
30824;2009;3
30825;7454;3
30826;2623;2
30827;8894;3
30828;3249;4
30829;3048;6
30830;6185;3
30831;5599;5
30832;7385;7
30833;2203;4
30834;1520;4
30835;8202;3
30836;1132;4
30837;8410;1
30838;6434;7
30839;6839;2
30840;5135;6
30841;8611;4
30842;5735;2
30843;1795;4
30844;5783;7
30845;6352;7
30846;5577;5
30847;1870;4
30848;2222;6
30849;3274;6
30850;3555;1
30851;6586;7
30852;6351;7
30853;3889;2
30854;7879;5
30855;8186;1
30856;7830;7
30857;4590;6
30858;5205;3
30859;1161;2
30860;3628;7
30861;6177;4
30862;8556;5
30863;8916;3
30864;1798;1
30865;1826;4
30866;8979;5
30867;3097;4
30868;2728;1
30869;1318;6
30870;2578;1
30871;6865;2
30872;3195;2
30873;8015;1
30874;5594;7
30875;8580;6
30876;8152;7
30877;4379;1
30878;8991;1
30879;2390;6
30880;8384;1
30881;5119;2
30882;3827;6
30883;1976;5
30884;3925;4
30885;2418;1
30886;6208;7
30887;7625;5
30888;6241;7
30889;6648;7
30890;6702;5
30891;4037;3
30892;7564;3
30893;3083;4
30894;7340;4
30895;3945;4
30896;1142;3
30897;6015;4
30898;2367;6
30899;8445;3
30900;6430;2
30901;4020;5
30902;8465;4
30903;3920;3
30904;5165;3
30905;2415;2
30906;2297;4
30907;6581;5
30908;1488;1
30909;6393;5
30910;6177;4
30911;3154;5
30912;2732;1
30913;5633;5
30914;7423;3
30915;1454;6
30916;4516;1
30917;3010;1
30918;6852;2
30919;6209;7
30920;7960;3
30921;2322;6
30922;4343;1
30923;8732;1
30924;7647;3
30925;2566;7
30926;6087;6
30927;7582;3
30928;1048;6
30929;7567;7
30930;1400;2
30931;4957;1
30932;3521;2
30933;5998;5
30934;3490;5
30935;8680;1
30936;5002;4
30937;3522;7
30938;7810;5
30939;8911;4
30940;7519;3
30941;5817;7
30942;8670;3
30943;4667;5
30944;7401;3
30945;2167;5
30946;4836;5
30947;2224;3
30948;3966;4
30949;5236;6
30950;8446;6
30951;4233;1
30952;4246;6
30953;2216;4
30954;4405;7
30955;3659;5
30956;6953;6
30957;5150;6
30958;5952;2
30959;8492;6
30960;6253;1
30961;3466;5
30962;8424;6
30963;5616;1
30964;2615;5
30965;8677;4
30966;3390;6
30967;2583;7
30968;2933;1
30969;4733;7
30970;5427;2
30971;2454;3
30972;2900;6
30973;4844;3
30974;5036;7
30975;5969;5
30976;2299;7
30977;8151;3
30978;6698;7
30979;8079;7
30980;8006;5
30981;4273;7
30982;8421;6
30983;1357;3
30984;5707;1
30985;5001;2
30986;4814;7
30987;6112;1
30988;5391;2
30989;5799;7
30990;5694;5
30991;7339;5
30992;6851;4
30993;3179;7
30994;3668;3
30995;2431;6
30996;5515;5
30997;5543;3
30998;6768;6
30999;1923;2
31000;8694;7
31001;4836;3
31002;1512;7
31003;3197;6
31004;5345;4
31005;5491;3
31006;2657;5
31007;6254;4
31008;2062;3
31009;6439;3
31010;7747;7
31011;1013;3
31012;1514;4
31013;8759;3
31014;8399;7
31015;8206;1
31016;4028;2
31017;1624;7
31018;1384;5
31019;8061;4
31020;2350;4
31021;1766;5
31022;6989;2
31023;2388;6
31024;3716;3
31025;5965;5
31026;1592;3
31027;8291;5
31028;3518;5
31029;5480;6
31030;2134;3
31031;3398;6
31032;6245;3
31033;5834;3
31034;5264;5
31035;3694;6
31036;1177;3
31037;6606;7
31038;8908;4
31039;8873;2
31040;4923;5
31041;8787;1
31042;4726;6
31043;8410;6
31044;8248;4
31045;7282;5
31046;2276;2
31047;8256;6
31048;6082;6
31049;1592;1
31050;1453;1
31051;5152;1
31052;7664;3
31053;8861;7
31054;4173;2
31055;5033;1
31056;4934;3
31057;7941;6
31058;4195;3
31059;8399;4
31060;7039;4
31061;2787;4
31062;8279;1
31063;5575;5
31064;5604;4
31065;8562;7
31066;6957;6
31067;8176;6
31068;2362;7
31069;1640;2
31070;4187;4
31071;7636;3
31072;3291;4
31073;6068;2
31074;7065;6
31075;5976;6
31076;8654;4
31077;8943;7
31078;3090;6
31079;8339;5
31080;1396;5
31081;3912;7
31082;3302;1
31083;7771;1
31084;2080;5
31085;8654;7
31086;2521;1
31087;6978;3
31088;3169;3
31089;1157;2
31090;5959;3
31091;8023;2
31092;5124;1
31093;4846;7
31094;6060;6
31095;7126;1
31096;2918;1
31097;2257;2
31098;6948;7
31099;3747;5
31100;1655;5
31101;6813;6
31102;2432;4
31103;5384;2
31104;6817;3
31105;4123;3
31106;5776;4
31107;7742;3
31108;2077;7
31109;6835;4
31110;3150;4
31111;4808;2
31112;4561;4
31113;2616;3
31114;3288;5
31115;7014;1
31116;6048;1
31117;3406;5
31118;6140;4
31119;2011;6
31120;8721;2
31121;1683;5
31122;8787;4
31123;4411;6
31124;1186;6
31125;8232;7
31126;8895;7
31127;3677;3
31128;6247;1
31129;8395;1
31130;8339;3
31131;6246;5
31132;3556;5
31133;7667;2
31134;7002;6
31135;7513;2
31136;1293;5
31137;3092;5
31138;3962;1
31139;7907;6
31140;6188;7
31141;1327;4
31142;6304;3
31143;1453;6
31144;5457;4
31145;1854;2
31146;3896;2
31147;8872;1
31148;6565;5
31149;4803;2
31150;4508;2
31151;7787;4
31152;1748;4
31153;5329;4
31154;2869;4
31155;8707;7
31156;8628;4
31157;1171;2
31158;6574;2
31159;1163;4
31160;2800;5
31161;3798;6
31162;4604;2
31163;8315;3
31164;1630;3
31165;5571;3
31166;1117;2
31167;1597;6
31168;7719;1
31169;3185;1
31170;7612;3
31171;7413;7
31172;5465;2
31173;1039;1
31174;6228;4
31175;4823;4
31176;6766;1
31177;1297;3
31178;7070;7
31179;5448;2
31180;3211;6
31181;5263;7
31182;1922;6
31183;5545;4
31184;4024;2
31185;4354;7
31186;3839;2
31187;6965;3
31188;3186;7
31189;8722;5
31190;6505;5
31191;2009;5
31192;2677;3
31193;6448;1
31194;2118;3
31195;5442;1
31196;7526;3
31197;5766;4
31198;4118;2
31199;1285;2
31200;5860;5
31201;3388;3
31202;8939;5
31203;8188;5
31204;6373;1
31205;4956;5
31206;5848;6
31207;4025;5
31208;8183;5
31209;5347;2
31210;7966;6
31211;3635;3
31212;5520;3
31213;6588;6
31214;1943;4
31215;7212;2
31216;3643;2
31217;7104;2
31218;1690;6
31219;4709;4
31220;2852;5
31221;1458;4
31222;4656;1
31223;8783;2
31224;4788;2
31225;7534;7
31226;6135;3
31227;6369;5
31228;5259;2
31229;7057;4
31230;8429;5
31231;2733;3
31232;1926;7
31233;4276;3
31234;2387;6
31235;3103;7
31236;5595;2
31237;4224;4
31238;2657;6
31239;7988;6
31240;1264;4
31241;8695;5
31242;5460;1
31243;5541;7
31244;2861;1
31245;2878;2
31246;8987;2
31247;6160;7
31248;8374;1
31249;4306;7
31250;1925;5
31251;3287;3
31252;3683;7
31253;1174;7
31254;1249;6
31255;5650;6
31256;3437;6
31257;3799;1
31258;5454;2
31259;3811;6
31260;1730;4
31261;1043;6
31262;6060;5
31263;7933;6
31264;2028;5
31265;2821;6
31266;2376;6
31267;4144;5
31268;5488;2
31269;2598;2
31270;4312;6
31271;1415;6
31272;4246;2
31273;6260;5
31274;5175;5
31275;1582;6
31276;3958;5
31277;8205;3
31278;6579;3
31279;2498;6
31280;3467;7
31281;7962;1
31282;4089;5
31283;5521;6
31284;3457;7
31285;8893;2
31286;4912;3
31287;8241;2
31288;3925;7
31289;6828;1
31290;1550;7
31291;4188;7
31292;6223;3
31293;8960;3
31294;3353;1
31295;7554;6
31296;1040;5
31297;6133;6
31298;6511;1
31299;4585;7
31300;3794;6
31301;1060;2
31302;3504;4
31303;6472;7
31304;8289;5
31305;6782;1
31306;4894;6
31307;5806;1
31308;3498;2
31309;5397;7
31310;4491;1
31311;5362;2
31312;4256;7
31313;7697;5
31314;1902;1
31315;8408;1
31316;3328;3
31317;2370;7
31318;4826;4
31319;4066;2
31320;7115;2
31321;6528;7
31322;7054;6
31323;2754;2
31324;3849;5
31325;6125;4
31326;2795;2
31327;6799;7
31328;8377;2
31329;8862;7
31330;8194;1
31331;5598;5
31332;4266;1
31333;8097;5
31334;3238;2
31335;2622;6
31336;7507;7
31337;6046;6
31338;2498;6
31339;4284;6
31340;6636;6
31341;3892;7
31342;3528;2
31343;5190;3
31344;2104;3
31345;3315;1
31346;8861;4
31347;6925;6
31348;8598;4
31349;6428;6
31350;1352;3
31351;3705;6
31352;6268;6
31353;5905;5
31354;1872;2
31355;1717;3
31356;1313;5
31357;5404;1
31358;8656;3
31359;2220;2
31360;8990;1
31361;2740;1
31362;5263;6
31363;6128;6
31364;4754;1
31365;1974;1
31366;8588;7
31367;8110;5
31368;2423;4
31369;5801;6
31370;1709;1
31371;3423;7
31372;5803;4
31373;2721;7
31374;7987;5
31375;7881;6
31376;4052;2
31377;4880;5
31378;7107;6
31379;8405;6
31380;4483;5
31381;1684;5
31382;1537;4
31383;6451;3
31384;7540;5
31385;1684;1
31386;8776;3
31387;6106;5
31388;2379;6
31389;5558;1
31390;4717;6
31391;3300;7
31392;4364;7
31393;4012;4
31394;6638;6
31395;4599;6
31396;2966;7
31397;7850;4
31398;1588;3
31399;5378;7
31400;6837;3
31401;5295;1
31402;7184;6
31403;2836;1
31404;8098;4
31405;3104;5
31406;1229;7
31407;8504;6
31408;1104;4
31409;1378;6
31410;4607;2
31411;7315;7
31412;4731;3
31413;2989;7
31414;2537;6
31415;1166;5
31416;4113;4
31417;8417;7
31418;5988;5
31419;8313;4
31420;1176;5
31421;5805;6
31422;1649;6
31423;6480;5
31424;7345;6
31425;4420;6
31426;1894;6
31427;1699;1
31428;7277;7
31429;6197;1
31430;6832;3
31431;2157;3
31432;6547;2
31433;7164;2
31434;3452;4
31435;4870;3
31436;4502;7
31437;7179;4
31438;2982;1
31439;5593;2
31440;8655;6
31441;2919;7
31442;3804;4
31443;1455;1
31444;1912;1
31445;6196;2
31446;5196;4
31447;1660;5
31448;7092;1
31449;2166;1
31450;6431;4
31451;6436;2
31452;8294;4
31453;1578;3
31454;1978;5
31455;8976;7
31456;4808;5
31457;4525;1
31458;1636;5
31459;1326;2
31460;6292;5
31461;4235;2
31462;4071;6
31463;3188;7
31464;5506;5
31465;5125;4
31466;5933;5
31467;4815;7
31468;4366;3
31469;2213;6
31470;4469;1
31471;3679;2
31472;7287;6
31473;2671;3
31474;7322;6
31475;8229;4
31476;6220;7
31477;8834;2
31478;5396;6
31479;8462;6
31480;4671;7
31481;7717;7
31482;3374;1
31483;5768;2
31484;6309;1
31485;3093;2
31486;6448;3
31487;5247;4
31488;1766;2
31489;1627;3
31490;2791;2
31491;6550;4
31492;1904;3
31493;3775;4
31494;1165;3
31495;8704;5
31496;6260;7
31497;2875;6
31498;1423;6
31499;7077;1
31500;5054;1
31501;6580;2
31502;7154;2
31503;5596;3
31504;2040;4
31505;7311;6
31506;1969;7
31507;6111;3
31508;1815;7
31509;5250;6
31510;1964;5
31511;1745;6
31512;8275;6
31513;6777;5
31514;2092;7
31515;5339;4
31516;5936;2
31517;5658;1
31518;2954;6
31519;5003;4
31520;6147;6
31521;1928;4
31522;6961;1
31523;2539;4
31524;7545;1
31525;1027;6
31526;4656;6
31527;8778;5
31528;7771;2
31529;8739;5
31530;8765;4
31531;6068;2
31532;4451;7
31533;1546;1
31534;1288;3
31535;5500;2
31536;4698;5
31537;6795;2
31538;5113;1
31539;2015;1
31540;2952;7
31541;7469;2
31542;5423;6
31543;5000;5
31544;4996;7
31545;1431;3
31546;4191;7
31547;6253;7
31548;6513;5
31549;8157;3
31550;4963;1
31551;3971;7
31552;7127;6
31553;1871;6
31554;5416;5
31555;4267;5
31556;2535;7
31557;2923;4
31558;7172;7
31559;5716;1
31560;2579;4
31561;4323;3
31562;1057;7
31563;3663;3
31564;3419;5
31565;1145;1
31566;2515;4
31567;1056;2
31568;6206;6
31569;3807;2
31570;8034;2
31571;7973;4
31572;1196;1
31573;3531;5
31574;1164;3
31575;6745;5
31576;3119;4
31577;5827;6
31578;5287;1
31579;4153;4
31580;5200;6
31581;2500;3
31582;7654;5
31583;8494;1
31584;2019;2
31585;8149;7
31586;1068;5
31587;4573;6
31588;7019;3
31589;1949;5
31590;3848;7
31591;4324;1
31592;6356;6
31593;4547;3
31594;2688;1
31595;4800;1
31596;4401;3
31597;6906;2
31598;5426;5
31599;1320;6
31600;3374;7
31601;2314;7
31602;1968;7
31603;6273;2
31604;8310;5
31605;1652;2
31606;3863;5
31607;4165;6
31608;2507;5
31609;7826;7
31610;1062;3
31611;7101;2
31612;5146;4
31613;1330;1
31614;8941;1
31615;1588;2
31616;6802;5
31617;7074;3
31618;8623;3
31619;5429;2
31620;6307;1
31621;1876;4
31622;5380;7
31623;2692;6
31624;3528;6
31625;8341;7
31626;2121;2
31627;7148;4
31628;3180;7
31629;2857;6
31630;4238;2
31631;6093;3
31632;2123;4
31633;6963;3
31634;3597;2
31635;3118;5
31636;5967;1
31637;2873;2
31638;1660;4
31639;5073;1
31640;3410;6
31641;1949;2
31642;8367;4
31643;5782;7
31644;4047;1
31645;2885;1
31646;3403;3
31647;3021;1
31648;4944;1
31649;5128;7
31650;5402;4
31651;1099;5
31652;1115;6
31653;2372;1
31654;7913;6
31655;5741;3
31656;6334;6
31657;7248;3
31658;4349;2
31659;1905;1
31660;3180;2
31661;7976;4
31662;2896;2
31663;3569;2
31664;2861;3
31665;8455;2
31666;8156;3
31667;2136;4
31668;7101;6
31669;1505;3
31670;3926;2
31671;5271;6
31672;2277;7
31673;6169;6
31674;4342;6
31675;1949;6
31676;5530;4
31677;7676;5
31678;5736;2
31679;2209;7
31680;5574;4
31681;3236;4
31682;6258;3
31683;1210;5
31684;3552;2
31685;6092;7
31686;7731;7
31687;1297;6
31688;2188;5
31689;1610;4
31690;8704;6
31691;5019;2
31692;6980;1
31693;5371;5
31694;1604;4
31695;5170;7
31696;4931;5
31697;4656;2
31698;8901;4
31699;6717;7
31700;8173;7
31701;4211;7
31702;6798;3
31703;6283;1
31704;4828;1
31705;1498;2
31706;7646;2
31707;2243;6
31708;2957;6
31709;2367;7
31710;7034;3
31711;2796;6
31712;7918;2
31713;1729;7
31714;2641;5
31715;5774;5
31716;5284;1
31717;7890;5
31718;3324;1
31719;5489;6
31720;8925;2
31721;6340;3
31722;5749;4
31723;3423;7
31724;7226;1
31725;8502;7
31726;8821;6
31727;5384;1
31728;1270;2
31729;1508;3
31730;8718;4
31731;3767;7
31732;5580;4
31733;7999;4
31734;6046;4
31735;7892;2
31736;7162;7
31737;1518;3
31738;3581;1
31739;8786;5
31740;1307;5
31741;5212;5
31742;4041;7
31743;5241;6
31744;4367;5
31745;6594;5
31746;5679;7
31747;4097;2
31748;4942;1
31749;5603;6
31750;5449;4
31751;6626;4
31752;6981;6
31753;8445;3
31754;2261;4
31755;6974;6
31756;7717;1
31757;5995;4
31758;3735;6
31759;1329;4
31760;1577;1
31761;7044;4
31762;3360;2
31763;8204;6
31764;6582;4
31765;7788;1
31766;8782;6
31767;1368;6
31768;5637;2
31769;7975;2
31770;7130;1
31771;4463;1
31772;1629;7
31773;1091;6
31774;2588;5
31775;8391;4
31776;7558;3
31777;6867;6
31778;3024;5
31779;2351;1
31780;8706;4
31781;2606;2
31782;2124;4
31783;1824;5
31784;5516;3
31785;6917;4
31786;4537;7
31787;3919;5
31788;1449;2
31789;8400;4
31790;8752;1
31791;5082;2
31792;4370;2
31793;6686;4
31794;5647;5
31795;1973;4
31796;2826;4
31797;2421;4
31798;2076;3
31799;7776;1
31800;7377;1
31801;7875;7
31802;2183;6
31803;4797;3
31804;6627;2
31805;2436;6
31806;5807;3
31807;7934;1
31808;3004;7
31809;2141;3
31810;2769;7
31811;6124;2
31812;3120;1
31813;5955;6
31814;8248;1
31815;2222;6
31816;1571;3
31817;3045;7
31818;1439;6
31819;3720;7
31820;1816;2
31821;7592;2
31822;3004;2
31823;3867;1
31824;5257;2
31825;8817;3
31826;3793;5
31827;8277;2
31828;8944;7
31829;3650;7
31830;4296;5
31831;4894;2
31832;3122;4
31833;8103;3
31834;2110;5
31835;4045;3
31836;8682;3
31837;7022;7
31838;2616;7
31839;1105;1
31840;2312;7
31841;1291;4
31842;8308;6
31843;3240;6
31844;7189;2
31845;4955;3
31846;6332;1
31847;1564;2
31848;6743;1
31849;5668;4
31850;7367;7
31851;7311;4
31852;6262;6
31853;1079;7
31854;4353;7
31855;8117;3
31856;5014;1
31857;4059;1
31858;6594;3
31859;6389;5
31860;8704;6
31861;3698;1
31862;1658;4
31863;5091;6
31864;7010;4
31865;3871;7
31866;6170;5
31867;5493;5
31868;7216;5
31869;7677;3
31870;3184;3
31871;2875;4
31872;3954;2
31873;5504;3
31874;2325;1
31875;7542;3
31876;6329;1
31877;7541;2
31878;8862;2
31879;3985;7
31880;3342;4
31881;5099;1
31882;2750;3
31883;3951;2
31884;6968;4
31885;8860;6
31886;7757;1
31887;4818;7
31888;2052;4
31889;6204;4
31890;4267;3
31891;3780;6
31892;4188;5
31893;7860;6
31894;1966;7
31895;2358;7
31896;7614;7
31897;4682;7
31898;5827;7
31899;5610;5
31900;3865;3
31901;8171;2
31902;2382;4
31903;5338;3
31904;3684;1
31905;5878;7
31906;4455;5
31907;8409;3
31908;3152;2
31909;5943;4
31910;5961;3
31911;1650;2
31912;2537;6
31913;5827;3
31914;7777;2
31915;4099;4
31916;7039;6
31917;5586;2
31918;2986;1
31919;5912;7
31920;6797;7
31921;3519;2
31922;7047;5
31923;4772;3
31924;5821;5
31925;8613;7
31926;5831;3
31927;1529;7
31928;4046;4
31929;6670;6
31930;6136;7
31931;4710;7
31932;7050;1
31933;4754;6
31934;6977;1
31935;6036;2
31936;6347;2
31937;8121;4
31938;2436;2
31939;2934;3
31940;6372;5
31941;3421;2
31942;4299;6
31943;8028;4
31944;3468;4
31945;1938;1
31946;2149;2
31947;6172;2
31948;6826;7
31949;1010;5
31950;5979;6
31951;1967;5
31952;4485;4
31953;6019;6
31954;3544;2
31955;2980;5
31956;6006;4
31957;4028;5
31958;1280;5
31959;8170;6
31960;5401;5
31961;1024;3
31962;6610;7
31963;7455;6
31964;5815;5
31965;7561;2
31966;6098;3
31967;1257;4
31968;1029;2
31969;8922;2
31970;3541;6
31971;6150;5
31972;4261;4
31973;1920;3
31974;1117;1
31975;4986;5
31976;1510;3
31977;5419;4
31978;2493;3
31979;3476;2
31980;1927;6
31981;3889;2
31982;3723;2
31983;4034;6
31984;5373;3
31985;1464;7
31986;2317;1
31987;2868;2
31988;6548;6
31989;1952;6
31990;2333;6
31991;4167;2
31992;4821;7
31993;7097;3
31994;7439;6
31995;6684;7
31996;2608;4
31997;2100;4
31998;5366;4
31999;7632;1
32000;6999;2
32001;4732;3
32002;7264;4
32003;4584;2
32004;8430;5
32005;3754;6
32006;2962;3
32007;2812;1
32008;7105;2
32009;5105;4
32010;5059;3
32011;8214;1
32012;7298;2
32013;3086;3
32014;6060;5
32015;4790;3
32016;6039;7
32017;7466;5
32018;4968;1
32019;3830;4
32020;2769;4
32021;6326;5
32022;1419;6
32023;6003;6
32024;2479;4
32025;2692;6
32026;1082;2
32027;7986;1
32028;6182;7
32029;5932;6
32030;1916;1
32031;7966;7
32032;6416;2
32033;8837;1
32034;7858;6
32035;4314;3
32036;7261;2
32037;8782;1
32038;5884;6
32039;4453;4
32040;7349;1
32041;1349;2
32042;1261;1
32043;2894;2
32044;5268;7
32045;4884;3
32046;8360;1
32047;3228;5
32048;4954;2
32049;4157;1
32050;8603;3
32051;4217;4
32052;1243;3
32053;7961;1
32054;8839;1
32055;5468;2
32056;1748;7
32057;8455;4
32058;7486;4
32059;7734;4
32060;4471;2
32061;6509;2
32062;2159;3
32063;1252;5
32064;5445;2
32065;4568;5
32066;6574;7
32067;2452;1
32068;5633;5
32069;7596;4
32070;5050;2
32071;6778;2
32072;3165;7
32073;1113;3
32074;1640;3
32075;5112;4
32076;5673;5
32077;2744;6
32078;2994;6
32079;8727;2
32080;4944;1
32081;1157;6
32082;3039;5
32083;4278;7
32084;6042;1
32085;4097;1
32086;3514;3
32087;2421;7
32088;7698;2
32089;6208;4
32090;6025;6
32091;1384;6
32092;3193;3
32093;5546;6
32094;1959;3
32095;8373;6
32096;2172;1
32097;8067;1
32098;7809;7
32099;8803;4
32100;3483;2
32101;2489;3
32102;4037;3
32103;4298;2
32104;3578;3
32105;7041;6
32106;6014;3
32107;4068;3
32108;3900;1
32109;6446;6
32110;5405;3
32111;8744;7
32112;2508;5
32113;1997;6
32114;6420;4
32115;4889;6
32116;4191;1
32117;7945;4
32118;4028;2
32119;5406;2
32120;3210;5
32121;3631;6
32122;1592;1
32123;2839;6
32124;4431;6
32125;3397;7
32126;1264;3
32127;8253;2
32128;1117;2
32129;6559;2
32130;7483;2
32131;6268;7
32132;1580;1
32133;2170;7
32134;7997;4
32135;6393;2
32136;7941;4
32137;4643;2
32138;3349;2
32139;3923;4
32140;5894;7
32141;2208;7
32142;1856;4
32143;3905;3
32144;7199;7
32145;5747;6
32146;6438;7
32147;5166;4
32148;5860;3
32149;4129;2
32150;5369;7
32151;5140;4
32152;3770;1
32153;4002;4
32154;2330;2
32155;6109;2
32156;8668;3
32157;4015;7
32158;7707;4
32159;2771;7
32160;3615;5
32161;7556;5
32162;6293;5
32163;8831;1
32164;3051;3
32165;2056;6
32166;5990;2
32167;7802;3
32168;3046;7
32169;5238;7
32170;4584;2
32171;5296;7
32172;7543;6
32173;1809;3
32174;6365;6
32175;6312;7
32176;8410;3
32177;1749;5
32178;3971;6
32179;1037;6
32180;4046;5
32181;7183;1
32182;8409;2
32183;8392;1
32184;2953;2
32185;2365;5
32186;4813;5
32187;7161;3
32188;2266;5
32189;8106;6
32190;8398;3
32191;1056;1
32192;3476;6
32193;4533;2
32194;5210;6
32195;3061;3
32196;3945;2
32197;7750;4
32198;6236;3
32199;4256;2
32200;3908;6
32201;1906;5
32202;7039;7
32203;7148;1
32204;2513;1
32205;1646;6
32206;4093;3
32207;6504;5
32208;7323;2
32209;3745;4
32210;6403;6
32211;6623;6
32212;7701;1
32213;4763;7
32214;3107;7
32215;4024;5
32216;6091;1
32217;4142;5
32218;1005;6
32219;7507;3
32220;3359;4
32221;3874;4
32222;8002;4
32223;5824;2
32224;6344;2
32225;5643;5
32226;4748;2
32227;8471;3
32228;3682;1
32229;6867;7
32230;7159;2
32231;3121;2
32232;8372;1
32233;4507;6
32234;1805;5
32235;1698;3
32236;3124;7
32237;7879;6
32238;6353;1
32239;6242;4
32240;5448;3
32241;7098;6
32242;5353;7
32243;6960;3
32244;6399;4
32245;7986;3
32246;7081;6
32247;1188;1
32248;4471;6
32249;6366;1
32250;8311;3
32251;7452;7
32252;7030;2
32253;2311;5
32254;5853;6
32255;5472;7
32256;4867;5
32257;1177;3
32258;7725;6
32259;1746;6
32260;4703;1
32261;5309;3
32262;6179;7
32263;5120;1
32264;2499;2
32265;1998;4
32266;2737;2
32267;3199;4
32268;2901;7
32269;2888;3
32270;7002;1
32271;7323;1
32272;2279;2
32273;3722;6
32274;7552;6
32275;2152;4
32276;2176;2
32277;8902;3
32278;1062;5
32279;1770;5
32280;8146;6
32281;6813;2
32282;1770;1
32283;2857;7
32284;4722;2
32285;2553;1
32286;1043;6
32287;3622;1
32288;8081;5
32289;2094;5
32290;5541;7
32291;8973;6
32292;6133;6
32293;7200;5
32294;6701;7
32295;7158;4
32296;8795;5
32297;2240;5
32298;7196;4
32299;4490;1
32300;2518;2
32301;8686;1
32302;5101;4
32303;7535;2
32304;4586;3
32305;8690;4
32306;4677;4
32307;1249;4
32308;8199;4
32309;1982;3
32310;4888;7
32311;6896;5
32312;4460;3
32313;7784;6
32314;2909;5
32315;2284;4
32316;2559;7
32317;8735;7
32318;8366;4
32319;5913;5
32320;7832;5
32321;6825;5
32322;7972;7
32323;1263;1
32324;7793;4
32325;6892;2
32326;5463;5
32327;4960;6
32328;1653;3
32329;7660;3
32330;2386;2
32331;8794;2
32332;5037;2
32333;3268;6
32334;7000;1
32335;6156;5
32336;3464;7
32337;7162;2
32338;8153;1
32339;1394;6
32340;4001;4
32341;8219;3
32342;7645;7
32343;8476;3
32344;6562;3
32345;4810;1
32346;7665;7
32347;5350;2
32348;4901;4
32349;2798;1
32350;6664;1
32351;2452;3
32352;7456;7
32353;3655;5
32354;5253;7
32355;2952;6
32356;1527;1
32357;4136;6
32358;1930;1
32359;1967;4
32360;5240;3
32361;3581;2
32362;1234;7
32363;1567;3
32364;3621;1
32365;7168;1
32366;5736;5
32367;6490;5
32368;5157;6
32369;7877;4
32370;2022;5
32371;5703;1
32372;5787;4
32373;1900;1
32374;8176;3
32375;8383;2
32376;6396;4
32377;5942;1
32378;3232;6
32379;4571;5
32380;5590;7
32381;4492;7
32382;2780;6
32383;4240;7
32384;2234;5
32385;4278;5
32386;5209;4
32387;2192;1
32388;5300;4
32389;2115;5
32390;4751;4
32391;8157;3
32392;1733;7
32393;7921;2
32394;8528;4
32395;5481;5
32396;7658;2
32397;3620;7
32398;3392;1
32399;2362;4
32400;4645;1
32401;2843;4
32402;6902;5
32403;1251;6
32404;8911;6
32405;1316;4
32406;4679;3
32407;1572;7
32408;6331;3
32409;3235;3
32410;4203;4
32411;3737;6
32412;4484;3
32413;6387;7
32414;4888;2
32415;7785;5
32416;4001;2
32417;5547;6
32418;2538;2
32419;5650;6
32420;8595;1
32421;1464;5
32422;8429;6
32423;4926;5
32424;6951;7
32425;5921;2
32426;1286;4
32427;4178;5
32428;8598;1
32429;3362;2
32430;8792;2
32431;5767;6
32432;8045;7
32433;2835;6
32434;7050;5
32435;6931;4
32436;2454;4
32437;7672;3
32438;4803;6
32439;6234;6
32440;4386;3
32441;5240;2
32442;2537;3
32443;7941;3
32444;7797;6
32445;1969;6
32446;1355;1
32447;7316;7
32448;2820;1
32449;8118;3
32450;8688;1
32451;2906;7
32452;6734;3
32453;6296;4
32454;6810;7
32455;7500;6
32456;6346;4
32457;1026;2
32458;7898;6
32459;3478;4
32460;6401;4
32461;2466;3
32462;7952;1
32463;1552;7
32464;5162;5
32465;8853;7
32466;8894;1
32467;8078;6
32468;5985;3
32469;8110;7
32470;2255;4
32471;2486;6
32472;5551;3
32473;4033;2
32474;7769;4
32475;6867;6
32476;5145;3
32477;5840;1
32478;2127;6
32479;2055;4
32480;7629;6
32481;5416;4
32482;8259;1
32483;4752;7
32484;7453;4
32485;3001;4
32486;2900;5
32487;4432;3
32488;1573;6
32489;7291;7
32490;2736;6
32491;3754;2
32492;2291;1
32493;3309;6
32494;7234;3
32495;4901;1
32496;5020;3
32497;4328;3
32498;1934;3
32499;1032;1
32500;1637;4
32501;8056;5
32502;4995;7
32503;4870;4
32504;8113;7
32505;4244;5
32506;4923;6
32507;2015;3
32508;4074;5
32509;4204;3
32510;5017;6
32511;8976;6
32512;1201;7
32513;7420;7
32514;5217;6
32515;1424;4
32516;4128;5
32517;3122;4
32518;8600;7
32519;4223;3
32520;4009;7
32521;5866;4
32522;6173;3
32523;1830;4
32524;1706;4
32525;3954;4
32526;4781;7
32527;6951;3
32528;3900;1
32529;5617;2
32530;5717;3
32531;3403;4
32532;5054;3
32533;2894;5
32534;4135;1
32535;7910;5
32536;1642;7
32537;8944;4
32538;1880;3
32539;2362;6
32540;3581;5
32541;3598;4
32542;5442;4
32543;3636;2
32544;2496;2
32545;6518;6
32546;1941;6
32547;8299;2
32548;5939;1
32549;4369;4
32550;3640;4
32551;7952;2
32552;6627;1
32553;4025;4
32554;5764;4
32555;5064;1
32556;7836;3
32557;6021;4
32558;2222;3
32559;3708;4
32560;3383;2
32561;5123;2
32562;1701;5
32563;4757;7
32564;6092;5
32565;2631;2
32566;8919;2
32567;8932;5
32568;1953;1
32569;8116;7
32570;2625;4
32571;4765;1
32572;6553;1
32573;4096;5
32574;8088;6
32575;5683;4
32576;4691;3
32577;1644;2
32578;1676;6
32579;5990;1
32580;2987;1
32581;3396;2
32582;8821;7
32583;8786;6
32584;7894;4
32585;2295;7
32586;7328;4
32587;2287;5
32588;6074;1
32589;7237;4
32590;6370;1
32591;1418;3
32592;6322;1
32593;1834;5
32594;4344;7
32595;1294;3
32596;6749;5
32597;7571;4
32598;7203;5
32599;2248;2
32600;2423;1
32601;2904;7
32602;5555;1
32603;8880;4
32604;7107;3
32605;6426;4
32606;6206;5
32607;2796;1
32608;5318;6
32609;2409;5
32610;7021;3
32611;3781;5
32612;5046;4
32613;5699;6
32614;4677;1
32615;2417;1
32616;1808;6
32617;7056;3
32618;8443;1
32619;4207;6
32620;4105;1
32621;2292;2
32622;7639;7
32623;2013;6
32624;7772;5
32625;3165;3
32626;8620;5
32627;7915;4
32628;4029;7
32629;2327;7
32630;8607;1
32631;1245;5
32632;8997;2
32633;8654;6
32634;6652;2
32635;4278;7
32636;2863;7
32637;2552;4
32638;2918;3
32639;1548;4
32640;5201;3
32641;4850;6
32642;1716;1
32643;8518;6
32644;2503;2
32645;3718;4
32646;2832;5
32647;8942;6
32648;5363;7
32649;4253;1
32650;8701;2
32651;3911;5
32652;2557;7
32653;5583;1
32654;8211;7
32655;4037;5
32656;3000;2
32657;8353;6
32658;4414;5
32659;7540;5
32660;1825;6
32661;1236;1
32662;5913;3
32663;5159;1
32664;8186;5
32665;5955;5
32666;8335;3
32667;6515;3
32668;4296;6
32669;7768;7
32670;5564;3
32671;1314;6
32672;8985;7
32673;4099;2
32674;4717;4
32675;5536;6
32676;5484;5
32677;4669;3
32678;1843;1
32679;8562;4
32680;5585;6
32681;2114;3
32682;2074;3
32683;5469;7
32684;1209;5
32685;2409;7
32686;2549;7
32687;8030;7
32688;2795;5
32689;3108;4
32690;2100;2
32691;1848;1
32692;3701;4
32693;7353;2
32694;7156;5
32695;3294;1
32696;1503;3
32697;5332;5
32698;4653;2
32699;3536;2
32700;3941;5
32701;2212;5
32702;8892;7
32703;6593;2
32704;1819;7
32705;7936;2
32706;6368;2
32707;8902;6
32708;4374;2
32709;5426;7
32710;6844;3
32711;8009;2
32712;8541;5
32713;8255;7
32714;3503;1
32715;2725;1
32716;2183;7
32717;5408;7
32718;2838;2
32719;7390;7
32720;8367;7
32721;8993;3
32722;2305;1
32723;2581;7
32724;7231;4
32725;6993;2
32726;6553;7
32727;7001;1
32728;1702;5
32729;8069;6
32730;2012;7
32731;4785;1
32732;5915;7
32733;8872;1
32734;4438;4
32735;5907;1
32736;7507;2
32737;7809;2
32738;8718;4
32739;4237;5
32740;2548;5
32741;8079;1
32742;2880;1
32743;5191;5
32744;4648;5
32745;3540;3
32746;3829;4
32747;1375;6
32748;2659;2
32749;1077;1
32750;6200;5
32751;6807;3
32752;8097;7
32753;3083;7
32754;3217;3
32755;8546;6
32756;4085;7
32757;6208;4
32758;5294;5
32759;2963;6
32760;4800;1
32761;4564;2
32762;8032;5
32763;6054;5
32764;6302;2
32765;2506;2
32766;6760;7
32767;1835;7
32768;5343;6
32769;7515;1
32770;5293;6
32771;6934;4
32772;7084;6
32773;8287;2
32774;3719;7
32775;5440;4
32776;6398;5
32777;5730;3
32778;8148;7
32779;5126;7
32780;5204;4
32781;5929;2
32782;2319;4
32783;3955;6
32784;7179;3
32785;7075;7
32786;4904;6
32787;7661;4
32788;4023;5
32789;1063;1
32790;5882;7
32791;1557;1
32792;1993;4
32793;2945;5
32794;3910;1
32795;2729;7
32796;6309;6
32797;5624;7
32798;3964;4
32799;6839;4
32800;5290;1
32801;8470;1
32802;8829;7
32803;7893;1
32804;4590;3
32805;3007;3
32806;6004;2
32807;8317;1
32808;8562;2
32809;7465;7
32810;4864;1
32811;5909;3
32812;8706;1
32813;3089;6
32814;7576;2
32815;3433;6
32816;2705;5
32817;2383;5
32818;2349;5
32819;3524;4
32820;1425;1
32821;1057;7
32822;8892;3
32823;2065;5
32824;2284;3
32825;2885;5
32826;5165;3
32827;8972;4
32828;7105;2
32829;5337;7
32830;3759;6
32831;7138;1
32832;8891;2
32833;6983;1
32834;7726;6
32835;2077;4
32836;5690;4
32837;3328;6
32838;3181;4
32839;6507;4
32840;4587;6
32841;5321;4
32842;8494;7
32843;4202;1
32844;5235;7
32845;1352;5
32846;1802;7
32847;4514;3
32848;1746;1
32849;6660;6
32850;3670;7
32851;4568;2
32852;2879;2
32853;1873;5
32854;3536;1
32855;8576;2
32856;3994;4
32857;6348;7
32858;4753;3
32859;5493;1
32860;5545;1
32861;3533;3
32862;6255;5
32863;1137;5
32864;7283;3
32865;4102;6
32866;3350;1
32867;8766;1
32868;7259;1
32869;6679;5
32870;1386;6
32871;6112;5
32872;3256;3
32873;3394;6
32874;7916;6
32875;3798;1
32876;7799;1
32877;7179;1
32878;4988;3
32879;3747;5
32880;7983;7
32881;3341;1
32882;2508;6
32883;7548;3
32884;7909;6
32885;3634;3
32886;6016;1
32887;4949;2
32888;4298;1
32889;4188;7
32890;3142;3
32891;5915;7
32892;4598;5
32893;2241;3
32894;8829;1
32895;8067;4
32896;8051;3
32897;4972;3
32898;5531;3
32899;5949;2
32900;4473;6
32901;8258;2
32902;5557;6
32903;3599;3
32904;2695;6
32905;2506;5
32906;2365;7
32907;6386;5
32908;3370;3
32909;3784;1
32910;2440;4
32911;1948;1
32912;3384;3
32913;8250;5
32914;5771;1
32915;8759;6
32916;3275;4
32917;7899;4
32918;7483;1
32919;8024;7
32920;7338;7
32921;6178;7
32922;6506;1
32923;1898;4
32924;6216;5
32925;1126;5
32926;8672;2
32927;4089;1
32928;8312;6
32929;1347;3
32930;4221;6
32931;2855;7
32932;1775;1
32933;8427;1
32934;5199;3
32935;6839;2
32936;2130;6
32937;6129;5
32938;8112;5
32939;6074;7
32940;5488;5
32941;5318;2
32942;1623;3
32943;1411;1
32944;5169;1
32945;8150;7
32946;8037;6
32947;4219;5
32948;6175;2
32949;1129;6
32950;6060;3
32951;6111;2
32952;8897;7
32953;1211;2
32954;4892;6
32955;6165;3
32956;1511;1
32957;5467;5
32958;5527;6
32959;3957;3
32960;7500;4
32961;3352;6
32962;1525;6
32963;1120;5
32964;7227;6
32965;6162;2
32966;3049;6
32967;1650;2
32968;1763;2
32969;6661;6
32970;5551;4
32971;1188;5
32972;2827;2
32973;3284;3
32974;1887;2
32975;1321;1
32976;4102;3
32977;3106;1
32978;1958;4
32979;6109;6
32980;8062;4
32981;5427;1
32982;3061;7
32983;3928;1
32984;5234;3
32985;5458;1
32986;2422;2
32987;1359;3
32988;1995;5
32989;7137;4
32990;3730;7
32991;3797;5
32992;1366;3
32993;1807;4
32994;5343;6
32995;4367;1
32996;4656;4
32997;2797;5
32998;6058;6
32999;1256;1
33000;8363;6
33001;4410;5
33002;5977;2
33003;6372;6
33004;1269;6
33005;7543;6
33006;2493;4
33007;6402;7
33008;8778;5
33009;1672;4
33010;5391;6
33011;8877;3
33012;4800;7
33013;5726;2
33014;1013;5
33015;8959;3
33016;6815;6
33017;4213;7
33018;1918;5
33019;3952;4
33020;1460;3
33021;6886;3
33022;1454;3
33023;1015;1
33024;6822;2
33025;8478;2
33026;5927;6
33027;8918;6
33028;7439;2
33029;5356;7
33030;7179;7
33031;4768;7
33032;4502;5
33033;1698;4
33034;7542;6
33035;8692;1
33036;6513;6
33037;6307;4
33038;4598;5
33039;2324;4
33040;6359;5
33041;2597;3
33042;5908;1
33043;4425;2
33044;7401;5
33045;7618;1
33046;4710;4
33047;1280;5
33048;2524;5
33049;2163;4
33050;6082;5
33051;6796;6
33052;2132;4
33053;6715;5
33054;7861;7
33055;1096;3
33056;6093;5
33057;7614;3
33058;8574;7
33059;8670;7
33060;3310;6
33061;1745;4
33062;5160;2
33063;7828;6
33064;6540;1
33065;8329;1
33066;4288;3
33067;3007;4
33068;1248;5
33069;7669;7
33070;6663;5
33071;4983;4
33072;6946;2
33073;8649;5
33074;6873;6
33075;8036;6
33076;3831;6
33077;5987;7
33078;7636;3
33079;6024;4
33080;3779;7
33081;3483;5
33082;1462;6
33083;4395;7
33084;8775;7
33085;4984;3
33086;2853;7
33087;2465;3
33088;1758;2
33089;6610;6
33090;4089;5
33091;4876;4
33092;7532;6
33093;3383;4
33094;8331;5
33095;3318;5
33096;3567;5
33097;5268;2
33098;5844;1
33099;1453;6
33100;5547;6
33101;8299;6
33102;5579;6
33103;8456;3
33104;5601;6
33105;2548;7
33106;7571;4
33107;5886;5
33108;2581;7
33109;5747;7
33110;1289;5
33111;4757;7
33112;5042;3
33113;5902;2
33114;3386;1
33115;4260;7
33116;6844;2
33117;1991;2
33118;2575;7
33119;4109;3
33120;5075;1
33121;1498;2
33122;4501;5
33123;5269;2
33124;5233;4
33125;5965;5
33126;8554;3
33127;8102;6
33128;7097;5
33129;6342;7
33130;1304;6
33131;5117;1
33132;7971;4
33133;1251;2
33134;1689;7
33135;4188;2
33136;4381;5
33137;5898;5
33138;2064;4
33139;4344;6
33140;8750;2
33141;4322;3
33142;1943;3
33143;4646;1
33144;3614;7
33145;3101;6
33146;6079;7
33147;8542;3
33148;7026;6
33149;6650;4
33150;6423;2
33151;3616;3
33152;2531;6
33153;3110;1
33154;1813;6
33155;2540;5
33156;8836;7
33157;5668;6
33158;4274;4
33159;5901;3
33160;5881;5
33161;8633;2
33162;4736;1
33163;3386;6
33164;8001;2
33165;8500;7
33166;1211;4
33167;7216;3
33168;4395;7
33169;2795;5
33170;6809;2
33171;8134;7
33172;3927;3
33173;6208;3
33174;1434;7
33175;4071;7
33176;2095;6
33177;5545;1
33178;7657;6
33179;4485;4
33180;2319;3
33181;2834;7
33182;5010;6
33183;2283;5
33184;4055;7
33185;1925;7
33186;1690;3
33187;7384;4
33188;4228;7
33189;1760;1
33190;4392;7
33191;7443;1
33192;8641;1
33193;3161;6
33194;5571;2
33195;7391;3
33196;2911;2
33197;7550;6
33198;6406;1
33199;5928;1
33200;8623;3
33201;6258;7
33202;8148;4
33203;3158;6
33204;4767;4
33205;6503;7
33206;1730;2
33207;1925;2
33208;1882;3
33209;2294;6
33210;5841;1
33211;4283;6
33212;5783;6
33213;3195;1
33214;5614;2
33215;1178;1
33216;5781;2
33217;6929;5
33218;5283;3
33219;6000;1
33220;1786;4
33221;2036;7
33222;3177;5
33223;1681;7
33224;3525;1
33225;2464;4
33226;2080;7
33227;8987;2
33228;8762;7
33229;4696;7
33230;4306;7
33231;5770;7
33232;6599;2
33233;4835;6
33234;7863;4
33235;8185;2
33236;6341;3
33237;2002;2
33238;2842;7
33239;1511;2
33240;2924;6
33241;4137;2
33242;8977;6
33243;8186;2
33244;6187;5
33245;1583;7
33246;3008;2
33247;4973;7
33248;1468;3
33249;1905;3
33250;1558;2
33251;5742;3
33252;8901;2
33253;2468;3
33254;5682;6
33255;1972;2
33256;4601;4
33257;4096;4
33258;3604;6
33259;5938;2
33260;1510;2
33261;5831;2
33262;4170;6
33263;6512;7
33264;5646;6
33265;4895;6
33266;5818;7
33267;4221;2
33268;4745;6
33269;8608;5
33270;5869;4
33271;3317;5
33272;3249;3
33273;3997;1
33274;6425;2
33275;5888;6
33276;8906;3
33277;7944;2
33278;2653;6
33279;1009;6
33280;8546;6
33281;8872;3
33282;7459;7
33283;8781;6
33284;8077;5
33285;6564;3
33286;6738;4
33287;7352;4
33288;4593;3
33289;3988;2
33290;5619;7
33291;2970;1
33292;2113;4
33293;4621;2
33294;6799;4
33295;1239;6
33296;1211;2
33297;3976;5
33298;5821;3
33299;4389;3
33300;7400;2
33301;2239;6
33302;8599;5
33303;5136;6
33304;3893;4
33305;2557;6
33306;7683;3
33307;3154;3
33308;2457;7
33309;4593;1
33310;8030;2
33311;1251;5
33312;6751;3
33313;3147;5
33314;8135;7
33315;7001;3
33316;4657;1
33317;3602;7
33318;2428;1
33319;3957;7
33320;5628;2
33321;4073;3
33322;7350;7
33323;4232;4
33324;2816;4
33325;7921;1
33326;6033;2
33327;4505;2
33328;2318;3
33329;7381;2
33330;8883;1
33331;6944;5
33332;1171;6
33333;8611;3
33334;2654;7
33335;6186;5
33336;4190;3
33337;8208;5
33338;8072;5
33339;5758;4
33340;5959;4
33341;6846;5
33342;8848;4
33343;6463;5
33344;7285;7
33345;4551;6
33346;5214;2
33347;5344;3
33348;7777;5
33349;6936;6
33350;5560;3
33351;6007;7
33352;5923;3
33353;6017;6
33354;6297;3
33355;1968;4
33356;5042;1
33357;8038;2
33358;2055;6
33359;3640;4
33360;3130;5
33361;6358;5
33362;1081;4
33363;6177;7
33364;4448;6
33365;5711;4
33366;3448;3
33367;7957;2
33368;7926;7
33369;1065;7
33370;2551;4
33371;3927;2
33372;3869;3
33373;4234;5
33374;1392;7
33375;2847;3
33376;6685;2
33377;6119;6
33378;5774;4
33379;8105;2
33380;2295;3
33381;5173;5
33382;7245;7
33383;4047;2
33384;1140;6
33385;5463;6
33386;8114;1
33387;6265;2
33388;8881;4
33389;6472;7
33390;5198;7
33391;2276;3
33392;7225;7
33393;7966;6
33394;6596;1
33395;3993;6
33396;4366;6
33397;2772;3
33398;1961;4
33399;1029;5
33400;2090;7
33401;7931;7
33402;6079;1
33403;2780;7
33404;1090;1
33405;7679;7
33406;1583;3
33407;3984;1
33408;2215;1
33409;6246;7
33410;7899;1
33411;5590;2
33412;7866;4
33413;5197;6
33414;5466;6
33415;7006;6
33416;5581;7
33417;3449;4
33418;3993;6
33419;8367;6
33420;1011;1
33421;4419;7
33422;6902;2
33423;8072;7
33424;7243;2
33425;4813;6
33426;6734;4
33427;1773;4
33428;1060;3
33429;3912;2
33430;3336;3
33431;2774;5
33432;4646;2
33433;5990;6
33434;8531;1
33435;1246;3
33436;1025;1
33437;8514;1
33438;5345;2
33439;7010;6
33440;1906;2
33441;2991;7
33442;3160;2
33443;3513;7
33444;2548;2
33445;2903;5
33446;3371;6
33447;8715;7
33448;5022;3
33449;3991;1
33450;7574;5
33451;1503;5
33452;4203;7
33453;1565;2
33454;6264;4
33455;3326;2
33456;8073;7
33457;2407;7
33458;7242;4
33459;8265;1
33460;4971;3
33461;4954;3
33462;2885;3
33463;3598;5
33464;2876;7
33465;3083;2
33466;4835;6
33467;3721;2
33468;2992;5
33469;5992;6
33470;3828;4
33471;1275;2
33472;5177;3
33473;8814;7
33474;4965;3
33475;6387;4
33476;1971;6
33477;7002;2
33478;8437;5
33479;4227;6
33480;6746;4
33481;4826;7
33482;6179;7
33483;8165;3
33484;2776;1
33485;2967;1
33486;6905;6
33487;1841;2
33488;2009;4
33489;5036;7
33490;3245;4
33491;7388;3
33492;1121;2
33493;4696;7
33494;5495;1
33495;1589;7
33496;3438;4
33497;2438;7
33498;2525;6
33499;7469;6
33500;2239;5
33501;4809;2
33502;7359;6
33503;8834;7
33504;5459;2
33505;4614;2
33506;3620;7
33507;4225;1
33508;5466;5
33509;2438;2
33510;4532;7
33511;3355;4
33512;4272;3
33513;4094;7
33514;7473;1
33515;1445;3
33516;5158;3
33517;2699;5
33518;7237;2
33519;4018;2
33520;7018;2
33521;4187;7
33522;4997;2
33523;6309;4
33524;6520;1
33525;2538;4
33526;6124;1
33527;4267;4
33528;3216;4
33529;7908;3
33530;2434;7
33531;2191;3
33532;3779;4
33533;8093;7
33534;1662;5
33535;6198;6
33536;8779;1
33537;8721;7
33538;8259;7
33539;8984;2
33540;5331;5
33541;4609;6
33542;7525;3
33543;6777;3
33544;8638;2
33545;4427;7
33546;8299;3
33547;5066;3
33548;8085;7
33549;3341;5
33550;5157;1
33551;2818;3
33552;2484;6
33553;4248;2
33554;4873;7
33555;4373;5
33556;5755;3
33557;4076;6
33558;5281;6
33559;5907;5
33560;8654;3
33561;7553;6
33562;5242;1
33563;1764;6
33564;4834;7
33565;7724;2
33566;8503;2
33567;3683;4
33568;4392;5
33569;7198;1
33570;1179;2
33571;5288;3
33572;2670;5
33573;4586;3
33574;2813;6
33575;5134;2
33576;3331;2
33577;8074;2
33578;6640;3
33579;4943;1
33580;7620;3
33581;2614;1
33582;6863;7
33583;8552;2
33584;8520;3
33585;4613;5
33586;5064;7
33587;1315;3
33588;1662;4
33589;1337;2
33590;6836;3
33591;6261;2
33592;6312;2
33593;7785;6
33594;5378;2
33595;4352;3
33596;4967;4
33597;8880;5
33598;1917;3
33599;6275;7
33600;2977;4
33601;8158;4
33602;1214;5
33603;7437;4
33604;1370;2
33605;2364;3
33606;5502;3
33607;2740;2
33608;1948;2
33609;4798;2
33610;5899;4
33611;3889;1
33612;7160;2
33613;7815;3
33614;3016;5
33615;1465;4
33616;7516;2
33617;1517;4
33618;3790;4
33619;6557;7
33620;3738;7
33621;5404;7
33622;1921;1
33623;4296;6
33624;2193;7
33625;8521;5
33626;2804;5
33627;8611;2
33628;3317;2
33629;5973;1
33630;2773;2
33631;2874;1
33632;3920;6
33633;2477;4
33634;8626;4
33635;7570;2
33636;7645;3
33637;3419;7
33638;2467;5
33639;3035;3
33640;8846;6
33641;2393;7
33642;3681;2
33643;7721;2
33644;5476;3
33645;3354;5
33646;5580;3
33647;1340;6
33648;4819;5
33649;2102;2
33650;8299;1
33651;7474;1
33652;2483;4
33653;1690;6
33654;8744;4
33655;7871;6
33656;4261;7
33657;4944;3
33658;7115;4
33659;2598;6
33660;7313;7
33661;4661;7
33662;2394;1
33663;3135;2
33664;8243;1
33665;3517;7
33666;4016;7
33667;2600;1
33668;5506;5
33669;5887;4
33670;8338;3
33671;3636;1
33672;2747;7
33673;1535;2
33674;1195;2
33675;4609;2
33676;8808;3
33677;1738;1
33678;2812;5
33679;8726;3
33680;4575;1
33681;8334;3
33682;3390;6
33683;7561;6
33684;7299;3
33685;1862;4
33686;5359;6
33687;4233;5
33688;2406;2
33689;7751;1
33690;3734;3
33691;8718;2
33692;8354;6
33693;1963;6
33694;4601;5
33695;3401;4
33696;4161;4
33697;2012;1
33698;5031;6
33699;2515;4
33700;2644;3
33701;6830;4
33702;6272;7
33703;8101;5
33704;5143;5
33705;8565;4
33706;3280;3
33707;6764;7
33708;5383;2
33709;5250;1
33710;2441;1
33711;4815;2
33712;5983;7
33713;4613;6
33714;4272;7
33715;2858;4
33716;2308;6
33717;1838;3
33718;1308;1
33719;4318;4
33720;4630;3
33721;7302;6
33722;8531;1
33723;1088;6
33724;3568;5
33725;7764;4
33726;3658;2
33727;6690;5
33728;1219;1
33729;4056;4
33730;5093;4
33731;3226;3
33732;1650;1
33733;2695;6
33734;3924;1
33735;3521;3
33736;3629;1
33737;7066;6
33738;1048;5
33739;7900;5
33740;2269;7
33741;2733;3
33742;3005;4
33743;4775;4
33744;1953;7
33745;4791;4
33746;2131;3
33747;6677;7
33748;8324;4
33749;4449;7
33750;2394;7
33751;5800;1
33752;7728;3
33753;3647;5
33754;5442;5
33755;6411;7
33756;3506;5
33757;2545;4
33758;8612;7
33759;1888;6
33760;8930;5
33761;5291;1
33762;7482;6
33763;6527;7
33764;8609;2
33765;6330;7
33766;5575;4
33767;6148;7
33768;4738;4
33769;8255;3
33770;4918;7
33771;6020;5
33772;8953;1
33773;5150;2
33774;8473;2
33775;6025;2
33776;2195;3
33777;3607;1
33778;7765;5
33779;6284;3
33780;1586;6
33781;6675;1
33782;6534;6
33783;3602;3
33784;8232;6
33785;3235;6
33786;3671;3
33787;1421;4
33788;8524;6
33789;5940;3
33790;7082;1
33791;7245;7
33792;7822;7
33793;4634;6
33794;2031;6
33795;5116;3
33796;4003;2
33797;8219;2
33798;6358;5
33799;4010;4
33800;5969;7
33801;5210;5
33802;2011;6
33803;3914;1
33804;1230;6
33805;1763;7
33806;8261;3
33807;5098;7
33808;7597;2
33809;3768;3
33810;1673;5
33811;6701;7
33812;4677;3
33813;3445;4
33814;8978;4
33815;2227;7
33816;7031;4
33817;4557;3
33818;1789;6
33819;6963;3
33820;1359;4
33821;1301;2
33822;6197;7
33823;1662;5
33824;8590;1
33825;1455;7
33826;7062;5
33827;2991;3
33828;7235;2
33829;3405;2
33830;8827;7
33831;3523;5
33832;7749;1
33833;6973;3
33834;1749;4
33835;4573;2
33836;5258;1
33837;8569;4
33838;6091;1
33839;4136;2
33840;2193;4
33841;7929;7
33842;6925;5
33843;2507;3
33844;1609;7
33845;3994;4
33846;8074;1
33847;7950;3
33848;7016;5
33849;6415;1
33850;5609;6
33851;4881;6
33852;6464;3
33853;8034;2
33854;6397;5
33855;1649;2
33856;8245;7
33857;5279;4
33858;7768;2
33859;6656;1
33860;7098;1
33861;5208;4
33862;6685;3
33863;5325;2
33864;8346;5
33865;2316;4
33866;1088;6
33867;7887;1
33868;6928;6
33869;4581;1
33870;8794;5
33871;3943;4
33872;3610;5
33873;1862;6
33874;6672;7
33875;3289;6
33876;7749;6
33877;2361;5
33878;2661;4
33879;6502;4
33880;4872;6
33881;4166;5
33882;4975;4
33883;4381;6
33884;2036;1
33885;3565;2
33886;2091;2
33887;7015;4
33888;8380;2
33889;7640;5
33890;2139;2
33891;8123;2
33892;1981;7
33893;1832;5
33894;5259;1
33895;4076;5
33896;1770;6
33897;7852;7
33898;1823;3
33899;5020;3
33900;6761;6
33901;6786;3
33902;5708;4
33903;4051;4
33904;5448;7
33905;7189;4
33906;4122;7
33907;3917;6
33908;3946;3
33909;7505;7
33910;4820;1
33911;4576;3
33912;4428;4
33913;2008;3
33914;7982;1
33915;2767;4
33916;5197;1
33917;5349;7
33918;4137;2
33919;8568;3
33920;4013;2
33921;3356;1
33922;5969;7
33923;8461;3
33924;4778;3
33925;1886;7
33926;3489;3
33927;2468;1
33928;7202;2
33929;8764;2
33930;4976;5
33931;1783;1
33932;4940;4
33933;4999;7
33934;6095;6
33935;6277;3
33936;1617;6
33937;6448;3
33938;5338;2
33939;1769;6
33940;3915;6
33941;7443;7
33942;5985;2
33943;6157;4
33944;1712;3
33945;3754;2
33946;4732;6
33947;3840;3
33948;1610;2
33949;1422;2
33950;6933;3
33951;5084;7
33952;6146;5
33953;3249;3
33954;1247;4
33955;1173;3
33956;3366;5
33957;4878;2
33958;1949;6
33959;1570;4
33960;3085;1
33961;4392;5
33962;2202;4
33963;1428;3
33964;3570;2
33965;4675;1
33966;4181;6
33967;1948;7
33968;8596;2
33969;5368;1
33970;1229;1
33971;5491;1
33972;3722;5
33973;3204;6
33974;4103;7
33975;7433;2
33976;1653;6
33977;7631;6
33978;6871;7
33979;5723;3
33980;4774;5
33981;7578;1
33982;4688;4
33983;1394;5
33984;6887;5
33985;6933;2
33986;2358;5
33987;8834;2
33988;3048;4
33989;8272;2
33990;3533;2
33991;8317;7
33992;7475;4
33993;3002;2
33994;4161;1
33995;5789;5
33996;5106;3
33997;1781;5
33998;1524;3
33999;8563;2
34000;1097;7
34001;8871;2
34002;5458;2
34003;5753;4
34004;8576;3
34005;1177;1
34006;1102;1
34007;1917;1
34008;3346;5
34009;5071;5
34010;6141;7
34011;8485;4
34012;7069;1
34013;1684;2
34014;8987;1
34015;7135;2
34016;5018;7
34017;8992;5
34018;6974;4
34019;5288;6
34020;1716;3
34021;1267;7
34022;7024;2
34023;2465;3
34024;5805;4
34025;3408;2
34026;3796;6
34027;4700;5
34028;6731;2
34029;1263;7
34030;1985;5
34031;1100;2
34032;8429;5
34033;7046;7
34034;7972;1
34035;6768;7
34036;6712;6
34037;1118;4
34038;4074;2
34039;4683;3
34040;4593;3
34041;5951;2
34042;7284;7
34043;3685;5
34044;7239;1
34045;8598;2
34046;2440;6
34047;7372;7
34048;3601;4
34049;2559;4
34050;5619;5
34051;5659;7
34052;8027;3
34053;6612;2
34054;2417;4
34055;4950;7
34056;7160;5
34057;6578;6
34058;1828;3
34059;4648;3
34060;6702;6
34061;2262;6
34062;6788;6
34063;2567;1
34064;3869;1
34065;2462;7
34066;3714;2
34067;4302;4
34068;1577;7
34069;2200;2
34070;2143;5
34071;6966;3
34072;2665;2
34073;4530;3
34074;7198;4
34075;6821;5
34076;6166;3
34077;6441;4
34078;2614;6
34079;2264;5
34080;4920;1
34081;3266;2
34082;4464;4
34083;3660;5
34084;2818;6
34085;5824;6
34086;8033;4
34087;3683;3
34088;7715;2
34089;8069;6
34090;6109;1
34091;6676;7
34092;5247;1
34093;8673;4
34094;6548;1
34095;1398;2
34096;5846;2
34097;6149;2
34098;5801;7
34099;6918;2
34100;5288;1
34101;3116;5
34102;6195;4
34103;7018;7
34104;4054;5
34105;2802;7
34106;4250;2
34107;7071;4
34108;3490;7
34109;2417;5
34110;2451;1
34111;5735;7
34112;4116;5
34113;7042;7
34114;4480;3
34115;4066;5
34116;7333;3
34117;8434;6
34118;8354;1
34119;6806;3
34120;4210;1
34121;2621;5
34122;2667;4
34123;3633;1
34124;6164;1
34125;7900;6
34126;1279;3
34127;3100;4
34128;7282;3
34129;5149;6
34130;8113;4
34131;8840;1
34132;4268;6
34133;4969;4
34134;2865;5
34135;5158;3
34136;6979;3
34137;5032;3
34138;4971;3
34139;6731;3
34140;8386;4
34141;5125;4
34142;8276;4
34143;1847;3
34144;8311;7
34145;2057;6
34146;7557;7
34147;7148;6
34148;8248;6
34149;3731;3
34150;2993;2
34151;7759;2
34152;7444;7
34153;1654;5
34154;8850;7
34155;6729;3
34156;5739;4
34157;7187;4
34158;6739;6
34159;6461;6
34160;5737;7
34161;2085;2
34162;3288;4
34163;5432;2
34164;7606;3
34165;3172;7
34166;2685;2
34167;3606;4
34168;6325;3
34169;2537;7
34170;7819;2
34171;7261;6
34172;2166;6
34173;2797;1
34174;1480;4
34175;8462;7
34176;1868;4
34177;4494;3
34178;8424;6
34179;1772;1
34180;2737;6
34181;2051;3
34182;5764;2
34183;5356;6
34184;6286;4
34185;4915;2
34186;6316;6
34187;4264;4
34188;3617;3
34189;2008;6
34190;5515;4
34191;3293;5
34192;7907;2
34193;5625;6
34194;8274;1
34195;3435;6
34196;7547;7
34197;5139;1
34198;7649;7
34199;2464;7
34200;6213;4
34201;6995;5
34202;7073;5
34203;7986;7
34204;5770;7
34205;4747;5
34206;8121;7
34207;7753;1
34208;8453;3
34209;8916;4
34210;4988;3
34211;7785;7
34212;6380;5
34213;4199;4
34214;5205;6
34215;8892;5
34216;1170;2
34217;6592;6
34218;2154;3
34219;4501;3
34220;3381;5
34221;3595;6
34222;3053;3
34223;2071;2
34224;3820;5
34225;4598;4
34226;6297;5
34227;2948;5
34228;4234;2
34229;1578;1
34230;5057;2
34231;3688;5
34232;4921;4
34233;8496;3
34234;7540;3
34235;7622;2
34236;4557;5
34237;7181;4
34238;5960;3
34239;8968;3
34240;2934;1
34241;4515;3
34242;2188;5
34243;2659;4
34244;3113;3
34245;2096;2
34246;6229;7
34247;5638;3
34248;6323;3
34249;2145;2
34250;1140;5
34251;3312;6
34252;6298;3
34253;6285;7
34254;2762;7
34255;8475;6
34256;3470;3
34257;3242;5
34258;8274;2
34259;6784;1
34260;6716;1
34261;5218;3
34262;6915;4
34263;4748;5
34264;4598;2
34265;4205;4
34266;5816;7
34267;8427;2
34268;7869;7
34269;7852;6
34270;7366;7
34271;8638;6
34272;7628;4
34273;2250;5
34274;5860;1
34275;1136;1
34276;8571;6
34277;2973;3
34278;5977;3
34279;8554;1
34280;5617;3
34281;5671;4
34282;6953;3
34283;2569;1
34284;1330;4
34285;8801;6
34286;2516;4
34287;4395;1
34288;2882;5
34289;1662;1
34290;3553;7
34291;7164;2
34292;2304;5
34293;6689;6
34294;6384;7
34295;5424;1
34296;4524;3
34297;7779;5
34298;1043;3
34299;5557;6
34300;4284;2
34301;5881;7
34302;5267;6
34303;1488;7
34304;3942;5
34305;4614;6
34306;4472;7
34307;1232;1
34308;3628;6
34309;4178;4
34310;4955;7
34311;1818;3
34312;1733;2
34313;8705;2
34314;1274;6
34315;7333;7
34316;4882;6
34317;3951;5
34318;8257;1
34319;8327;5
34320;4571;6
34321;5101;4
34322;1991;7
34323;5714;1
34324;2465;4
34325;7813;6
34326;5548;3
34327;2683;2
34328;1488;7
34329;1928;1
34330;7141;3
34331;2996;5
34332;2958;4
34333;3503;3
34334;4244;3
34335;2407;3
34336;7358;4
34337;7604;4
34338;5717;6
34339;1551;7
34340;4150;3
34341;5709;1
34342;2333;7
34343;1234;1
34344;8654;2
34345;1610;4
34346;3100;1
34347;8779;4
34348;2424;7
34349;6029;5
34350;2222;3
34351;5260;4
34352;8695;3
34353;1829;2
34354;2389;4
34355;2426;7
34356;7507;2
34357;7544;7
34358;6180;6
34359;1778;5
34360;8776;1
34361;3358;5
34362;1542;1
34363;6872;5
34364;7982;6
34365;2864;2
34366;7770;5
34367;2479;2
34368;8366;4
34369;6413;3
34370;5437;2
34371;3430;7
34372;5742;6
34373;4728;5
34374;8174;6
34375;6889;5
34376;1750;1
34377;8298;3
34378;1946;5
34379;8419;4
34380;5775;6
34381;4118;4
34382;1510;6
34383;5464;7
34384;5091;7
34385;7873;5
34386;1498;4
34387;2161;7
34388;1523;2
34389;5034;1
34390;7640;7
34391;5720;5
34392;5322;2
34393;8870;2
34394;7788;4
34395;6451;2
34396;1123;3
34397;2010;4
34398;2973;4
34399;3374;6
34400;2026;6
34401;2710;3
34402;5056;5
34403;4925;1
34404;5546;3
34405;7856;6
34406;3899;5
34407;3199;6
34408;3942;1
34409;5286;3
34410;7951;5
34411;4619;3
34412;3824;5
34413;8457;6
34414;2202;2
34415;8117;1
34416;3986;6
34417;1480;7
34418;5891;4
34419;6282;2
34420;8122;3
34421;2109;3
34422;8505;1
34423;7932;1
34424;1796;2
34425;6402;3
34426;6774;5
34427;8134;3
34428;2107;5
34429;5502;2
34430;3314;5
34431;5810;1
34432;1561;7
34433;8909;5
34434;6590;3
34435;3195;1
34436;2137;7
34437;3180;1
34438;5156;7
34439;4595;1
34440;6391;7
34441;8738;5
34442;5904;7
34443;5907;3
34444;3006;1
34445;5729;3
34446;5039;1
34447;7264;1
34448;4777;1
34449;6409;3
34450;5566;1
34451;7119;3
34452;4996;1
34453;8011;4
34454;8108;4
34455;4893;6
34456;7376;7
34457;6004;3
34458;8741;1
34459;2470;5
34460;3972;7
34461;4827;7
34462;5866;6
34463;8430;7
34464;4817;1
34465;7270;6
34466;1655;3
34467;8143;1
34468;7078;6
34469;1379;7
34470;2283;4
34471;3474;7
34472;5841;3
34473;2423;5
34474;7581;1
34475;7151;1
34476;7061;5
34477;1393;6
34478;6512;5
34479;4920;6
34480;7349;4
34481;6486;5
34482;5124;1
34483;5218;3
34484;4178;5
34485;5995;2
34486;7004;4
34487;7151;5
34488;2320;5
34489;4936;5
34490;5806;2
34491;1833;2
34492;2275;2
34493;3279;4
34494;8651;3
34495;2822;3
34496;4634;1
34497;2210;3
34498;1252;3
34499;3268;4
34500;6347;6
34501;7162;6
34502;7224;1
34503;5812;1
34504;5076;2
34505;5104;4
34506;4415;7
34507;5366;5
34508;3631;7
34509;7835;3
34510;1509;5
34511;5266;2
34512;7068;1
34513;7917;5
34514;8722;3
34515;2320;5
34516;8248;7
34517;4859;5
34518;2890;2
34519;8073;4
34520;7184;4
34521;1539;2
34522;5822;1
34523;1405;5
34524;8305;7
34525;4595;1
34526;2348;3
34527;8502;3
34528;3043;1
34529;1635;1
34530;1701;3
34531;2985;4
34532;1288;3
34533;7159;7
34534;2098;3
34535;8073;2
34536;1398;7
34537;4651;1
34538;6246;2
34539;7188;3
34540;6256;6
34541;1514;3
34542;5626;1
34543;3226;2
34544;3967;3
34545;5235;1
34546;7255;5
34547;1040;2
34548;1040;7
34549;1112;4
34550;1256;3
34551;6773;4
34552;7549;6
34553;3896;4
34554;6766;6
34555;1529;2
34556;7355;6
34557;1653;3
34558;3621;7
34559;1679;3
34560;7980;3
34561;6708;1
34562;4431;3
34563;1721;6
34564;6174;2
34565;7948;2
34566;6399;7
34567;1610;7
34568;4065;3
34569;3184;4
34570;4673;3
34571;7599;7
34572;5661;6
34573;5455;6
34574;6178;2
34575;8035;1
34576;1269;2
34577;7868;6
34578;3539;5
34579;8851;1
34580;3271;4
34581;3970;6
34582;4468;2
34583;7837;5
34584;7673;5
34585;6144;7
34586;5892;7
34587;1737;1
34588;5029;1
34589;5061;7
34590;2583;1
34591;3798;3
34592;2260;6
34593;1760;3
34594;2183;2
34595;1760;2
34596;1823;6
34597;1929;1
34598;3760;6
34599;8302;7
34600;1795;6
34601;2208;2
34602;6291;3
34603;2839;3
34604;1761;2
34605;3484;6
34606;5881;1
34607;4132;1
34608;1547;7
34609;5345;6
34610;6134;7
34611;6867;4
34612;5903;3
34613;7454;6
34614;5493;7
34615;8170;1
34616;7844;6
34617;5133;6
34618;6876;4
34619;6434;4
34620;5831;6
34621;8045;6
34622;2433;4
34623;3120;3
34624;7938;1
34625;1563;1
34626;5343;2
34627;4196;7
34628;3139;3
34629;5150;5
34630;8563;4
34631;5307;7
34632;2369;6
34633;8809;4
34634;1313;2
34635;2829;3
34636;5932;3
34637;2847;5
34638;7801;3
34639;5697;2
34640;7540;6
34641;7733;2
34642;6896;6
34643;4147;6
34644;4843;5
34645;2457;6
34646;3468;2
34647;6023;1
34648;2064;6
34649;6419;3
34650;7323;7
34651;1515;7
34652;3225;2
34653;8177;7
34654;6680;7
34655;8935;4
34656;7915;1
34657;5088;3
34658;4265;5
34659;2868;5
34660;2881;2
34661;2418;6
34662;7068;3
34663;5270;1
34664;5565;5
34665;4680;5
34666;6988;7
34667;8393;6
34668;3946;3
34669;1542;1
34670;6649;6
34671;5884;2
34672;8229;4
34673;3609;2
34674;1938;5
34675;5741;7
34676;2499;5
34677;3809;5
34678;3334;7
34679;8263;6
34680;1086;5
34681;8727;6
34682;1102;4
34683;6208;1
34684;2496;3
34685;5653;2
34686;4785;4
34687;2760;5
34688;8190;7
34689;8859;5
34690;7980;5
34691;5808;7
34692;2028;2
34693;7195;4
34694;7879;5
34695;5339;6
34696;3423;7
34697;7263;4
34698;6449;4
34699;8229;2
34700;1871;7
34701;2997;4
34702;2226;6
34703;5172;6
34704;8682;6
34705;1983;6
34706;6415;6
34707;1625;4
34708;6074;1
34709;1364;2
34710;8256;2
34711;5043;7
34712;7487;5
34713;4080;1
34714;2102;1
34715;1758;3
34716;5586;1
34717;4948;5
34718;6108;2
34719;8009;3
34720;1570;2
34721;3436;6
34722;4152;2
34723;5983;5
34724;6409;3
34725;5798;1
34726;1179;6
34727;1130;2
34728;6983;2
34729;7983;1
34730;3665;6
34731;3193;1
34732;4704;3
34733;3410;1
34734;8114;2
34735;2115;4
34736;8045;2
34737;4027;2
34738;4401;1
34739;8624;2
34740;4329;3
34741;1677;5
34742;5950;3
34743;6219;6
34744;1831;4
34745;4676;1
34746;5989;5
34747;8396;7
34748;8443;3
34749;3215;1
34750;6389;3
34751;6290;6
34752;6574;5
34753;6599;2
34754;3676;2
34755;8757;5
34756;2420;6
34757;1810;1
34758;4204;1
34759;2001;2
34760;6612;7
34761;7025;5
34762;6876;1
34763;4350;3
34764;1278;5
34765;3326;1
34766;5962;7
34767;8526;4
34768;3290;3
34769;4014;6
34770;5807;4
34771;8184;5
34772;8535;6
34773;2794;4
34774;6399;1
34775;1266;4
34776;8001;2
34777;1241;3
34778;5080;1
34779;8264;6
34780;2445;1
34781;4619;6
34782;3485;5
34783;3728;5
34784;4379;1
34785;1658;4
34786;5274;7
34787;6642;2
34788;4277;3
34789;3594;6
34790;5128;5
34791;6837;3
34792;7222;3
34793;8171;7
34794;2980;7
34795;5803;6
34796;1191;1
34797;8167;3
34798;1081;1
34799;4402;5
34800;6094;5
34801;6899;7
34802;4169;5
34803;8516;1
34804;2861;7
34805;7339;7
34806;8438;1
34807;2529;3
34808;7551;3
34809;3509;1
34810;3239;1
34811;4528;7
34812;3631;6
34813;1001;1
34814;4504;6
34815;2124;3
34816;2405;6
34817;2819;2
34818;1226;6
34819;1038;6
34820;4011;5
34821;1279;1
34822;4496;1
34823;7141;6
34824;1663;7
34825;2244;6
34826;6920;3
34827;7704;6
34828;5775;4
34829;6011;2
34830;3703;2
34831;2666;7
34832;1652;3
34833;1972;3
34834;5707;5
34835;1685;3
34836;7331;4
34837;1400;5
34838;1731;2
34839;5507;1
34840;6538;2
34841;3832;2
34842;2925;3
34843;4983;1
34844;2482;4
34845;2269;2
34846;8582;2
34847;5346;2
34848;6914;4
34849;1771;5
34850;4482;2
34851;8209;1
34852;2367;2
34853;4190;1
34854;4570;7
34855;4677;7
34856;3101;5
34857;5532;3
34858;8899;2
34859;8195;4
34860;4011;2
34861;5871;3
34862;7323;3
34863;8459;5
34864;8564;3
34865;7733;3
34866;2278;1
34867;7699;5
34868;7321;6
34869;1392;3
34870;8946;2
34871;6199;5
34872;3079;3
34873;5846;2
34874;6372;7
34875;2377;6
34876;2228;1
34877;8571;1
34878;2526;5
34879;6770;6
34880;7059;3
34881;8100;6
34882;2929;2
34883;5007;6
34884;1033;5
34885;7782;3
34886;1912;2
34887;3647;4
34888;6075;5
34889;8764;5
34890;7496;5
34891;8228;2
34892;6424;3
34893;6593;6
34894;5321;4
34895;1138;5
34896;5435;7
34897;8736;5
34898;5591;4
34899;3550;2
34900;4468;2
34901;8326;3
34902;6175;2
34903;2179;1
34904;2413;1
34905;3185;6
34906;7878;1
34907;6970;3
34908;7931;7
34909;5721;1
34910;7806;2
34911;5543;1
34912;4830;3
34913;2363;5
34914;6300;5
34915;3803;2
34916;5328;6
34917;3260;6
34918;8040;3
34919;2911;4
34920;5029;2
34921;7592;2
34922;8021;1
34923;4553;7
34924;7379;1
34925;1031;2
34926;4576;3
34927;4439;7
34928;5504;5
34929;7743;3
34930;1412;5
34931;5486;3
34932;1501;5
34933;4729;7
34934;7266;5
34935;7602;5
34936;1225;6
34937;2091;3
34938;4073;6
34939;3112;5
34940;3598;4
34941;5446;4
34942;2477;5
34943;6826;6
34944;2675;4
34945;7568;6
34946;8128;7
34947;8860;3
34948;6400;2
34949;7504;6
34950;3551;3
34951;5134;7
34952;7944;5
34953;8229;2
34954;7924;3
34955;6830;5
34956;3335;6
34957;8628;3
34958;7946;2
34959;8574;3
34960;1562;6
34961;7894;1
34962;8889;3
34963;3582;3
34964;6242;6
34965;6052;6
34966;7268;6
34967;2264;4
34968;7048;1
34969;6931;1
34970;8579;6
34971;5947;1
34972;3623;5
34973;6409;3
34974;7812;5
34975;5684;1
34976;2326;2
34977;7328;7
34978;8170;5
34979;6785;6
34980;2342;1
34981;4159;5
34982;5599;7
34983;6563;3
34984;2504;2
34985;6964;4
34986;4683;1
34987;6843;3
34988;3669;6
34989;5997;2
34990;8626;7
34991;1633;3
34992;2066;3
34993;4972;6
34994;1184;2
34995;6396;4
34996;5921;4
34997;8931;7
34998;6354;6
34999;2817;7
35000;8848;6
35001;2772;6
35002;7769;7
35003;6702;5
35004;6722;4
35005;6890;5
35006;3372;5
35007;3088;1
35008;8491;5
35009;4651;5
35010;4909;1
35011;8853;2
35012;2489;1
35013;3884;3
35014;2880;2
35015;8672;7
35016;3235;6
35017;7932;4
35018;1460;6
35019;3546;7
35020;7749;2
35021;3080;5
35022;7814;6
35023;6834;1
35024;2679;3
35025;5991;6
35026;4435;7
35027;7265;4
35028;6564;4
35029;4042;6
35030;7267;3
35031;4822;3
35032;2636;3
35033;7901;1
35034;6541;5
35035;1589;3
35036;6747;3
35037;7457;5
35038;5800;7
35039;7583;5
35040;5289;2
35041;8269;7
35042;5873;6
35043;1609;7
35044;6263;4
35045;4535;3
35046;5180;2
35047;5999;1
35048;7234;3
35049;1227;6
35050;4394;7
35051;6315;6
35052;7408;7
35053;3662;3
35054;8972;1
35055;3363;5
35056;6259;2
35057;2033;5
35058;1014;1
35059;3261;6
35060;6151;6
35061;1440;1
35062;6631;5
35063;2325;4
35064;4896;1
35065;4327;1
35066;3523;6
35067;7604;3
35068;8273;1
35069;4552;5
35070;6206;6
35071;5087;7
35072;3185;2
35073;5960;4
35074;4041;3
35075;6800;6
35076;8183;3
35077;6830;5
35078;7467;7
35079;1457;7
35080;8923;3
35081;7727;5
35082;5973;1
35083;7315;3
35084;5412;2
35085;3254;1
35086;3707;1
35087;7154;4
35088;8664;1
35089;6225;7
35090;4724;6
35091;5547;2
35092;6790;6
35093;5408;5
35094;7527;7
35095;1283;1
35096;2162;6
35097;8554;1
35098;6671;7
35099;4771;4
35100;8580;3
35101;6883;1
35102;7248;6
35103;8957;4
35104;7382;1
35105;7865;5
35106;6390;1
35107;5338;3
35108;8864;6
35109;7414;1
35110;7679;2
35111;2363;6
35112;1355;3
35113;6964;3
35114;3067;4
35115;5795;4
35116;3106;7
35117;7411;1
35118;6445;4
35119;4108;6
35120;2326;5
35121;6485;4
35122;2040;3
35123;6179;3
35124;1060;1
35125;6651;6
35126;7906;4
35127;1891;1
35128;1932;4
35129;7390;4
35130;8593;3
35131;1599;7
35132;8532;2
35133;2300;5
35134;5337;4
35135;1766;2
35136;2808;4
35137;7299;7
35138;4886;7
35139;5096;5
35140;4101;3
35141;3548;1
35142;7418;6
35143;3877;6
35144;8055;3
35145;8866;5
35146;6928;3
35147;8067;7
35148;3342;5
35149;5399;4
35150;3923;7
35151;2280;6
35152;4558;1
35153;6542;5
35154;3241;7
35155;8112;7
35156;4705;7
35157;2967;6
35158;8711;4
35159;4972;2
35160;6046;3
35161;4167;3
35162;2347;5
35163;6727;1
35164;7221;4
35165;8222;4
35166;3867;1
35167;3173;3
35168;2986;4
35169;5228;4
35170;7763;3
35171;6428;4
35172;3313;4
35173;6340;3
35174;8612;7
35175;1730;2
35176;5787;2
35177;7507;2
35178;4053;4
35179;8157;7
35180;3140;3
35181;4893;5
35182;2473;5
35183;1361;2
35184;4479;6
35185;2527;7
35186;7086;3
35187;6201;6
35188;8556;3
35189;6864;6
35190;2665;7
35191;1554;3
35192;7336;4
35193;4430;2
35194;2269;3
35195;7253;1
35196;7703;6
35197;1049;2
35198;6125;2
35199;3311;2
35200;6875;6
35201;7860;4
35202;3853;1
35203;2961;6
35204;8434;6
35205;4180;4
35206;3279;4
35207;7807;2
35208;5292;1
35209;8801;1
35210;6905;1
35211;2386;7
35212;6328;1
35213;6312;4
35214;4239;4
35215;2509;3
35216;7420;6
35217;2648;2
35218;6478;4
35219;2950;7
35220;5595;5
35221;8932;3
35222;7965;4
35223;6683;1
35224;6358;6
35225;8967;6
35226;5414;1
35227;1131;3
35228;8573;4
35229;3045;1
35230;5286;4
35231;8423;1
35232;2513;6
35233;3758;7
35234;1990;3
35235;4440;5
35236;3385;2
35237;7489;2
35238;8114;3
35239;4455;2
35240;4969;6
35241;3353;5
35242;6560;5
35243;7458;6
35244;1611;3
35245;7665;6
35246;1391;2
35247;1301;2
35248;7116;4
35249;1208;5
35250;4348;4
35251;8435;1
35252;2404;3
35253;3224;7
35254;5512;4
35255;8171;5
35256;8133;6
35257;4514;4
35258;1002;7
35259;6103;2
35260;8550;1
35261;5935;5
35262;4329;2
35263;1696;2
35264;4834;1
35265;6878;6
35266;3856;4
35267;1694;1
35268;1531;2
35269;3570;7
35270;5119;7
35271;2222;4
35272;2995;5
35273;4193;1
35274;6454;3
35275;2884;6
35276;5601;6
35277;3278;3
35278;2436;5
35279;2324;5
35280;4583;7
35281;3861;7
35282;2181;1
35283;8470;7
35284;2261;4
35285;2878;3
35286;3986;1
35287;8780;7
35288;2632;4
35289;6435;6
35290;6359;6
35291;2441;6
35292;6331;4
35293;8598;6
35294;1057;5
35295;3456;6
35296;8216;6
35297;4291;2
35298;7561;4
35299;7294;2
35300;8521;5
35301;7334;7
35302;7084;4
35303;2605;1
35304;8954;2
35305;7917;6
35306;7245;2
35307;3052;3
35308;6755;6
35309;5050;3
35310;5014;2
35311;8390;7
35312;3211;6
35313;1814;6
35314;3234;4
35315;1032;5
35316;1903;3
35317;5330;1
35318;7952;2
35319;4907;6
35320;5216;2
35321;8185;6
35322;5895;4
35323;7703;2
35324;4883;3
35325;6884;7
35326;2129;7
35327;8866;2
35328;3327;3
35329;7865;1
35330;5097;1
35331;6090;5
35332;8300;6
35333;1168;4
35334;3222;1
35335;6091;2
35336;8002;6
35337;1462;7
35338;1333;2
35339;8685;4
35340;6756;1
35341;7129;6
35342;1960;1
35343;3762;6
35344;2817;5
35345;6171;4
35346;3079;7
35347;2643;1
35348;7632;3
35349;1014;2
35350;2156;5
35351;4761;1
35352;3951;4
35353;1797;6
35354;1604;2
35355;8979;1
35356;2226;2
35357;7517;3
35358;1979;6
35359;1467;4
35360;4484;4
35361;5385;2
35362;1760;5
35363;7082;4
35364;1009;7
35365;3363;6
35366;3405;3
35367;3748;6
35368;5279;7
35369;1308;2
35370;7165;5
35371;2341;6
35372;7737;5
35373;2420;2
35374;3022;4
35375;1633;5
35376;1582;5
35377;1623;3
35378;3681;5
35379;7935;1
35380;1783;2
35381;5011;7
35382;6996;7
35383;4743;1
35384;3867;4
35385;5452;1
35386;2981;5
35387;3064;7
35388;1803;6
35389;1245;5
35390;4606;5
35391;7307;4
35392;3374;6
35393;5811;4
35394;3641;5
35395;8605;3
35396;3735;2
35397;1397;3
35398;5030;6
35399;6063;3
35400;6626;2
35401;8205;3
35402;7623;6
35403;3138;7
35404;7312;4
35405;2068;1
35406;4303;2
35407;7398;3
35408;5119;1
35409;8960;5
35410;4902;6
35411;6623;5
35412;7045;3
35413;7211;3
35414;7120;3
35415;7584;2
35416;8313;1
35417;3212;4
35418;2677;7
35419;1931;7
35420;8886;6
35421;1320;6
35422;8557;7
35423;7831;4
35424;1961;3
35425;1695;3
35426;5600;7
35427;5606;2
35428;8501;7
35429;8322;4
35430;1884;1
35431;6483;7
35432;3977;5
35433;2637;6
35434;7424;5
35435;5514;1
35436;6684;6
35437;5902;5
35438;6082;2
35439;6478;7
35440;8551;5
35441;3082;5
35442;8731;7
35443;1327;6
35444;8061;2
35445;6371;4
35446;3788;7
35447;7868;2
35448;1189;2
35449;7304;7
35450;2274;4
35451;6117;5
35452;1963;5
35453;1077;7
35454;2264;5
35455;3110;1
35456;5947;6
35457;3975;5
35458;1086;5
35459;5762;1
35460;4314;2
35461;3519;5
35462;8156;1
35463;1746;2
35464;2536;1
35465;6663;3
35466;8171;4
35467;4388;5
35468;2595;6
35469;7951;5
35470;4298;3
35471;5169;6
35472;6478;1
35473;4287;6
35474;7526;1
35475;3667;6
35476;5219;7
35477;7244;5
35478;8683;7
35479;3219;5
35480;5598;2
35481;6240;7
35482;4614;1
35483;8214;5
35484;7854;7
35485;6762;2
35486;1502;7
35487;1043;3
35488;4708;4
35489;1468;4
35490;6532;4
35491;1727;5
35492;6159;7
35493;5869;4
35494;8293;3
35495;1299;6
35496;2090;4
35497;3395;7
35498;4712;7
35499;4056;7
35500;7217;7
35501;8237;7
35502;1024;6
35503;5573;6
35504;1193;7
35505;3483;4
35506;5027;5
35507;3018;3
35508;4135;6
35509;8759;4
35510;6690;5
35511;1755;5
35512;4018;1
35513;3487;5
35514;3730;5
35515;1329;3
35516;4972;3
35517;3936;4
35518;7544;1
35519;8031;5
35520;3374;6
35521;4462;5
35522;1962;5
35523;5627;1
35524;2595;3
35525;7200;5
35526;6022;6
35527;7620;4
35528;6412;1
35529;2270;2
35530;1212;2
35531;5820;6
35532;6576;6
35533;7567;3
35534;7127;2
35535;7557;2
35536;8597;1
35537;6520;7
35538;2496;3
35539;4664;7
35540;6157;3
35541;3355;2
35542;6584;4
35543;7942;1
35544;5896;3
35545;3064;7
35546;8527;7
35547;8456;2
35548;6828;5
35549;4673;6
35550;7540;5
35551;8175;2
35552;7570;3
35553;4611;4
35554;6733;4
35555;4201;5
35556;3608;1
35557;3378;4
35558;1254;1
35559;5356;3
35560;6063;5
35561;3424;7
35562;5780;4
35563;5011;7
35564;3985;2
35565;7995;7
35566;5536;6
35567;6517;7
35568;3466;4
35569;3935;7
35570;4665;1
35571;2198;3
35572;5036;2
35573;8023;3
35574;4449;1
35575;7321;6
35576;4873;5
35577;2958;6
35578;8391;4
35579;6446;1
35580;5106;2
35581;1720;6
35582;6763;2
35583;4198;1
35584;8984;3
35585;1372;2
35586;5635;2
35587;8248;2
35588;8141;2
35589;1392;3
35590;4450;6
35591;3115;3
35592;6164;6
35593;5818;2
35594;2652;5
35595;2535;6
35596;2510;2
35597;7655;3
35598;3155;1
35599;7071;5
35600;4926;6
35601;2182;1
35602;8416;7
35603;5641;4
35604;5826;7
35605;5167;3
35606;8142;6
35607;3785;3
35608;7152;6
35609;6938;2
35610;5356;1
35611;5751;3
35612;4600;4
35613;7987;2
35614;6258;1
35615;7480;5
35616;3434;5
35617;7679;4
35618;8291;4
35619;7358;5
35620;8533;4
35621;7820;7
35622;3800;5
35623;2878;1
35624;4234;3
35625;1788;1
35626;3714;4
35627;7294;1
35628;1490;6
35629;3151;6
35630;2885;4
35631;1991;6
35632;7096;3
35633;7444;2
35634;2385;2
35635;3605;2
35636;7979;2
35637;4083;5
35638;1104;2
35639;6246;6
35640;8259;1
35641;4094;2
35642;5630;2
35643;3834;1
35644;7522;5
35645;2765;6
35646;6830;5
35647;5364;3
35648;1111;3
35649;4892;1
35650;3742;2
35651;3528;1
35652;8521;7
35653;2469;6
35654;7221;7
35655;3494;7
35656;3377;1
35657;4897;2
35658;5210;5
35659;2842;2
35660;5213;2
35661;8508;5
35662;1951;2
35663;8367;4
35664;2858;3
35665;2819;1
35666;6177;7
35667;4315;1
35668;3707;6
35669;8683;7
35670;7440;7
35671;1562;1
35672;3690;7
35673;1901;7
35674;3259;4
35675;7804;1
35676;4313;5
35677;8773;7
35678;7547;6
35679;7481;7
35680;5114;2
35681;8397;4
35682;2916;4
35683;6481;1
35684;7010;4
35685;2944;7
35686;1178;3
35687;8073;6
35688;1704;1
35689;1977;6
35690;5688;7
35691;8741;6
35692;1201;4
35693;8041;4
35694;3276;1
35695;2493;4
35696;3264;4
35697;3780;5
35698;6186;1
35699;5498;6
35700;6289;6
35701;1892;3
35702;7887;2
35703;4430;4
35704;5786;2
35705;1707;7
35706;7558;4
35707;1628;1
35708;3572;3
35709;4940;7
35710;4126;5
35711;8183;4
35712;4732;1
35713;4709;5
35714;2819;7
35715;6497;6
35716;2188;4
35717;5781;6
35718;8278;6
35719;4512;4
35720;6395;1
35721;4685;6
35722;4828;1
35723;4557;6
35724;5601;4
35725;8276;2
35726;7563;7
35727;1740;1
35728;4748;1
35729;8207;5
35730;2347;3
35731;7853;7
35732;7189;6
35733;5920;2
35734;6979;6
35735;5518;1
35736;3041;4
35737;7377;1
35738;2631;6
35739;4691;3
35740;8657;4
35741;2023;5
35742;3025;2
35743;1985;2
35744;5526;5
35745;2015;7
35746;2361;7
35747;6548;7
35748;6792;1
35749;6588;5
35750;4235;2
35751;5611;7
35752;5058;5
35753;5587;1
35754;5314;3
35755;8493;7
35756;4811;2
35757;5626;2
35758;4180;7
35759;6206;6
35760;4761;3
35761;2079;1
35762;8273;4
35763;5403;2
35764;4016;3
35765;8609;5
35766;4098;3
35767;4873;1
35768;7366;7
35769;8359;4
35770;3599;5
35771;2013;4
35772;3531;2
35773;4907;3
35774;2414;5
35775;5281;1
35776;4367;4
35777;5138;7
35778;2095;1
35779;2089;3
35780;2577;4
35781;6057;1
35782;7184;7
35783;5508;7
35784;1969;5
35785;2605;5
35786;8411;4
35787;2510;4
35788;3555;4
35789;2665;4
35790;1957;6
35791;4366;5
35792;8361;7
35793;7802;2
35794;2716;1
35795;2016;1
35796;4706;5
35797;5806;5
35798;3960;4
35799;2471;1
35800;5980;7
35801;7296;7
35802;3165;7
35803;5284;4
35804;7039;7
35805;4803;4
35806;3417;5
35807;3758;1
35808;1368;5
35809;5950;4
35810;2568;3
35811;8348;3
35812;8879;3
35813;7788;3
35814;2076;3
35815;5743;7
35816;2981;4
35817;2901;2
35818;4719;6
35819;3673;4
35820;3875;4
35821;3696;6
35822;2673;6
35823;3957;6
35824;1391;7
35825;4404;6
35826;8022;7
35827;2255;1
35828;5899;1
35829;1373;4
35830;1832;1
35831;3204;4
35832;4772;2
35833;7134;4
35834;8465;6
35835;2843;5
35836;4365;6
35837;6645;5
35838;6475;4
35839;4371;3
35840;8399;4
35841;6454;6
35842;4258;5
35843;5127;3
35844;6538;7
35845;2964;6
35846;3979;5
35847;7747;2
35848;6703;3
35849;3431;6
35850;6213;4
35851;8081;1
35852;2523;3
35853;1108;4
35854;1476;5
35855;8724;6
35856;7481;6
35857;6113;4
35858;4017;7
35859;5495;7
35860;3313;3
35861;1475;5
35862;4155;2
35863;8298;7
35864;6527;2
35865;1705;4
35866;7476;4
35867;7839;7
35868;8057;2
35869;2871;2
35870;2922;2
35871;8296;2
35872;5851;5
35873;3551;3
35874;2171;4
35875;2616;2
35876;3803;1
35877;2069;5
35878;1255;6
35879;5479;6
35880;5684;7
35881;5361;1
35882;5480;6
35883;3809;3
35884;8281;1
35885;5504;6
35886;3868;5
35887;4483;4
35888;1949;2
35889;2329;5
35890;4655;3
35891;2771;3
35892;1046;6
35893;1851;2
35894;2487;7
35895;6071;2
35896;3825;1
35897;3102;1
35898;4223;7
35899;4628;6
35900;4329;6
35901;6491;3
35902;1145;6
35903;2132;1
35904;4545;5
35905;3861;7
35906;1348;2
35907;5334;7
35908;1875;3
35909;4753;1
35910;5348;2
35911;5568;3
35912;7394;7
35913;4577;6
35914;1460;4
35915;5892;3
35916;1791;4
35917;3417;2
35918;5721;4
35919;2861;6
35920;7770;1
35921;1924;2
35922;6791;1
35923;2346;2
35924;1466;6
35925;6656;7
35926;5217;3
35927;5842;6
35928;1040;1
35929;8569;3
35930;7716;6
35931;5665;3
35932;2174;1
35933;5229;7
35934;8849;5
35935;3823;7
35936;1548;5
35937;6976;1
35938;5631;1
35939;5295;6
35940;5921;5
35941;5400;2
35942;3976;7
35943;3773;5
35944;3533;2
35945;1377;4
35946;8346;6
35947;3556;6
35948;2183;4
35949;7153;3
35950;3161;5
35951;8366;5
35952;8609;2
35953;1312;2
35954;1738;7
35955;3875;1
35956;4227;4
35957;1093;4
35958;1385;4
35959;8968;7
35960;2032;1
35961;7388;6
35962;6459;1
35963;7183;4
35964;8705;1
35965;2836;1
35966;4806;7
35967;8226;4
35968;5700;2
35969;5677;2
35970;2036;7
35971;1134;5
35972;1246;1
35973;1518;3
35974;7123;5
35975;2908;4
35976;8330;1
35977;8745;6
35978;3164;3
35979;2576;2
35980;5175;2
35981;2244;3
35982;7615;2
35983;3933;2
35984;2144;4
35985;6243;3
35986;4183;2
35987;8549;4
35988;4310;1
35989;7992;2
35990;1803;4
35991;8686;3
35992;8796;4
35993;7564;5
35994;6823;4
35995;5448;5
35996;4624;4
35997;1334;3
35998;4011;7
35999;8718;6
36000;3239;1
36001;2979;2
36002;3042;4
36003;8585;4
36004;4874;3
36005;4228;4
36006;5437;2
36007;2682;4
36008;4443;4
36009;5583;7
36010;7236;4
36011;6697;1
36012;5974;2
36013;6964;1
36014;5299;2
36015;4873;5
36016;2378;5
36017;6317;3
36018;7614;5
36019;3900;2
36020;3774;4
36021;7261;6
36022;5262;4
36023;1042;6
36024;2094;1
36025;2016;6
36026;1985;3
36027;8206;7
36028;4795;3
36029;3224;4
36030;3106;1
36031;1961;7
36032;8306;1
36033;4810;6
36034;1296;2
36035;8724;7
36036;1169;6
36037;3872;7
36038;6005;6
36039;8098;4
36040;3304;3
36041;8075;3
36042;3969;2
36043;4863;5
36044;5116;6
36045;3640;1
36046;3104;7
36047;5449;2
36048;7480;2
36049;7635;1
36050;6445;1
36051;1611;4
36052;1347;1
36053;6743;7
36054;8464;5
36055;7353;4
36056;1366;2
36057;1962;6
36058;3096;3
36059;4417;5
36060;8084;5
36061;8682;4
36062;7983;5
36063;3331;4
36064;6238;1
36065;7262;6
36066;7862;3
36067;8898;3
36068;3398;2
36069;1908;5
36070;4422;1
36071;5508;6
36072;8882;3
36073;2767;5
36074;1468;7
36075;5546;3
36076;7565;1
36077;7541;2
36078;1014;2
36079;8388;3
36080;6379;4
36081;3710;7
36082;4963;5
36083;2574;4
36084;5130;1
36085;5504;1
36086;3899;1
36087;1487;3
36088;7135;5
36089;5383;1
36090;4340;2
36091;3154;5
36092;6422;3
36093;7847;6
36094;4969;6
36095;5906;1
36096;2644;6
36097;4425;6
36098;6774;7
36099;8992;3
36100;1972;2
36101;6511;3
36102;3101;3
36103;7181;4
36104;5170;1
36105;6748;5
36106;3274;5
36107;4454;1
36108;2236;7
36109;5273;7
36110;7579;4
36111;2719;4
36112;3226;1
36113;5729;5
36114;5864;1
36115;1494;6
36116;2477;3
36117;2252;3
36118;1851;4
36119;4915;5
36120;8984;7
36121;5542;2
36122;3390;5
36123;8450;5
36124;7215;3
36125;7149;1
36126;3291;5
36127;8874;5
36128;8256;2
36129;3707;2
36130;3988;4
36131;3208;3
36132;1031;2
36133;2939;1
36134;1517;7
36135;5646;6
36136;8751;1
36137;5462;1
36138;1248;6
36139;3667;2
36140;6293;5
36141;7891;2
36142;4133;1
36143;3401;7
36144;1602;1
36145;3699;2
36146;6378;3
36147;7413;1
36148;2084;7
36149;6420;3
36150;5112;7
36151;7666;5
36152;5266;3
36153;8166;7
36154;5108;2
36155;7188;2
36156;7894;4
36157;2855;1
36158;5348;4
36159;3272;7
36160;5629;5
36161;4767;7
36162;4331;5
36163;2935;6
36164;3847;1
36165;3525;2
36166;3000;2
36167;1729;3
36168;6018;1
36169;1872;3
36170;6442;4
36171;3866;2
36172;6541;5
36173;4908;4
36174;7771;1
36175;5859;3
36176;6819;5
36177;4912;5
36178;6771;1
36179;5920;4
36180;5329;6
36181;5464;3
36182;1814;6
36183;2326;4
36184;1631;2
36185;3726;7
36186;6629;6
36187;5257;1
36188;5726;6
36189;3863;4
36190;5479;7
36191;8297;5
36192;6617;3
36193;3751;3
36194;2546;4
36195;6392;7
36196;7412;6
36197;6292;1
36198;3577;2
36199;1363;1
36200;8209;4
36201;5259;5
36202;1008;2
36203;5757;7
36204;4507;4
36205;2261;1
36206;5851;1
36207;6399;1
36208;3390;4
36209;5125;2
36210;1332;1
36211;4532;3
36212;3264;5
36213;3753;6
36214;4125;7
36215;4602;2
36216;6433;4
36217;6877;3
36218;8350;2
36219;4558;1
36220;2038;3
36221;2470;5
36222;1496;7
36223;2624;6
36224;3551;1
36225;7404;7
36226;5396;1
36227;4668;6
36228;1626;2
36229;7115;3
36230;2889;6
36231;3399;5
36232;7368;1
36233;7075;3
36234;4244;6
36235;1544;1
36236;4609;2
36237;8743;7
36238;3789;7
36239;1163;7
36240;8595;1
36241;7397;5
36242;4719;3
36243;7334;4
36244;5065;5
36245;5825;4
36246;1191;4
36247;5904;6
36248;1833;1
36249;8947;7
36250;6672;2
36251;4216;3
36252;3025;1
36253;3280;4
36254;6757;7
36255;7833;1
36256;5713;3
36257;8152;6
36258;4741;7
36259;8159;5
36260;2437;5
36261;1997;4
36262;3357;4
36263;2764;3
36264;7314;4
36265;3898;2
36266;5642;4
36267;3730;7
36268;4048;5
36269;2802;2
36270;7195;1
36271;4791;3
36272;3888;3
36273;6724;6
36274;5254;4
36275;4127;4
36276;2042;5
36277;4673;4
36278;6802;6
36279;7885;4
36280;8225;6
36281;4238;1
36282;3702;2
36283;4304;5
36284;4955;7
36285;3019;2
36286;1229;3
36287;7040;7
36288;1601;2
36289;8935;5
36290;7870;4
36291;3389;1
36292;8611;5
36293;3773;5
36294;6131;6
36295;7358;5
36296;1521;3
36297;6702;4
36298;6140;6
36299;3293;1
36300;5836;6
36301;2720;3
36302;2347;3
36303;3930;6
36304;6625;7
36305;7845;6
36306;7649;2
36307;3007;2
36308;2558;2
36309;3074;7
36310;7504;5
36311;8500;5
36312;6482;6
36313;7430;3
36314;3828;5
36315;3822;4
36316;5547;1
36317;4236;6
36318;3872;5
36319;1123;3
36320;4494;6
36321;8243;6
36322;4629;7
36323;4366;5
36324;6300;1
36325;2467;6
36326;1068;7
36327;6154;3
36328;2895;7
36329;1580;6
36330;8650;4
36331;8933;5
36332;1376;3
36333;4569;4
36334;2389;4
36335;4735;6
36336;3425;7
36337;6627;6
36338;1345;4
36339;4673;3
36340;2800;1
36341;1495;3
36342;4720;6
36343;4266;1
36344;3830;1
36345;4422;1
36346;5479;5
36347;5641;7
36348;5873;6
36349;2238;7
36350;6736;6
36351;3824;5
36352;8208;5
36353;5526;6
36354;1945;3
36355;3131;4
36356;6723;4
36357;7995;4
36358;6918;2
36359;8245;1
36360;7786;6
36361;7694;2
36362;2193;5
36363;5841;2
36364;5312;6
36365;6755;4
36366;2481;1
36367;6669;7
36368;6762;1
36369;3739;2
36370;3573;4
36371;3625;5
36372;7038;2
36373;6170;1
36374;1449;5
36375;1192;4
36376;8409;4
36377;2778;1
36378;3895;3
36379;7631;7
36380;6108;2
36381;8032;6
36382;3046;2
36383;3535;3
36384;5976;5
36385;3316;5
36386;6704;4
36387;2943;4
36388;8768;1
36389;2421;3
36390;4271;5
36391;1593;2
36392;6773;3
36393;8119;2
36394;7343;5
36395;3668;2
36396;6701;1
36397;7978;7
36398;8910;7
36399;1902;3
36400;4022;5
36401;6261;4
36402;2185;2
36403;8099;5
36404;2767;7
36405;3781;7
36406;2126;6
36407;8025;3
36408;3778;6
36409;4846;4
36410;5199;4
36411;6047;2
36412;1854;7
36413;2040;3
36414;5158;3
36415;5545;7
36416;8799;3
36417;2851;2
36418;8112;4
36419;3247;2
36420;5705;6
36421;2822;2
36422;6943;2
36423;2984;2
36424;8627;1
36425;4622;4
36426;8714;1
36427;7224;4
36428;3820;1
36429;2589;7
36430;2130;3
36431;6775;3
36432;8346;6
36433;1196;6
36434;5848;4
36435;2612;7
36436;1712;7
36437;1070;2
36438;5425;4
36439;5214;5
36440;3627;4
36441;4960;7
36442;7676;2
36443;2348;7
36444;8927;2
36445;4112;4
36446;8697;5
36447;7132;3
36448;1286;4
36449;8305;7
36450;2445;5
36451;4451;1
36452;2861;4
36453;1279;1
36454;8313;7
36455;7020;6
36456;2267;1
36457;5254;2
36458;4772;7
36459;8291;6
36460;3013;1
36461;3092;7
36462;1356;4
36463;3999;1
36464;5938;6
36465;3382;6
36466;2955;2
36467;5937;2
36468;4321;3
36469;8924;3
36470;7723;7
36471;5087;2
36472;7293;2
36473;4047;7
36474;1563;3
36475;3969;2
36476;8140;7
36477;8347;2
36478;1199;3
36479;7487;5
36480;5557;1
36481;8220;4
36482;2711;4
36483;1870;1
36484;1586;5
36485;8277;4
36486;4043;6
36487;5654;7
36488;7198;7
36489;4245;3
36490;2840;2
36491;5930;3
36492;8916;7
36493;1349;5
36494;7831;6
36495;2460;7
36496;5634;1
36497;3896;2
36498;4618;4
36499;5906;1
36500;8787;7
36501;6785;7
36502;4475;5
36503;3281;2
36504;3363;1
36505;8034;3
36506;3592;5
36507;3629;2
36508;2866;5
36509;6923;6
36510;8838;4
36511;4273;3
36512;6063;4
36513;1869;4
36514;2622;3
36515;1426;3
36516;2145;4
36517;5363;4
36518;8320;7
36519;6453;3
36520;3993;7
36521;3610;5
36522;1227;6
36523;4724;1
36524;4931;4
36525;8062;3
36526;3986;3
36527;5066;2
36528;2465;5
36529;4622;4
36530;4889;5
36531;1401;1
36532;2530;7
36533;5560;6
36534;6865;2
36535;3674;1
36536;5740;1
36537;3866;7
36538;7584;7
36539;7921;7
36540;2594;6
36541;8180;5
36542;7766;6
36543;7956;7
36544;6730;4
36545;4309;3
36546;5640;3
36547;7430;7
36548;3459;6
36549;4748;2
36550;4633;1
36551;6784;1
36552;6030;1
36553;2300;2
36554;2090;6
36555;6714;7
36556;8985;1
36557;1664;7
36558;2983;5
36559;8073;7
36560;7021;5
36561;1301;1
36562;6085;2
36563;5162;4
36564;2989;7
36565;6911;5
36566;2316;2
36567;7216;1
36568;4871;4
36569;1044;2
36570;6217;6
36571;8604;7
36572;7055;7
36573;4799;4
36574;6713;2
36575;1783;3
36576;8776;4
36577;7427;5
36578;2480;5
36579;4919;5
36580;5316;3
36581;7867;4
36582;7736;4
36583;8271;5
36584;3482;2
36585;6513;2
36586;6299;4
36587;7955;5
36588;4640;2
36589;6293;4
36590;3457;4
36591;4177;5
36592;5897;2
36593;6518;7
36594;1460;7
36595;5333;7
36596;5681;2
36597;3156;4
36598;4429;5
36599;2600;4
36600;7085;2
36601;4865;3
36602;6489;7
36603;6158;2
36604;3083;2
36605;8828;2
36606;5051;1
36607;3097;4
36608;2851;5
36609;2113;3
36610;8015;6
36611;6273;7
36612;5370;2
36613;5793;1
36614;1230;2
36615;1327;1
36616;4985;6
36617;3031;4
36618;4018;2
36619;5596;5
36620;6526;6
36621;2340;2
36622;2167;2
36623;6811;1
36624;3668;7
36625;5737;2
36626;8834;3
36627;5185;7
36628;6490;1
36629;5671;2
36630;5340;2
36631;5404;5
36632;4527;1
36633;3103;6
36634;1809;6
36635;8253;2
36636;1455;6
36637;4105;3
36638;5688;5
36639;5068;6
36640;2011;3
36641;7074;2
36642;6101;7
36643;1970;6
36644;2808;6
36645;1436;3
36646;3637;6
36647;4465;1
36648;1252;5
36649;3820;7
36650;1605;4
36651;2776;5
36652;2706;3
36653;6100;2
36654;3950;2
36655;2442;1
36656;1089;2
36657;1813;3
36658;6449;6
36659;2777;4
36660;3988;7
36661;8061;1
36662;6115;4
36663;7581;7
36664;6319;7
36665;1990;1
36666;3918;5
36667;2436;5
36668;6197;3
36669;7994;3
36670;6244;1
36671;6446;1
36672;6679;1
36673;2758;2
36674;7871;6
36675;4165;3
36676;3080;6
36677;5370;2
36678;2218;5
36679;2271;2
36680;4871;7
36681;8273;6
36682;1193;5
36683;7087;2
36684;7485;3
36685;6487;5
36686;6712;1
36687;6725;5
36688;2136;6
36689;7245;6
36690;7907;3
36691;6066;7
36692;3870;7
36693;1602;1
36694;6199;2
36695;4490;5
36696;3958;5
36697;5765;2
36698;8370;7
36699;1066;5
36700;3743;5
36701;8906;3
36702;2754;7
36703;3758;1
36704;1930;2
36705;4543;6
36706;7579;6
36707;8265;7
36708;4435;7
36709;4253;3
36710;1074;6
36711;5103;3
36712;8482;6
36713;8281;7
36714;4605;5
36715;5998;6
36716;7562;7
36717;7478;2
36718;4025;1
36719;5136;4
36720;4978;7
36721;3663;2
36722;1620;1
36723;7893;7
36724;2065;3
36725;5656;6
36726;6156;3
36727;3286;2
36728;1261;2
36729;7460;5
36730;8307;3
36731;7887;5
36732;6286;3
36733;3580;4
36734;2159;4
36735;1841;7
36736;1357;5
36737;1152;3
36738;3472;3
36739;6308;1
36740;7909;4
36741;4838;7
36742;7032;7
36743;5755;4
36744;8040;5
36745;7164;4
36746;7475;4
36747;6239;6
36748;3066;2
36749;8509;2
36750;4822;2
36751;8272;2
36752;2035;5
36753;8691;7
36754;3932;7
36755;2696;1
36756;4247;1
36757;3297;3
36758;8477;7
36759;6056;4
36760;7207;1
36761;7402;7
36762;6676;1
36763;4507;1
36764;3368;5
36765;7198;6
36766;4732;3
36767;3108;6
36768;2223;2
36769;5866;3
36770;4641;1
36771;2602;1
36772;8940;4
36773;5894;6
36774;1416;2
36775;6423;3
36776;1203;1
36777;1207;5
36778;7944;4
36779;6236;4
36780;3331;3
36781;1250;1
36782;2097;7
36783;7109;7
36784;8030;7
36785;2950;7
36786;5693;5
36787;4090;1
36788;6597;4
36789;4334;7
36790;6143;6
36791;3544;3
36792;6366;6
36793;2668;7
36794;4033;7
36795;1048;7
36796;5417;4
36797;6291;3
36798;3791;2
36799;4839;7
36800;4982;6
36801;6812;4
36802;3665;4
36803;7395;2
36804;1465;2
36805;1644;5
36806;2699;2
36807;1696;1
36808;7846;3
36809;4509;4
36810;8789;2
36811;8438;4
36812;7857;2
36813;4232;2
36814;1810;5
36815;2747;3
36816;5087;7
36817;7387;6
36818;7544;4
36819;3988;5
36820;6032;6
36821;5484;2
36822;4737;6
36823;3443;3
36824;4629;7
36825;6558;2
36826;3566;6
36827;1783;6
36828;8365;4
36829;8261;1
36830;3523;5
36831;5068;3
36832;6729;6
36833;4915;7
36834;5365;4
36835;3809;5
36836;5436;7
36837;3251;7
36838;3329;6
36839;4889;6
36840;6386;5
36841;8210;1
36842;5502;1
36843;6310;2
36844;1080;6
36845;3848;4
36846;6264;1
36847;7066;1
36848;4417;1
36849;4243;7
36850;5206;1
36851;7724;1
36852;5395;2
36853;6109;5
36854;6611;1
36855;7002;6
36856;6262;7
36857;3417;2
36858;5080;2
36859;3826;1
36860;1518;3
36861;4437;3
36862;8436;6
36863;1489;7
36864;4994;7
36865;7872;6
36866;7239;3
36867;2796;3
36868;2745;6
36869;8184;7
36870;8759;3
36871;3135;2
36872;1648;1
36873;6330;6
36874;4873;4
36875;6348;1
36876;8612;1
36877;2528;1
36878;8673;3
36879;1557;4
36880;8194;7
36881;1351;1
36882;4514;2
36883;8885;3
36884;3006;5
36885;7651;7
36886;3911;3
36887;7633;1
36888;8534;3
36889;8128;2
36890;8186;2
36891;2628;6
36892;7643;3
36893;5641;2
36894;5917;3
36895;1204;6
36896;2004;2
36897;5827;2
36898;2661;3
36899;7309;7
36900;4936;6
36901;8062;4
36902;2280;3
36903;7347;3
36904;7896;4
36905;6942;6
36906;4524;2
36907;7026;1
36908;1998;1
36909;8198;3
36910;4298;5
36911;6547;4
36912;4341;5
36913;1007;4
36914;5240;5
36915;1941;7
36916;2122;1
36917;8090;7
36918;4386;6
36919;5653;6
36920;7996;5
36921;6369;1
36922;3384;6
36923;2695;4
36924;3182;4
36925;5393;2
36926;7400;3
36927;8771;4
36928;5532;2
36929;2912;4
36930;6763;5
36931;7884;3
36932;5106;1
36933;6864;7
36934;8102;2
36935;5191;5
36936;3022;4
36937;7591;6
36938;2882;3
36939;5482;3
36940;1121;3
36941;1007;2
36942;3427;2
36943;4360;2
36944;3914;7
36945;5389;2
36946;5285;7
36947;4080;1
36948;4815;3
36949;4332;7
36950;2088;2
36951;3151;4
36952;4031;7
36953;5410;6
36954;3624;6
36955;1962;6
36956;5069;6
36957;6158;3
36958;5695;3
36959;1189;6
36960;3342;2
36961;3305;1
36962;1078;4
36963;2194;4
36964;5838;3
36965;6508;7
36966;5765;2
36967;5718;5
36968;7429;5
36969;5074;3
36970;8453;5
36971;3040;6
36972;3182;1
36973;5577;7
36974;3844;1
36975;7991;2
36976;6270;3
36977;3032;7
36978;2396;4
36979;6477;5
36980;1287;3
36981;1882;2
36982;8345;1
36983;8907;2
36984;8467;6
36985;4689;4
36986;5767;2
36987;5323;1
36988;5495;1
36989;7086;7
36990;5374;4
36991;5990;3
36992;5711;5
36993;7037;4
36994;5099;5
36995;3198;4
36996;8492;3
36997;5436;5
36998;5366;1
36999;6424;5
37000;3366;2
37001;1923;6
37002;1243;3
37003;2001;2
37004;6311;1
37005;2678;3
37006;2602;2
37007;7193;4
37008;8678;1
37009;4332;6
37010;4518;4
37011;7737;3
37012;7212;3
37013;7135;1
37014;7858;5
37015;4014;7
37016;3508;3
37017;3353;7
37018;7185;2
37019;8834;4
37020;1188;1
37021;5539;7
37022;2775;5
37023;1439;4
37024;7838;1
37025;6885;4
37026;5055;6
37027;4100;3
37028;6547;1
37029;3370;3
37030;6520;5
37031;2240;2
37032;4499;5
37033;5509;5
37034;1135;7
37035;6210;6
37036;6898;2
37037;6607;1
37038;5341;7
37039;7429;2
37040;4390;3
37041;4600;2
37042;2635;6
37043;6576;6
37044;3018;7
37045;7990;6
37046;6671;7
37047;3828;5
37048;1997;6
37049;2827;4
37050;5365;3
37051;2536;6
37052;8907;6
37053;7905;5
37054;4615;4
37055;3897;4
37056;1039;4
37057;6191;6
37058;3112;6
37059;2650;7
37060;3278;4
37061;3825;5
37062;7288;2
37063;8067;6
37064;8653;6
37065;2577;6
37066;8497;4
37067;5389;6
37068;6636;7
37069;5675;6
37070;3346;5
37071;2047;3
37072;8059;1
37073;6817;3
37074;1917;6
37075;7325;6
37076;5284;7
37077;7368;4
37078;4634;5
37079;5388;3
37080;1307;4
37081;7500;5
37082;1828;7
37083;5152;4
37084;7343;1
37085;7451;6
37086;4125;7
37087;1440;4
37088;3973;5
37089;2467;3
37090;1385;1
37091;5323;3
37092;3707;2
37093;3372;6
37094;7022;5
37095;8081;7
37096;2169;2
37097;7498;6
37098;3241;6
37099;2479;2
37100;3493;3
37101;1904;6
37102;7005;3
37103;1614;3
37104;7911;1
37105;7944;7
37106;6522;3
37107;1737;4
37108;5889;5
37109;3128;5
37110;6850;2
37111;3148;3
37112;6873;4
37113;1380;7
37114;7415;6
37115;2874;5
37116;5170;3
37117;3369;6
37118;6389;1
37119;1347;3
37120;6941;2
37121;2422;7
37122;7858;1
37123;4165;7
37124;4353;7
37125;3213;2
37126;6104;7
37127;3872;1
37128;2174;2
37129;8044;3
37130;4860;7
37131;2566;2
37132;2641;7
37133;3487;4
37134;6371;3
37135;9000;5
37136;5706;3
37137;8774;4
37138;7007;1
37139;5617;7
37140;1616;7
37141;4499;7
37142;8271;7
37143;4117;7
37144;5133;5
37145;7499;3
37146;8081;6
37147;8617;1
37148;5874;4
37149;8799;4
37150;2825;7
37151;2613;3
37152;3342;4
37153;4718;4
37154;7571;7
37155;6744;5
37156;5863;3
37157;2295;2
37158;7458;4
37159;8986;1
37160;7436;3
37161;8632;3
37162;6977;6
37163;2405;3
37164;3250;4
37165;1669;5
37166;4454;7
37167;3884;7
37168;3570;5
37169;3547;3
37170;3352;2
37171;8732;4
37172;6597;2
37173;1506;7
37174;3728;6
37175;6489;4
37176;3840;4
37177;4444;5
37178;4977;1
37179;3515;5
37180;5788;3
37181;5899;5
37182;1063;6
37183;5049;7
37184;4101;3
37185;1586;4
37186;7627;3
37187;1502;2
37188;7930;4
37189;2234;6
37190;1939;3
37191;7448;1
37192;6960;6
37193;4667;7
37194;8035;2
37195;7613;4
37196;3758;2
37197;2210;7
37198;7744;7
37199;4026;1
37200;2523;2
37201;4514;1
37202;8550;7
37203;8727;5
37204;6093;3
37205;2945;2
37206;4334;5
37207;1009;3
37208;1238;2
37209;6661;6
37210;5858;4
37211;4735;1
37212;5981;5
37213;5623;5
37214;7157;3
37215;6875;5
37216;5253;3
37217;4860;6
37218;8543;7
37219;4216;5
37220;8614;5
37221;8668;7
37222;7903;1
37223;3234;2
37224;3002;7
37225;2509;4
37226;1771;7
37227;7257;5
37228;2116;7
37229;1797;6
37230;4623;7
37231;8700;1
37232;7714;2
37233;1229;6
37234;4122;5
37235;4193;7
37236;3130;1
37237;4274;7
37238;1940;5
37239;1415;1
37240;6552;6
37241;5350;5
37242;3921;5
37243;2480;4
37244;7563;1
37245;6059;6
37246;6035;1
37247;3383;4
37248;8625;3
37249;4239;2
37250;8708;4
37251;1719;4
37252;2076;3
37253;2964;6
37254;7882;6
37255;7830;3
37256;7471;3
37257;1024;5
37258;3733;7
37259;6642;1
37260;1289;4
37261;3884;6
37262;6838;3
37263;1675;4
37264;6146;3
37265;5392;7
37266;2366;4
37267;4657;2
37268;7348;1
37269;6575;3
37270;5010;5
37271;7381;4
37272;4991;3
37273;8752;6
37274;4360;2
37275;4487;2
37276;7852;7
37277;7272;5
37278;8219;6
37279;4627;7
37280;1980;1
37281;2830;2
37282;2038;5
37283;5547;3
37284;6499;1
37285;5648;3
37286;6764;2
37287;4525;3
37288;6385;4
37289;8510;3
37290;1078;3
37291;7202;1
37292;3794;5
37293;5661;6
37294;8536;5
37295;3784;2
37296;2908;2
37297;5393;1
37298;8037;2
37299;3849;5
37300;7961;4
37301;1574;2
37302;1145;7
37303;4101;6
37304;6725;1
37305;6018;3
37306;7420;6
37307;3404;4
37308;2290;1
37309;4313;4
37310;8466;3
37311;6259;1
37312;8283;1
37313;6059;3
37314;3000;1
37315;6024;5
37316;6671;3
37317;1309;2
37318;4944;7
37319;8425;6
37320;6867;2
37321;5226;2
37322;4958;3
37323;7169;2
37324;3506;7
37325;4724;1
37326;2085;5
37327;1191;2
37328;4769;2
37329;5683;6
37330;7181;6
37331;4513;3
37332;5629;5
37333;2592;2
37334;2464;5
37335;2619;7
37336;5798;4
37337;3561;2
37338;5208;2
37339;1281;2
37340;3179;3
37341;8711;2
37342;5943;4
37343;8432;7
37344;8587;2
37345;3716;1
37346;8147;2
37347;1578;4
37348;5635;3
37349;6443;4
37350;6131;7
37351;1702;6
37352;3604;4
37353;8290;5
37354;8451;6
37355;7956;6
37356;7359;5
37357;2173;7
37358;3960;5
37359;3040;3
37360;6429;2
37361;5536;2
37362;6729;4
37363;2781;7
37364;4248;7
37365;5259;5
37366;7268;3
37367;1355;1
37368;8333;3
37369;8759;7
37370;6723;6
37371;8307;4
37372;7440;1
37373;5426;7
37374;2129;2
37375;4493;1
37376;1623;4
37377;7617;2
37378;5786;2
37379;8130;1
37380;1039;3
37381;7627;3
37382;6991;4
37383;6710;5
37384;2255;1
37385;6225;7
37386;3552;4
37387;5637;2
37388;1903;4
37389;3877;2
37390;2499;7
37391;5443;2
37392;3426;2
37393;3454;7
37394;6329;3
37395;8596;7
37396;7506;3
37397;1867;6
37398;2410;4
37399;1170;1
37400;1787;1
37401;4456;7
37402;4547;4
37403;7472;6
37404;2470;7
37405;5516;6
37406;6576;3
37407;3827;4
37408;5947;2
37409;4882;4
37410;7600;4
37411;7446;3
37412;4387;7
37413;3112;2
37414;1578;6
37415;5250;6
37416;5658;3
37417;4018;3
37418;8224;7
37419;2162;7
37420;3846;7
37421;3573;2
37422;4040;5
37423;4292;6
37424;7706;3
37425;3515;2
37426;1933;1
37427;1036;6
37428;1767;6
37429;2478;1
37430;5059;5
37431;6210;1
37432;5412;4
37433;4344;1
37434;7260;1
37435;2491;4
37436;6435;1
37437;2510;2
37438;4826;2
37439;7020;4
37440;2925;1
37441;5736;1
37442;6978;1
37443;7311;2
37444;6446;7
37445;5911;4
37446;1410;6
37447;6727;1
37448;3916;1
37449;2601;7
37450;5853;1
37451;3668;6
37452;3588;3
37453;4230;1
37454;4991;6
37455;8514;7
37456;4041;2
37457;7850;4
37458;5234;3
37459;4664;7
37460;5073;7
37461;7187;2
37462;4001;5
37463;4451;5
37464;2028;7
37465;2120;7
37466;6553;4
37467;8365;2
37468;3003;2
37469;2820;3
37470;6036;5
37471;8621;1
37472;4037;6
37473;3069;1
37474;5392;5
37475;3749;7
37476;1080;7
37477;1086;6
37478;2143;2
37479;6170;2
37480;1848;2
37481;1669;7
37482;3989;6
37483;2124;5
37484;5777;2
37485;4462;1
37486;8507;7
37487;7542;3
37488;4643;6
37489;1890;5
37490;5809;4
37491;1310;3
37492;3338;5
37493;3954;3
37494;3087;7
37495;8314;2
37496;6391;3
37497;6644;5
37498;8880;4
37499;5054;5
37500;6660;3
37501;6975;7
37502;6282;5
37503;6352;1
37504;5387;4
37505;7868;3
37506;8626;5
37507;4932;2
37508;3946;6
37509;5961;2
37510;8281;1
37511;1411;3
37512;2588;7
37513;6328;4
37514;5338;1
37515;2276;4
37516;3969;3
37517;8010;7
37518;6630;2
37519;8407;1
37520;1843;5
37521;4727;1
37522;8016;1
37523;2195;6
37524;4522;6
37525;6952;1
37526;8089;1
37527;6332;1
37528;8616;7
37529;8656;5
37530;2403;4
37531;6308;3
37532;5683;4
37533;2579;6
37534;5500;4
37535;1538;5
37536;4881;2
37537;4597;4
37538;3901;1
37539;4159;2
37540;8679;1
37541;7437;1
37542;6864;1
37543;8824;2
37544;4653;5
37545;7040;1
37546;7373;4
37547;7771;2
37548;3351;7
37549;2312;5
37550;1500;1
37551;8791;7
37552;6067;5
37553;4808;3
37554;3210;7
37555;6788;6
37556;4506;3
37557;4491;2
37558;8200;7
37559;1570;3
37560;2388;2
37561;3234;2
37562;3722;2
37563;6644;4
37564;5718;2
37565;7147;1
37566;8730;2
37567;5839;5
37568;7674;4
37569;4562;4
37570;4936;3
37571;4126;1
37572;7178;7
37573;5063;1
37574;7517;5
37575;7444;1
37576;7320;3
37577;2545;6
37578;5145;4
37579;6283;3
37580;8088;1
37581;7151;5
37582;1244;2
37583;1636;7
37584;4199;3
37585;5661;2
37586;8529;6
37587;7250;6
37588;3573;3
37589;3510;2
37590;8851;4
37591;3956;5
37592;8410;3
37593;8180;3
37594;6165;7
37595;6365;6
37596;3019;7
37597;6593;7
37598;7829;6
37599;3328;2
37600;7647;7
37601;1222;6
37602;4108;1
37603;2096;6
37604;7024;2
37605;8364;5
37606;3766;6
37607;8135;1
37608;7461;4
37609;4349;4
37610;3318;5
37611;3430;6
37612;3848;3
37613;8753;7
37614;3770;6
37615;2162;1
37616;6523;3
37617;7240;3
37618;7477;6
37619;1099;7
37620;3567;5
37621;5965;3
37622;1566;5
37623;5497;6
37624;8885;3
37625;1151;5
37626;3195;2
37627;4918;7
37628;4374;1
37629;4788;2
37630;8219;6
37631;8513;6
37632;8698;5
37633;3464;6
37634;4480;6
37635;7123;6
37636;4454;7
37637;4444;4
37638;3445;5
37639;8797;2
37640;4033;1
37641;3927;6
37642;1401;4
37643;2553;3
37644;4751;4
37645;4262;4
37646;2802;3
37647;7142;3
37648;1539;5
37649;6851;3
37650;4801;5
37651;5134;5
37652;1525;1
37653;2971;3
37654;7606;1
37655;1861;5
37656;7158;6
37657;6073;2
37658;2408;2
37659;3342;7
37660;8460;7
37661;8987;5
37662;2102;1
37663;1914;2
37664;1473;5
37665;4295;7
37666;8783;1
37667;3127;1
37668;7331;3
37669;3151;6
37670;5569;2
37671;6345;6
37672;7580;4
37673;1805;7
37674;4400;1
37675;4345;2
37676;3076;5
37677;8873;3
37678;5147;6
37679;3765;2
37680;6194;4
37681;6444;4
37682;4667;1
37683;2271;3
37684;4730;7
37685;5720;1
37686;1802;7
37687;4538;2
37688;4293;5
37689;3301;1
37690;8753;5
37691;1492;6
37692;8374;4
37693;7273;1
37694;4118;6
37695;6721;6
37696;6688;6
37697;1550;3
37698;6647;7
37699;3862;2
37700;1364;5
37701;6824;6
37702;1910;5
37703;5959;6
37704;4918;5
37705;6666;6
37706;4570;2
37707;6773;2
37708;3022;3
37709;1262;6
37710;3414;1
37711;5686;2
37712;7361;2
37713;7883;6
37714;1814;1
37715;1332;2
37716;7354;2
37717;6197;5
37718;1171;5
37719;4441;2
37720;7570;1
37721;2294;3
37722;6468;6
37723;6805;6
37724;1788;3
37725;4837;1
37726;7193;1
37727;2829;4
37728;6238;5
37729;2205;6
37730;8714;1
37731;4123;4
37732;3268;4
37733;4641;5
37734;7301;1
37735;7144;5
37736;6276;2
37737;6603;4
37738;8338;2
37739;2924;4
37740;7309;4
37741;3872;3
37742;3129;7
37743;3300;5
37744;4794;7
37745;1462;6
37746;6669;1
37747;2268;7
37748;1784;6
37749;2185;5
37750;4171;4
37751;1683;5
37752;6474;7
37753;6523;4
37754;3049;2
37755;7461;4
37756;6708;1
37757;6301;7
37758;2370;5
37759;3878;3
37760;7491;2
37761;8641;2
37762;2201;5
37763;7133;4
37764;7527;6
37765;1357;3
37766;5094;4
37767;1021;3
37768;3847;1
37769;3584;5
37770;8609;6
37771;7230;5
37772;3894;3
37773;3884;1
37774;3236;1
37775;3250;1
37776;3476;7
37777;6465;4
37778;8959;2
37779;4634;3
37780;1032;1
37781;1359;2
37782;4374;4
37783;7472;3
37784;3935;4
37785;3595;5
37786;5614;7
37787;1159;5
37788;2718;3
37789;8454;3
37790;6579;5
37791;4141;7
37792;8531;4
37793;6008;1
37794;2436;6
37795;6103;7
37796;7404;7
37797;3647;2
37798;7825;1
37799;6042;4
37800;7367;5
37801;4306;1
37802;1133;2
37803;2547;6
37804;1348;2
37805;6429;5
37806;4249;1
37807;7035;1
37808;7885;6
37809;2365;2
37810;8198;5
37811;4447;7
37812;1230;7
37813;5330;2
37814;3523;2
37815;8110;5
37816;6569;7
37817;4177;3
37818;2679;5
37819;1954;5
37820;3154;6
37821;7604;3
37822;2475;4
37823;6149;7
37824;3980;6
37825;2266;4
37826;4511;5
37827;6639;2
37828;5429;1
37829;1260;1
37830;1170;7
37831;6374;5
37832;1949;1
37833;4299;4
37834;3378;6
37835;1259;4
37836;8606;4
37837;1003;2
37838;8407;6
37839;8264;6
37840;5381;2
37841;2467;1
37842;4220;1
37843;5334;3
37844;2021;3
37845;1586;3
37846;7587;1
37847;6603;1
37848;8241;3
37849;7562;7
37850;7859;2
37851;6065;3
37852;4562;7
37853;1509;2
37854;2314;6
37855;7754;1
37856;6064;5
37857;2055;2
37858;4656;7
37859;8853;6
37860;1809;5
37861;7005;2
37862;6459;6
37863;3823;1
37864;1467;1
37865;8496;1
37866;4983;6
37867;4547;5
37868;5894;2
37869;1077;1
37870;3030;1
37871;4327;7
37872;7851;5
37873;6748;2
37874;1450;1
37875;6750;5
37876;6360;7
37877;7031;6
37878;1246;3
37879;8088;2
37880;2330;5
37881;5916;4
37882;1903;7
37883;4638;1
37884;4366;5
37885;2847;4
37886;2821;2
37887;3741;6
37888;5924;7
37889;3940;6
37890;4449;6
37891;2671;7
37892;6777;7
37893;4496;1
37894;5813;4
37895;7173;6
37896;2716;7
37897;5786;2
37898;2186;5
37899;4535;4
37900;2054;4
37901;1962;1
37902;7202;2
37903;7100;3
37904;1576;4
37905;3528;7
37906;4225;4
37907;2731;3
37908;5235;3
37909;1589;3
37910;5163;4
37911;5378;4
37912;3611;1
37913;3095;4
37914;2251;2
37915;5925;3
37916;3788;4
37917;4116;4
37918;6894;5
37919;7331;4
37920;8049;7
37921;5021;7
37922;8702;7
37923;6391;4
37924;3974;3
37925;7944;5
37926;8307;4
37927;3686;2
37928;4038;2
37929;4766;1
37930;2062;1
37931;6220;3
37932;6328;6
37933;1138;4
37934;4065;6
37935;6195;6
37936;8055;1
37937;8711;7
37938;1248;2
37939;7291;2
37940;3935;7
37941;5102;5
37942;4314;5
37943;6073;6
37944;6120;6
37945;2968;3
37946;4662;1
37947;7381;4
37948;8623;1
37949;4089;7
37950;2188;7
37951;6026;3
37952;5379;4
37953;8171;1
37954;8107;2
37955;5572;4
37956;1968;7
37957;7073;3
37958;4683;1
37959;4221;6
37960;5755;6
37961;6937;6
37962;6545;6
37963;6845;2
37964;2235;6
37965;8539;5
37966;2216;7
37967;8114;6
37968;7687;4
37969;6821;7
37970;6060;5
37971;7655;7
37972;6233;4
37973;4679;3
37974;3297;6
37975;1697;7
37976;5798;6
37977;7804;6
37978;7144;2
37979;8225;4
37980;5970;7
37981;5923;4
37982;1522;2
37983;7085;5
37984;2717;3
37985;5813;7
37986;6805;3
37987;6437;4
37988;2917;4
37989;2092;3
37990;5951;5
37991;3169;7
37992;8940;1
37993;3803;2
37994;4304;3
37995;6542;4
37996;1434;6
37997;3256;3
37998;5888;7
37999;7013;4
38000;5384;4
38001;3243;4
38002;2029;5
38003;5317;3
38004;3157;7
38005;1645;7
38006;2245;1
38007;7851;5
38008;5858;7
38009;1824;2
38010;3345;3
38011;6133;7
38012;7005;5
38013;4374;2
38014;4964;1
38015;8909;4
38016;8028;4
38017;1695;6
38018;5870;4
38019;2785;7
38020;4179;1
38021;6047;7
38022;5411;1
38023;6673;4
38024;1709;4
38025;6109;4
38026;4255;6
38027;7811;6
38028;6006;7
38029;2713;3
38030;8834;3
38031;3703;4
38032;6114;7
38033;4594;2
38034;6020;6
38035;3670;2
38036;8260;7
38037;2771;2
38038;8853;3
38039;1704;4
38040;1263;1
38041;6006;6
38042;7067;2
38043;4793;5
38044;3889;1
38045;4212;5
38046;3175;6
38047;5169;1
38048;7514;3
38049;5319;7
38050;3211;3
38051;8048;5
38052;3910;6
38053;8524;2
38054;3960;6
38055;4538;4
38056;7428;2
38057;1676;2
38058;1256;5
38059;7473;6
38060;7568;2
38061;2073;2
38062;4783;5
38063;3737;1
38064;4084;7
38065;1983;7
38066;1575;6
38067;1444;3
38068;2994;6
38069;3513;3
38070;6333;4
38071;8450;2
38072;1372;3
38073;7727;1
38074;1310;4
38075;4199;6
38076;5704;2
38077;8111;2
38078;5125;1
38079;6007;4
38080;6097;6
38081;4510;3
38082;2214;7
38083;4168;4
38084;3090;3
38085;3301;3
38086;1089;5
38087;7345;3
38088;5683;1
38089;6965;4
38090;3142;7
38091;3062;7
38092;4271;4
38093;5168;5
38094;8368;3
38095;1850;2
38096;3477;4
38097;4810;4
38098;2244;5
38099;5825;3
38100;4063;7
38101;2652;7
38102;2740;2
38103;2691;4
38104;8281;6
38105;8478;6
38106;2991;4
38107;4156;6
38108;5064;6
38109;4854;4
38110;5319;2
38111;7297;1
38112;4315;1
38113;4061;3
38114;2129;6
38115;2927;2
38116;3197;5
38117;8493;6
38118;8066;3
38119;3817;3
38120;1376;1
38121;4673;2
38122;6624;5
38123;8271;7
38124;8669;6
38125;2749;6
38126;2195;4
38127;1843;3
38128;1511;5
38129;2243;5
38130;2806;3
38131;5653;7
38132;8919;5
38133;3466;2
38134;7978;6
38135;8767;4
38136;7264;7
38137;3408;4
38138;7278;7
38139;7593;3
38140;7005;3
38141;8552;1
38142;2902;7
38143;7420;4
38144;3884;3
38145;3877;6
38146;5535;2
38147;1536;5
38148;4336;5
38149;4815;2
38150;4450;1
38151;4780;3
38152;4271;2
38153;4403;3
38154;8158;1
38155;1845;3
38156;1311;3
38157;8100;6
38158;2786;3
38159;1798;1
38160;4847;3
38161;1013;3
38162;2936;5
38163;5043;4
38164;5448;1
38165;5467;5
38166;8246;2
38167;6043;1
38168;4814;1
38169;6055;2
38170;5621;5
38171;4069;3
38172;6464;6
38173;3101;3
38174;8091;5
38175;7520;3
38176;1579;1
38177;3258;2
38178;1393;2
38179;2170;4
38180;4098;3
38181;5648;3
38182;1279;1
38183;1743;3
38184;7761;3
38185;5403;2
38186;2670;3
38187;3305;1
38188;2185;1
38189;7993;6
38190;1664;5
38191;3782;4
38192;3035;4
38193;7477;3
38194;3268;6
38195;3121;3
38196;5315;4
38197;7679;3
38198;4573;5
38199;3666;4
38200;8388;4
38201;2705;4
38202;5272;4
38203;1997;7
38204;4695;6
38205;4680;7
38206;4110;1
38207;4475;1
38208;5133;6
38209;7833;4
38210;1491;5
38211;1823;5
38212;3895;1
38213;5888;5
38214;5255;5
38215;1524;6
38216;6284;5
38217;7742;3
38218;4748;7
38219;8432;7
38220;6232;3
38221;3759;5
38222;5092;2
38223;6120;3
38224;5339;5
38225;6081;4
38226;6500;5
38227;2847;7
38228;4910;4
38229;3054;1
38230;3463;3
38231;6826;7
38232;6215;6
38233;4655;5
38234;2239;5
38235;6914;5
38236;8382;5
38237;1793;5
38238;4726;3
38239;8477;1
38240;7232;4
38241;4590;4
38242;5191;5
38243;8305;4
38244;7219;3
38245;5963;4
38246;3917;1
38247;1271;6
38248;2123;2
38249;7616;4
38250;7230;4
38251;4367;7
38252;2671;3
38253;7509;1
38254;8475;3
38255;2002;7
38256;3539;7
38257;5754;6
38258;1494;3
38259;6647;3
38260;8259;4
38261;6101;2
38262;5294;7
38263;2136;7
38264;4853;6
38265;7785;5
38266;4286;6
38267;6541;6
38268;1521;1
38269;5388;4
38270;5840;6
38271;5047;3
38272;2168;2
38273;8462;7
38274;1281;4
38275;7392;3
38276;2910;1
38277;4312;2
38278;2719;2
38279;2449;4
38280;6001;1
38281;2405;7
38282;1869;5
38283;3962;5
38284;5152;5
38285;2664;3
38286;3816;5
38287;8629;3
38288;2704;4
38289;4698;3
38290;2783;2
38291;7601;5
38292;4341;6
38293;1811;7
38294;6420;3
38295;4943;7
38296;4314;3
38297;4530;2
38298;5993;7
38299;7849;3
38300;6370;5
38301;5534;6
38302;8093;6
38303;7682;3
38304;4081;7
38305;4565;6
38306;7781;1
38307;5429;2
38308;6010;1
38309;1369;6
38310;8887;4
38311;3106;3
38312;6377;4
38313;1144;3
38314;3429;4
38315;8258;6
38316;5203;6
38317;1623;5
38318;7054;1
38319;1160;7
38320;7402;6
38321;8557;6
38322;5863;1
38323;4607;7
38324;3231;5
38325;8956;3
38326;6526;1
38327;6968;5
38328;7179;5
38329;1844;7
38330;8055;3
38331;8947;1
38332;2086;4
38333;8865;6
38334;3618;6
38335;6936;6
38336;8206;7
38337;7603;1
38338;7325;4
38339;3312;1
38340;6196;6
38341;7737;2
38342;4935;1
38343;1354;2
38344;6838;2
38345;4372;7
38346;2092;2
38347;5108;3
38348;8011;7
38349;1599;2
38350;7454;2
38351;5284;5
38352;7601;1
38353;5762;2
38354;6735;1
38355;8793;6
38356;5952;5
38357;8747;3
38358;7703;2
38359;6305;2
38360;6416;5
38361;4378;4
38362;3888;7
38363;3489;6
38364;4853;6
38365;1060;3
38366;7657;4
38367;6933;2
38368;4645;6
38369;2567;6
38370;1384;1
38371;1336;6
38372;2431;1
38373;2273;1
38374;5129;5
38375;6547;4
38376;6278;5
38377;8225;6
38378;4481;3
38379;3319;7
38380;7006;1
38381;2527;2
38382;7851;3
38383;2716;7
38384;7597;6
38385;3951;3
38386;7551;7
38387;8174;5
38388;7643;1
38389;4081;1
38390;8893;6
38391;6775;5
38392;2172;3
38393;1644;2
38394;4653;2
38395;4660;4
38396;3420;7
38397;2804;7
38398;6734;3
38399;3740;4
38400;6535;6
38401;6090;1
38402;1613;7
38403;6800;1
38404;5613;2
38405;1130;2
38406;5528;3
38407;1626;3
38408;4123;2
38409;5336;7
38410;5923;7
38411;7471;2
38412;1403;6
38413;1172;1
38414;7578;5
38415;5073;2
38416;3407;6
38417;3998;6
38418;5674;6
38419;3211;2
38420;8079;3
38421;3991;5
38422;6089;5
38423;4478;2
38424;6409;3
38425;2482;4
38426;6952;2
38427;2704;6
38428;7262;6
38429;4087;5
38430;6498;7
38431;4624;2
38432;6878;7
38433;5542;2
38434;7817;7
38435;7738;3
38436;7141;2
38437;3637;6
38438;7161;7
38439;6050;7
38440;5342;6
38441;4992;1
38442;2154;6
38443;4888;4
38444;2129;6
38445;5144;6
38446;6058;7
38447;6791;6
38448;3796;5
38449;1670;3
38450;1166;1
38451;3685;7
38452;4230;3
38453;6098;7
38454;8584;7
38455;8813;7
38456;5252;5
38457;3537;4
38458;6790;5
38459;4789;3
38460;6177;3
38461;5574;5
38462;5916;3
38463;4421;3
38464;7534;3
38465;1698;7
38466;6086;1
38467;2672;4
38468;6474;4
38469;8850;1
38470;3907;5
38471;3617;7
38472;3065;4
38473;7923;7
38474;8671;4
38475;8588;2
38476;4344;3
38477;5726;4
38478;8239;2
38479;1687;6
38480;5631;4
38481;4099;5
38482;5838;6
38483;1315;7
38484;3876;4
38485;1175;1
38486;3273;1
38487;6495;5
38488;3896;7
38489;2415;4
38490;3525;1
38491;3814;4
38492;5820;5
38493;3393;1
38494;8447;2
38495;7071;7
38496;3827;2
38497;8767;3
38498;7304;7
38499;3018;6
38500;1324;5
38501;4402;2
38502;5282;5
38503;7572;1
38504;5590;4
38505;2329;2
38506;8714;3
38507;7331;3
38508;7740;7
38509;8701;3
38510;1834;7
38511;4643;1
38512;5522;3
38513;4257;1
38514;3443;3
38515;8703;6
38516;2844;7
38517;3667;4
38518;1141;4
38519;7678;5
38520;7832;6
38521;4321;3
38522;8972;6
38523;6733;1
38524;6078;7
38525;8850;2
38526;5620;4
38527;3599;4
38528;5912;6
38529;7338;4
38530;1695;2
38531;4412;3
38532;6633;7
38533;5028;7
38534;7544;1
38535;4824;5
38536;7291;6
38537;4272;6
38538;5832;7
38539;8973;6
38540;4886;5
38541;2060;1
38542;7016;1
38543;1222;6
38544;4896;5
38545;4161;7
38546;8541;5
38547;4044;2
38548;2434;1
38549;7300;2
38550;5964;5
38551;3098;6
38552;7124;7
38553;6896;2
38554;1005;2
38555;4714;4
38556;2121;2
38557;2550;3
38558;3552;1
38559;7474;4
38560;2348;2
38561;4090;7
38562;7813;4
38563;7222;7
38564;2072;5
38565;2255;1
38566;3109;2
38567;4513;6
38568;5444;1
38569;2703;4
38570;7138;6
38571;6439;5
38572;5468;3
38573;3260;5
38574;8826;1
38575;4308;4
38576;4577;4
38577;2408;5
38578;6693;4
38579;5194;5
38580;1760;5
38581;5521;5
38582;4648;5
38583;3725;3
38584;7520;6
38585;8967;7
38586;4927;5
38587;2660;2
38588;1745;4
38589;7430;6
38590;8938;3
38591;1424;3
38592;3064;2
38593;4857;7
38594;7980;4
38595;5213;1
38596;5111;7
38597;8365;1
38598;5285;4
38599;8300;3
38600;3978;5
38601;5956;5
38602;8778;6
38603;3678;6
38604;7635;5
38605;4179;3
38606;4294;3
38607;5808;2
38608;1242;2
38609;2723;4
38610;6972;6
38611;4920;3
38612;5896;7
38613;5147;5
38614;5872;5
38615;2638;2
38616;6476;1
38617;5619;6
38618;8583;2
38619;8599;6
38620;5296;6
38621;8894;2
38622;4514;4
38623;3976;1
38624;1576;3
38625;1405;2
38626;6921;2
38627;6355;5
38628;2217;5
38629;2898;1
38630;8988;6
38631;4135;2
38632;2729;1
38633;6364;3
38634;5733;2
38635;2246;1
38636;8334;3
38637;7703;2
38638;8513;3
38639;3031;5
38640;8864;7
38641;7773;1
38642;2306;6
38643;2316;6
38644;6705;4
38645;5673;4
38646;4124;2
38647;2945;2
38648;2579;7
38649;8238;6
38650;5040;2
38651;5231;3
38652;3252;4
38653;2468;7
38654;8081;2
38655;5183;7
38656;4942;3
38657;5425;4
38658;3609;5
38659;6418;5
38660;3630;2
38661;2787;5
38662;2210;4
38663;3000;6
38664;8062;5
38665;6571;4
38666;5329;4
38667;4166;1
38668;3717;3
38669;2371;7
38670;4804;5
38671;8109;4
38672;1952;3
38673;6699;1
38674;2038;2
38675;1630;6
38676;7012;1
38677;3329;1
38678;8219;4
38679;5965;1
38680;4736;7
38681;8585;2
38682;2071;3
38683;8408;4
38684;5714;3
38685;5964;7
38686;5548;4
38687;2346;5
38688;7751;3
38689;7003;5
38690;3533;1
38691;6386;7
38692;1890;6
38693;8303;3
38694;3605;5
38695;1069;1
38696;6130;5
38697;4684;5
38698;8793;7
38699;1883;4
38700;7591;4
38701;7402;7
38702;4710;1
38703;2486;6
38704;1058;1
38705;6972;5
38706;5407;6
38707;5721;2
38708;1982;3
38709;8480;4
38710;6735;6
38711;2573;2
38712;3459;7
38713;6708;2
38714;1655;7
38715;7691;7
38716;3831;1
38717;6994;3
38718;2622;3
38719;3449;2
38720;4363;2
38721;1341;2
38722;6267;6
38723;8251;7
38724;8738;1
38725;7191;7
38726;2110;6
38727;1987;5
38728;1488;7
38729;8465;5
38730;3400;5
38731;5411;3
38732;5283;6
38733;4771;5
38734;7102;1
38735;1960;1
38736;7612;2
38737;1925;6
38738;2391;3
38739;1121;3
38740;7150;1
38741;4033;5
38742;6763;7
38743;7374;4
38744;3449;3
38745;7531;7
38746;7248;6
38747;1278;6
38748;2897;4
38749;7011;2
38750;4517;2
38751;5614;4
38752;4735;4
38753;2313;4
38754;5645;7
38755;6755;7
38756;7012;1
38757;6371;6
38758;2444;5
38759;7980;7
38760;3468;4
38761;2574;3
38762;6363;1
38763;7844;1
38764;4708;3
38765;1531;6
38766;4513;4
38767;8738;3
38768;8403;1
38769;8306;4
38770;7093;1
38771;5978;5
38772;2967;1
38773;6529;7
38774;8628;4
38775;8087;6
38776;8299;2
38777;1962;7
38778;7031;6
38779;8329;3
38780;4151;4
38781;1091;4
38782;6050;3
38783;4610;3
38784;8689;3
38785;2002;2
38786;7711;1
38787;4810;5
38788;6428;3
38789;2602;3
38790;8466;2
38791;4088;3
38792;2485;5
38793;1802;6
38794;5952;7
38795;4914;3
38796;2809;6
38797;6583;2
38798;8486;4
38799;2662;5
38800;3527;4
38801;8086;4
38802;2034;5
38803;1465;1
38804;1315;1
38805;1333;6
38806;4377;3
38807;2569;1
38808;1580;1
38809;3565;4
38810;7309;4
38811;6241;5
38812;3682;5
38813;4194;1
38814;2664;1
38815;4493;7
38816;5449;2
38817;6860;3
38818;5638;3
38819;2993;3
38820;7345;4
38821;7455;4
38822;8301;3
38823;3645;4
38824;7392;1
38825;5868;6
38826;2053;4
38827;6164;6
38828;1666;3
38829;1648;3
38830;2396;6
38831;2072;2
38832;1604;5
38833;7216;1
38834;5426;3
38835;7113;2
38836;4815;2
38837;3664;6
38838;5445;2
38839;7707;2
38840;4758;5
38841;3783;2
38842;3538;6
38843;4024;3
38844;1399;3
38845;4994;6
38846;3862;3
38847;8530;7
38848;6820;5
38849;1463;5
38850;4016;2
38851;5138;4
38852;3302;3
38853;4397;1
38854;4437;2
38855;3672;4
38856;5572;5
38857;6920;3
38858;6035;6
38859;3821;1
38860;6264;1
38861;3881;6
38862;3391;3
38863;4974;7
38864;8041;5
38865;4726;3
38866;2518;7
38867;7225;2
38868;2168;3
38869;2401;4
38870;3500;7
38871;1569;7
38872;3367;1
38873;6964;4
38874;1243;7
38875;5560;5
38876;8444;7
38877;1403;7
38878;2917;4
38879;6399;6
38880;5646;1
38881;2455;7
38882;1749;4
38883;8968;7
38884;7876;4
38885;6153;3
38886;4495;7
38887;8792;5
38888;6048;5
38889;6009;7
38890;5686;5
38891;5631;4
38892;4034;4
38893;2485;3
38894;5211;2
38895;3594;2
38896;7708;2
38897;5574;5
38898;7723;5
38899;6393;7
38900;4953;2
38901;7311;5
38902;6988;4
38903;3901;1
38904;7175;4
38905;3201;4
38906;3975;3
38907;5337;7
38908;8819;3
38909;1899;5
38910;7454;5
38911;4999;2
38912;1767;1
38913;5091;2
38914;5633;7
38915;7078;6
38916;6940;1
38917;4726;6
38918;1141;4
38919;3052;5
38920;7602;2
38921;6764;6
38922;4426;5
38923;7620;7
38924;1819;6
38925;7587;1
38926;3905;7
38927;8558;5
38928;2504;1
38929;5059;1
38930;8527;6
38931;4482;2
38932;5456;6
38933;1760;7
38934;3339;4
38935;2159;5
38936;6132;1
38937;7161;3
38938;7677;7
38939;2895;1
38940;6625;4
38941;5449;4
38942;7001;1
38943;2468;1
38944;6194;5
38945;5039;6
38946;1091;7
38947;3413;5
38948;7309;4
38949;1907;2
38950;8543;4
38951;1924;6
38952;6156;7
38953;5607;6
38954;5793;1
38955;1133;4
38956;1694;6
38957;8097;2
38958;6253;2
38959;7762;1
38960;2955;3
38961;6579;3
38962;3325;6
38963;7578;5
38964;5620;7
38965;1167;4
38966;7740;2
38967;6037;7
38968;7954;1
38969;6867;3
38970;5510;6
38971;5535;3
38972;5988;1
38973;1596;1
38974;7323;3
38975;7509;3
38976;4757;7
38977;1314;7
38978;5442;1
38979;4116;3
38980;4448;7
38981;7322;3
38982;4455;2
38983;8649;5
38984;2881;7
38985;7206;5
38986;6035;3
38987;5416;5
38988;8070;5
38989;5967;7
38990;6160;4
38991;3635;3
38992;1813;7
38993;8248;5
38994;3491;6
38995;4652;6
38996;7942;6
38997;6536;5
38998;4551;1
38999;3955;4
39000;2237;4
39001;1884;1
39002;2355;4
39003;4720;3
39004;8412;6
39005;8291;3
39006;1162;6
39007;4331;1
39008;3748;4
39009;5767;3
39010;8601;1
39011;8588;3
39012;5182;5
39013;8718;4
39014;5079;4
39015;6420;2
39016;2300;2
39017;2299;5
39018;1028;7
39019;8391;3
39020;8011;2
39021;2627;2
39022;8435;7
39023;6945;1
39024;5102;6
39025;4042;7
39026;7669;2
39027;4887;7
39028;8721;4
39029;2791;5
39030;8168;6
39031;7617;6
39032;2887;3
39033;6502;7
39034;1310;2
39035;6614;5
39036;2259;1
39037;4452;3
39038;3560;4
39039;5467;2
39040;4826;5
39041;4407;7
39042;1534;4
39043;1274;5
39044;8888;2
39045;1759;6
39046;6051;7
39047;3535;1
39048;2277;3
39049;3902;6
39050;7951;6
39051;5860;4
39052;3821;3
39053;8085;7
39054;3643;1
39055;6147;4
39056;1711;2
39057;1967;5
39058;8186;7
39059;5304;7
39060;8952;1
39061;8040;6
39062;2904;5
39063;1438;6
39064;8129;2
39065;5727;3
39066;6881;3
39067;4259;7
39068;7905;3
39069;7391;3
39070;6466;2
39071;8196;3
39072;1659;3
39073;1550;7
39074;8963;2
39075;2078;6
39076;8514;3
39077;6567;7
39078;5711;3
39079;4982;5
39080;3611;5
39081;8828;1
39082;7539;3
39083;1939;7
39084;8979;2
39085;1364;4
39086;6494;7
39087;4483;3
39088;7194;6
39089;4510;1
39090;4622;6
39091;6671;6
39092;2254;7
39093;8618;5
39094;2899;6
39095;5418;1
39096;5974;3
39097;7137;4
39098;2426;4
39099;4581;1
39100;5870;3
39101;5634;3
39102;1482;5
39103;2973;5
39104;4139;7
39105;7376;1
39106;3769;5
39107;8073;3
39108;4519;6
39109;5249;3
39110;3812;2
39111;6482;1
39112;1965;4
39113;2743;5
39114;2014;6
39115;5164;1
39116;7777;4
39117;7489;4
39118;2002;5
39119;7768;5
39120;7537;7
39121;3391;4
39122;5092;2
39123;7009;4
39124;7468;4
39125;7464;5
39126;4816;6
39127;6189;5
39128;3564;2
39129;1241;2
39130;6352;3
39131;2260;2
39132;3122;7
39133;2320;1
39134;5258;7
39135;5867;6
39136;2141;3
39137;8268;1
39138;5800;4
39139;7684;1
39140;6080;5
39141;1111;5
39142;3137;7
39143;5476;2
39144;1298;1
39145;2070;3
39146;1646;5
39147;7486;4
39148;1660;7
39149;7672;7
39150;2391;4
39151;3852;4
39152;3964;7
39153;3951;3
39154;3558;5
39155;6751;3
39156;1377;4
39157;7217;3
39158;6140;4
39159;3007;1
39160;5106;2
39161;8882;7
39162;1578;5
39163;2357;5
39164;1734;6
39165;6035;2
39166;3692;1
39167;4726;7
39168;8152;5
39169;6824;1
39170;4611;2
39171;6019;1
39172;3156;1
39173;1161;7
39174;6536;2
39175;3937;4
39176;6546;4
39177;6280;4
39178;8804;5
39179;1385;2
39180;1084;6
39181;5922;3
39182;8447;1
39183;8355;7
39184;8581;5
39185;5033;3
39186;8868;7
39187;3490;5
39188;5584;2
39189;2392;6
39190;3910;1
39191;3663;6
39192;2272;1
39193;5189;6
39194;6729;2
39195;3204;3
39196;3830;5
39197;2672;1
39198;6484;7
39199;5249;7
39200;6694;7
39201;1461;1
39202;1630;4
39203;7466;7
39204;8990;5
39205;1271;1
39206;4930;5
39207;3133;7
39208;5884;3
39209;1571;5
39210;6433;7
39211;6535;3
39212;8157;7
39213;5416;3
39214;2180;2
39215;3954;2
39216;2179;3
39217;1028;4
39218;1410;2
39219;7809;2
39220;7964;6
39221;8566;2
39222;6725;3
39223;7702;6
39224;4764;4
39225;8298;4
39226;2593;1
39227;5264;4
39228;2361;5
39229;1058;4
39230;1674;4
39231;3340;1
39232;1106;6
39233;8673;2
39234;3169;6
39235;4609;5
39236;1220;6
39237;6207;3
39238;1210;7
39239;3967;2
39240;6225;4
39241;8011;3
39242;1191;4
39243;1153;4
39244;3382;5
39245;3045;5
39246;5188;4
39247;8054;6
39248;6052;1
39249;5124;2
39250;2530;6
39251;4528;2
39252;6320;2
39253;2592;7
39254;7088;2
39255;7601;2
39256;7354;2
39257;2262;7
39258;1698;5
39259;4329;1
39260;4285;5
39261;5726;2
39262;7491;7
39263;2894;6
39264;5516;4
39265;6343;4
39266;6562;5
39267;1931;5
39268;8262;1
39269;4604;5
39270;5977;6
39271;7813;1
39272;4108;3
39273;8354;3
39274;4064;1
39275;6227;5
39276;6755;6
39277;1459;7
39278;8092;7
39279;7361;7
39280;7728;2
39281;3244;3
39282;5472;7
39283;4497;1
39284;8848;2
39285;5662;5
39286;1208;7
39287;5496;4
39288;1928;3
39289;7432;4
39290;7332;4
39291;3849;2
39292;8884;7
39293;3427;6
39294;2260;5
39295;3151;7
39296;2797;6
39297;5855;7
39298;4789;4
39299;7749;3
39300;7241;7
39301;1001;1
39302;2907;6
39303;7959;5
39304;6779;3
39305;1523;6
39306;1957;5
39307;4393;4
39308;2163;1
39309;2492;6
39310;5350;6
39311;8544;2
39312;4755;4
39313;4724;4
39314;8244;5
39315;3543;1
39316;1662;4
39317;1384;7
39318;8068;3
39319;1336;6
39320;1029;4
39321;2418;4
39322;3109;3
39323;8543;6
39324;7745;7
39325;8748;5
39326;6520;7
39327;6400;2
39328;8847;7
39329;5899;5
39330;7682;5
39331;4732;7
39332;5540;7
39333;5338;3
39334;1136;5
39335;2697;3
39336;2764;5
39337;1361;6
39338;1949;1
39339;4724;4
39340;2956;7
39341;5640;6
39342;6938;7
39343;7550;6
39344;3964;3
39345;8942;3
39346;8294;1
39347;8853;6
39348;6035;3
39349;8373;6
39350;7255;5
39351;1924;6
39352;1698;7
39353;5115;3
39354;4280;1
39355;7516;2
39356;3214;7
39357;6196;2
39358;8625;4
39359;5437;4
39360;1111;2
39361;1407;6
39362;7760;6
39363;3360;2
39364;6351;6
39365;3182;7
39366;7656;7
39367;4874;4
39368;4551;2
39369;2587;7
39370;4732;4
39371;7651;3
39372;6332;3
39373;2611;1
39374;8184;4
39375;6297;1
39376;3084;2
39377;3462;4
39378;7233;3
39379;4901;4
39380;4996;7
39381;6143;7
39382;5569;5
39383;7850;2
39384;6346;7
39385;2110;5
39386;1280;7
39387;2240;3
39388;4283;5
39389;4451;1
39390;4975;2
39391;4951;5
39392;8600;6
39393;4658;2
39394;2872;6
39395;4209;4
39396;7821;2
39397;1521;5
39398;5509;2
39399;6757;2
39400;3402;5
39401;3623;3
39402;7141;2
39403;4494;3
39404;3347;1
39405;4539;1
39406;4946;4
39407;1251;5
39408;5782;4
39409;7282;2
39410;6748;4
39411;2707;6
39412;8434;5
39413;8523;4
39414;5789;6
39415;4521;5
39416;6950;5
39417;2305;2
39418;5355;1
39419;2621;3
39420;3411;6
39421;7352;2
39422;4442;1
39423;6260;3
39424;8677;6
39425;7330;4
39426;5242;2
39427;2303;6
39428;7080;7
39429;7453;5
39430;8617;2
39431;3090;6
39432;3865;2
39433;1069;2
39434;8068;3
39435;3411;5
39436;3240;6
39437;7511;4
39438;8668;1
39439;2061;5
39440;2547;1
39441;5910;2
39442;2739;2
39443;6665;3
39444;6211;1
39445;6110;3
39446;7213;3
39447;6981;5
39448;2733;2
39449;4618;7
39450;7670;7
39451;1259;4
39452;7401;2
39453;4228;2
39454;4050;4
39455;5335;5
39456;4476;6
39457;8881;3
39458;1095;7
39459;6929;1
39460;7251;3
39461;5339;4
39462;3169;2
39463;7646;4
39464;5673;5
39465;3820;4
39466;2280;4
39467;5755;6
39468;7060;1
39469;4127;5
39470;8461;2
39471;4220;4
39472;1181;4
39473;3021;4
39474;6629;3
39475;8187;3
39476;3299;4
39477;4175;6
39478;5884;3
39479;1905;6
39480;4719;6
39481;6335;7
39482;5743;6
39483;5242;6
39484;6318;2
39485;6702;5
39486;5581;4
39487;5159;2
39488;6410;4
39489;1345;2
39490;2282;3
39491;2873;3
39492;5402;3
39493;7405;6
39494;5107;1
39495;3384;7
39496;8679;4
39497;4443;1
39498;3149;3
39499;1994;2
39500;5763;5
39501;6819;1
39502;6484;7
39503;2851;6
39504;7800;6
39505;8300;1
39506;7375;5
39507;3913;2
39508;1229;4
39509;7487;1
39510;1299;4
39511;1711;6
39512;3327;3
39513;4735;3
39514;3214;6
39515;4993;1
39516;3296;3
39517;8041;5
39518;5178;2
39519;6322;1
39520;1740;7
39521;4112;3
39522;5152;3
39523;3085;5
39524;5945;4
39525;1926;1
39526;8069;2
39527;8750;3
39528;5204;6
39529;6272;2
39530;4000;2
39531;4059;6
39532;8236;3
39533;3390;1
39534;8163;3
39535;3457;6
39536;1549;4
39537;6998;2
39538;4397;5
39539;6100;6
39540;3909;2
39541;1306;4
39542;3915;6
39543;2006;3
39544;4134;2
39545;4462;5
39546;5242;1
39547;8139;7
39548;1383;5
39549;3823;1
39550;8591;6
39551;7590;2
39552;4736;5
39553;5666;3
39554;7709;4
39555;8215;4
39556;2685;7
39557;6888;7
39558;4096;3
39559;1223;1
39560;5338;2
39561;1850;6
39562;8234;2
39563;5981;7
39564;4254;1
39565;1202;7
39566;2992;4
39567;6512;3
39568;2368;2
39569;5784;2
39570;2621;4
39571;2464;1
39572;6444;3
39573;1279;6
39574;6880;4
39575;8664;5
39576;2006;1
39577;7551;4
39578;1619;2
39579;8270;2
39580;7730;4
39581;6167;1
39582;7233;3
39583;2681;1
39584;4860;1
39585;6943;7
39586;3888;3
39587;2813;1
39588;6119;5
39589;1290;6
39590;3561;2
39591;3060;4
39592;3754;2
39593;3875;2
39594;8046;5
39595;7400;5
39596;3641;3
39597;4502;4
39598;8355;6
39599;1672;2
39600;8935;2
39601;6020;1
39602;2595;6
39603;7717;5
39604;7320;7
39605;2631;3
39606;8240;5
39607;3286;6
39608;8394;4
39609;7659;5
39610;5779;4
39611;4609;5
39612;4101;4
39613;7196;5
39614;7984;4
39615;3960;7
39616;6248;7
39617;7781;3
39618;8750;7
39619;1301;7
39620;6479;4
39621;6360;3
39622;6698;6
39623;2923;3
39624;8891;5
39625;2693;5
39626;2061;1
39627;1137;3
39628;8036;4
39629;7417;7
39630;8093;2
39631;3735;7
39632;1225;4
39633;5939;6
39634;7166;2
39635;8575;6
39636;8200;1
39637;1622;3
39638;1254;2
39639;1525;6
39640;3669;4
39641;7963;4
39642;4350;4
39643;1289;4
39644;2194;4
39645;5118;3
39646;4773;6
39647;2652;7
39648;1047;3
39649;6063;3
39650;5322;5
39651;3192;4
39652;2557;4
39653;6435;2
39654;2653;3
39655;5808;1
39656;1154;7
39657;1065;7
39658;4648;6
39659;5002;6
39660;7897;2
39661;7988;7
39662;8797;5
39663;5808;6
39664;1577;3
39665;4596;1
39666;6881;3
39667;8280;4
39668;5842;3
39669;8936;3
39670;4634;7
39671;2320;6
39672;1902;1
39673;4560;1
39674;5231;6
39675;5066;2
39676;7329;5
39677;5140;1
39678;6073;4
39679;2553;3
39680;6363;5
39681;6476;2
39682;6239;3
39683;5406;3
39684;6462;7
39685;2127;5
39686;3930;1
39687;4561;3
39688;7274;1
39689;7462;4
39690;2117;4
39691;8606;1
39692;3209;3
39693;7684;6
39694;8465;3
39695;7502;6
39696;8112;6
39697;5925;4
39698;7559;6
39699;5627;1
39700;1046;1
39701;4398;1
39702;1196;5
39703;3002;1
39704;1068;1
39705;3484;6
39706;2057;1
39707;6367;4
39708;1489;4
39709;8014;6
39710;1144;1
39711;8887;5
39712;3357;5
39713;6769;4
39714;4186;4
39715;6373;6
39716;2334;1
39717;8156;2
39718;7488;1
39719;1109;3
39720;6316;2
39721;1687;3
39722;2931;2
39723;1466;4
39724;4371;1
39725;8028;7
39726;8212;2
39727;4243;3
39728;3543;3
39729;2677;2
39730;3550;1
39731;6613;6
39732;4433;6
39733;6364;5
39734;6991;5
39735;2108;1
39736;8089;2
39737;6495;4
39738;4897;5
39739;5597;2
39740;5042;4
39741;3469;7
39742;3159;6
39743;4987;6
39744;4961;6
39745;3217;5
39746;3908;4
39747;5254;4
39748;6314;1
39749;2608;5
39750;3311;2
39751;3474;4
39752;2359;3
39753;5955;7
39754;2507;7
39755;5097;2
39756;7744;2
39757;1723;2
39758;2990;7
39759;7117;2
39760;6258;7
39761;4341;6
39762;1356;7
39763;6026;1
39764;1024;4
39765;6466;1
39766;8838;3
39767;4266;3
39768;1228;5
39769;1062;2
39770;8304;3
39771;5975;4
39772;8835;7
39773;8282;4
39774;5929;6
39775;4536;4
39776;3926;4
39777;4908;4
39778;5266;6
39779;3532;3
39780;6770;3
39781;7909;1
39782;2244;5
39783;2190;3
39784;5450;7
39785;2662;3
39786;3820;7
39787;7947;5
39788;1177;2
39789;2824;1
39790;1640;5
39791;1465;6
39792;2205;1
39793;6215;6
39794;1198;4
39795;1847;6
39796;1090;6
39797;6072;5
39798;3222;6
39799;7454;4
39800;6053;5
39801;6100;3
39802;3001;7
39803;5647;7
39804;4551;3
39805;2106;1
39806;4282;7
39807;4018;4
39808;2010;5
39809;3478;7
39810;1082;5
39811;4335;5
39812;7522;7
39813;3148;2
39814;4164;4
39815;7817;6
39816;7144;4
39817;6679;7
39818;2719;4
39819;3136;2
39820;8943;3
39821;1246;5
39822;3701;3
39823;7232;3
39824;4175;7
39825;2897;7
39826;8102;5
39827;5320;5
39828;2978;4
39829;2728;4
39830;4810;7
39831;2110;5
39832;1886;7
39833;3138;5
39834;2538;2
39835;6043;5
39836;1916;1
39837;6825;7
39838;1969;6
39839;3091;7
39840;6414;6
39841;8645;2
39842;6879;5
39843;6229;7
39844;5255;4
39845;1486;3
39846;6153;2
39847;6414;2
39848;4555;5
39849;6339;5
39850;8518;4
39851;7485;4
39852;7029;6
39853;6924;6
39854;2141;5
39855;6223;1
39856;1942;6
39857;6022;7
39858;2601;7
39859;5244;3
39860;7642;4
39861;7718;6
39862;8726;1
39863;6188;6
39864;8212;5
39865;8027;1
39866;1598;1
39867;7394;1
39868;7307;2
39869;2233;2
39870;2739;1
39871;7826;2
39872;8539;5
39873;5041;2
39874;5650;4
39875;8730;2
39876;4119;6
39877;1200;2
39878;7329;6
39879;2938;7
39880;6451;1
39881;2376;7
39882;3941;5
39883;1928;1
39884;5110;3
39885;3599;4
39886;3747;3
39887;1370;5
39888;1398;4
39889;5065;2
39890;4282;2
39891;4311;5
39892;7419;5
39893;4694;4
39894;4555;4
39895;4681;3
39896;8232;4
39897;1272;1
39898;2692;5
39899;3804;7
39900;1660;3
39901;5804;3
39902;2079;3
39903;6017;4
39904;3196;6
39905;3635;4
39906;1224;5
39907;1346;5
39908;3304;6
39909;1174;2
39910;1704;3
39911;4209;6
39912;1084;5
39913;7205;3
39914;7575;5
39915;4448;1
39916;3527;7
39917;1567;1
39918;8173;1
39919;8078;3
39920;6569;4
39921;3687;6
39922;1664;6
39923;4721;6
39924;2256;6
39925;7355;4
39926;6069;3
39927;1462;5
39928;8678;6
39929;2619;4
39930;7040;5
39931;5370;3
39932;3857;3
39933;5119;1
39934;6748;7
39935;8783;1
39936;1740;6
39937;8792;5
39938;1412;5
39939;8496;5
39940;3104;2
39941;7208;7
39942;5993;5
39943;3286;5
39944;4434;6
39945;6744;1
39946;4906;5
39947;2442;7
39948;5393;5
39949;7736;3
39950;2408;4
39951;4480;1
39952;1372;1
39953;1624;4
39954;8562;2
39955;1071;6
39956;4488;4
39957;6266;1
39958;2440;4
39959;8581;5
39960;1173;1
39961;3133;6
39962;7816;6
39963;3880;4
39964;8738;1
39965;4660;2
39966;6600;2
39967;2085;5
39968;7433;2
39969;1768;6
39970;3838;2
39971;3010;2
39972;4302;7
39973;7166;4
39974;1728;7
39975;7358;4
39976;8139;7
39977;8381;7
39978;8643;1
39979;3317;7
39980;3265;5
39981;4077;5
39982;4087;4
39983;5497;6
39984;2062;5
39985;6149;4
39986;4353;4
39987;5888;2
39988;3917;2
39989;8188;3
39990;8372;7
39991;6526;5
39992;5774;3
39993;8881;3
39994;4785;1
39995;7274;6
39996;3061;1
39997;7764;6
39998;4460;6
39999;6973;7
40000;8914;2
40001;1930;2
40002;6320;6
40003;4306;3
40004;7353;4
40005;2770;1
40006;7752;5
40007;5096;5
40008;6057;3
40009;8194;4
40010;5071;5
40011;8252;4
40012;7636;1
40013;7496;5
40014;4327;5
40015;5761;2
40016;2800;1
40017;6716;2
40018;7883;4
40019;4625;4
40020;2065;7
40021;3344;2
40022;8953;4
40023;6272;1
40024;2839;2
40025;3199;1
40026;3626;6
40027;8554;1
40028;1364;4
40029;1192;7
40030;2362;3
40031;1786;6
40032;1585;6
40033;8502;2
40034;5583;3
40035;3273;3
40036;5401;7
40037;8513;3
40038;5565;2
40039;7153;7
40040;8787;6
40041;4904;3
40042;1982;5
40043;3644;5
40044;6373;4
40045;5243;2
40046;2652;7
40047;4318;2
40048;5705;1
40049;5184;4
40050;6091;2
40051;5712;5
40052;6960;3
40053;6933;5
40054;2195;5
40055;3442;6
40056;1372;7
40057;5093;3
40058;4267;3
40059;7237;5
40060;1962;1
40061;5295;6
40062;7544;4
40063;7337;1
40064;1169;4
40065;7342;5
40066;5823;7
40067;7823;2
40068;6441;7
40069;5196;7
40070;7979;3
40071;8467;4
40072;8796;2
40073;1079;7
40074;7481;6
40075;8281;7
40076;6371;5
40077;4891;6
40078;1814;1
40079;8753;6
40080;8463;7
40081;3154;4
40082;5383;4
40083;2656;3
40084;3796;2
40085;7678;4
40086;1491;4
40087;8734;6
40088;8813;7
40089;4398;3
40090;5818;1
40091;3646;7
40092;6913;7
40093;8541;1
40094;8296;3
40095;7710;1
40096;5180;5
40097;6028;5
40098;3764;4
40099;4345;7
40100;5229;2
40101;1906;1
40102;8500;4
40103;2901;2
40104;5884;5
40105;1523;2
40106;7048;1
40107;2868;5
40108;6573;7
40109;3913;7
40110;8008;4
40111;8912;5
40112;2440;2
40113;5000;3
40114;1553;7
40115;8242;5
40116;7128;3
40117;7966;4
40118;7182;7
40119;4756;5
40120;1272;7
40121;2302;3
40122;3284;4
40123;5534;1
40124;5116;7
40125;1037;4
40126;8323;5
40127;4703;3
40128;3660;3
40129;2037;3
40130;5612;7
40131;8029;4
40132;5794;5
40133;4388;7
40134;3847;2
40135;4666;5
40136;8319;6
40137;4157;4
40138;6510;7
40139;1149;2
40140;6758;7
40141;6050;4
40142;5773;3
40143;6804;7
40144;3449;1
40145;5274;4
40146;8066;1
40147;1211;7
40148;7567;3
40149;4147;2
40150;7335;5
40151;1950;7
40152;3529;4
40153;5719;2
40154;2086;5
40155;6534;5
40156;8952;6
40157;5409;7
40158;4469;4
40159;6493;5
40160;5810;5
40161;6948;7
40162;6020;5
40163;3121;3
40164;1589;1
40165;2616;5
40166;6849;5
40167;6615;1
40168;2715;1
40169;7411;1
40170;5610;1
40171;7579;7
40172;8497;1
40173;5183;7
40174;8607;3
40175;6006;5
40176;1653;7
40177;8139;3
40178;3658;3
40179;7603;6
40180;6528;3
40181;6748;5
40182;3736;1
40183;7044;2
40184;3468;1
40185;3249;5
40186;1894;1
40187;2658;7
40188;4170;2
40189;4918;2
40190;7084;6
40191;4066;5
40192;2271;7
40193;4288;7
40194;4072;1
40195;8826;5
40196;5854;2
40197;5604;5
40198;1281;3
40199;6092;2
40200;2548;1
40201;3363;4
40202;1768;1
40203;6160;6
40204;1821;2
40205;1185;7
40206;1291;1
40207;2217;7
40208;5184;7
40209;4236;5
40210;8529;2
40211;2568;5
40212;6236;6
40213;6511;1
40214;3953;5
40215;1783;7
40216;4095;5
40217;7574;7
40218;8462;3
40219;7785;3
40220;2131;6
40221;8423;2
40222;1048;7
40223;7018;7
40224;6322;4
40225;6844;7
40226;3641;6
40227;7422;5
40228;6315;5
40229;6614;1
40230;3146;3
40231;8450;5
40232;1276;5
40233;6821;7
40234;4499;7
40235;8989;4
40236;4294;1
40237;3501;3
40238;3858;3
40239;5714;7
40240;4287;4
40241;2089;5
40242;8448;6
40243;4916;5
40244;2238;1
40245;3707;4
40246;6185;2
40247;4832;7
40248;3792;2
40249;8509;1
40250;4164;4
40251;8561;5
40252;1021;1
40253;7231;3
40254;4410;1
40255;7448;2
40256;2151;7
40257;3262;5
40258;1716;5
40259;5468;6
40260;7753;1
40261;3626;7
40262;5281;7
40263;6371;5
40264;4615;4
40265;5577;4
40266;8058;5
40267;7107;2
40268;7666;6
40269;3767;2
40270;1659;4
40271;5457;3
40272;3463;6
40273;5094;3
40274;8506;6
40275;3216;7
40276;6436;6
40277;4017;5
40278;4781;6
40279;7450;7
40280;7498;5
40281;8787;5
40282;2145;7
40283;3783;3
40284;8319;4
40285;5763;7
40286;8672;7
40287;2778;5
40288;2423;5
40289;2540;4
40290;7514;3
40291;7325;6
40292;5355;7
40293;4994;1
40294;1352;2
40295;5682;2
40296;4960;5
40297;7437;1
40298;6259;2
40299;3251;3
40300;3844;5
40301;6605;7
40302;8361;2
40303;4300;5
40304;5823;2
40305;6138;5
40306;6123;2
40307;1414;7
40308;1590;6
40309;3345;7
40310;5187;4
40311;4127;5
40312;4118;3
40313;8075;1
40314;6120;6
40315;1703;5
40316;5519;4
40317;8467;7
40318;4320;6
40319;6045;6
40320;7281;3
40321;4593;4
40322;1548;5
40323;4185;6
40324;8841;2
40325;6010;2
40326;2114;5
40327;2905;2
40328;6820;1
40329;1380;5
40330;1490;3
40331;2616;1
40332;2400;1
40333;4304;1
40334;2335;2
40335;1544;2
40336;4148;2
40337;7411;2
40338;2633;7
40339;1095;5
40340;6142;1
40341;1342;3
40342;6244;5
40343;1674;7
40344;5084;6
40345;1723;2
40346;5323;2
40347;2954;5
40348;5801;5
40349;8638;5
40350;5656;5
40351;6132;6
40352;6385;3
40353;8736;6
40354;2958;6
40355;8073;7
40356;1923;5
40357;3387;6
40358;3165;2
40359;3889;2
40360;5883;3
40361;1208;5
40362;4593;1
40363;2555;4
40364;4477;5
40365;7460;5
40366;1305;7
40367;5547;2
40368;7024;1
40369;2679;7
40370;3027;1
40371;2298;6
40372;3987;6
40373;4866;1
40374;7501;7
40375;3528;6
40376;1074;6
40377;2670;1
40378;5356;1
40379;6860;2
40380;1295;7
40381;7231;5
40382;6503;7
40383;7602;6
40384;3598;6
40385;7328;2
40386;8285;4
40387;4583;4
40388;7870;5
40389;7303;4
40390;4567;5
40391;4916;2
40392;4999;7
40393;7476;2
40394;4738;4
40395;1529;5
40396;4997;1
40397;5683;5
40398;4297;5
40399;8139;5
40400;1514;2
40401;7023;5
40402;8065;7
40403;4779;1
40404;4183;6
40405;3990;2
40406;3364;7
40407;4990;6
40408;7236;5
40409;1874;1
40410;3925;1
40411;5069;1
40412;1437;3
40413;1707;5
40414;1686;2
40415;6533;2
40416;5285;2
40417;6890;2
40418;7721;1
40419;6142;2
40420;4782;4
40421;7617;1
40422;4639;1
40423;7187;4
40424;5512;4
40425;3807;4
40426;8609;3
40427;1548;2
40428;5017;1
40429;7315;7
40430;6429;3
40431;8533;7
40432;3176;1
40433;6168;6
40434;2574;5
40435;2175;1
40436;3393;2
40437;4785;5
40438;5759;7
40439;5097;7
40440;5321;3
40441;6708;2
40442;7495;4
40443;1135;2
40444;3200;1
40445;4227;1
40446;7603;2
40447;8581;7
40448;4153;7
40449;5264;7
40450;2042;1
40451;6142;1
40452;2965;1
40453;6615;1
40454;1267;3
40455;1652;4
40456;1454;4
40457;5800;1
40458;3309;3
40459;5136;2
40460;6010;2
40461;3917;5
40462;7112;5
40463;6873;6
40464;6679;2
40465;6774;7
40466;6904;2
40467;1166;5
40468;5642;4
40469;5413;3
40470;1126;1
40471;1631;4
40472;1050;3
40473;4104;2
40474;7580;2
40475;5190;5
40476;8140;3
40477;3283;6
40478;6951;2
40479;5225;7
40480;5908;2
40481;3236;4
40482;5803;5
40483;4548;2
40484;2603;6
40485;4884;3
40486;1461;2
40487;5772;5
40488;3446;4
40489;7244;4
40490;3025;1
40491;6145;4
40492;8675;4
40493;3875;6
40494;6676;5
40495;3304;6
40496;3639;1
40497;5308;4
40498;2011;1
40499;4141;4
40500;7574;1
40501;4647;3
40502;5319;5
40503;4647;6
40504;6827;6
40505;3582;2
40506;8607;6
40507;5517;6
40508;2216;3
40509;4697;3
40510;3610;5
40511;2087;5
40512;3008;5
40513;3998;3
40514;6750;4
40515;7992;7
40516;6477;1
40517;5443;3
40518;8705;7
40519;1811;3
40520;2444;6
40521;3579;3
40522;1086;2
40523;2007;7
40524;6597;3
40525;4289;5
40526;2501;2
40527;2304;1
40528;1409;2
40529;1895;6
40530;8152;3
40531;4022;6
40532;3013;5
40533;7245;1
40534;3197;4
40535;7891;3
40536;2832;7
40537;5300;5
40538;6885;6
40539;7116;1
40540;8448;6
40541;1928;2
40542;7785;2
40543;7368;2
40544;3919;3
40545;7515;7
40546;6285;7
40547;2753;1
40548;7968;6
40549;1030;6
40550;1145;5
40551;7340;5
40552;1404;2
40553;6524;3
40554;7918;7
40555;3443;2
40556;4294;2
40557;1300;1
40558;4052;6
40559;1751;7
40560;6416;1
40561;6912;3
40562;2347;7
40563;5259;6
40564;6539;5
40565;1655;5
40566;2245;7
40567;2533;4
40568;6960;1
40569;3397;4
40570;5224;3
40571;1330;4
40572;5838;5
40573;6591;7
40574;4245;3
40575;2717;7
40576;4552;2
40577;1313;6
40578;2070;1
40579;6712;4
40580;8212;4
40581;2678;4
40582;3590;1
40583;7975;1
40584;8275;3
40585;6313;4
40586;5965;4
40587;3596;2
40588;3246;3
40589;7532;1
40590;1662;7
40591;1223;1
40592;8381;2
40593;6181;4
40594;8137;3
40595;1017;5
40596;1336;7
40597;6191;1
40598;2321;3
40599;2840;2
40600;5454;6
40601;7523;7
40602;8686;5
40603;3429;1
40604;7977;4
40605;3374;6
40606;2017;2
40607;5642;7
40608;6018;6
40609;6191;3
40610;6325;4
40611;5559;5
40612;8638;6
40613;6935;3
40614;2555;1
40615;2074;7
40616;3023;3
40617;2422;7
40618;7382;7
40619;7658;4
40620;8681;7
40621;8424;1
40622;8106;3
40623;8374;5
40624;4244;7
40625;1466;7
40626;5655;2
40627;4391;2
40628;7411;4
40629;6622;2
40630;6052;5
40631;8147;6
40632;5924;1
40633;3688;2
40634;5518;2
40635;7668;4
40636;6989;4
40637;1922;1
40638;5337;4
40639;5947;6
40640;8987;7
40641;1367;6
40642;3311;2
40643;8799;5
40644;2895;7
40645;5153;3
40646;7147;7
40647;3728;6
40648;7889;7
40649;4231;3
40650;4338;6
40651;6500;2
40652;5616;1
40653;6034;7
40654;7614;4
40655;4634;2
40656;3710;3
40657;6239;7
40658;6678;5
40659;3868;4
40660;6676;4
40661;4471;5
40662;5072;7
40663;5911;1
40664;6583;1
40665;8705;1
40666;7695;6
40667;7362;3
40668;4855;7
40669;8368;6
40670;4474;7
40671;1760;1
40672;4639;3
40673;6994;4
40674;4588;2
40675;4653;2
40676;5759;7
40677;3934;2
40678;3909;1
40679;3726;1
40680;5000;5
40681;1411;4
40682;2153;1
40683;7733;5
40684;4248;1
40685;3682;2
40686;2853;2
40687;1060;5
40688;3787;3
40689;7010;7
40690;6751;7
40691;5385;1
40692;4024;2
40693;8139;2
40694;8093;1
40695;2512;1
40696;4664;3
40697;1819;1
40698;8561;4
40699;4315;7
40700;5272;3
40701;3434;4
40702;2031;5
40703;5839;6
40704;4342;3
40705;3247;4
40706;5628;2
40707;3746;2
40708;1084;7
40709;8057;1
40710;4357;3
40711;6750;7
40712;4915;5
40713;7480;5
40714;6192;1
40715;8865;4
40716;1275;6
40717;5422;4
40718;1063;6
40719;8690;7
40720;3165;4
40721;5488;7
40722;6990;2
40723;4403;7
40724;1614;4
40725;8453;5
40726;1602;3
40727;7976;5
40728;4344;2
40729;4385;6
40730;7401;5
40731;6948;4
40732;2467;3
40733;5056;1
40734;7142;3
40735;4433;1
40736;1723;1
40737;4461;5
40738;1112;3
40739;6731;6
40740;4323;2
40741;7457;2
40742;3117;5
40743;6217;6
40744;1111;3
40745;7979;6
40746;8309;1
40747;3417;3
40748;7707;6
40749;2406;5
40750;8495;6
40751;2419;7
40752;1611;2
40753;3002;7
40754;5921;7
40755;3808;1
40756;5144;7
40757;7714;1
40758;5872;1
40759;1287;7
40760;2873;3
40761;8706;1
40762;8836;4
40763;7397;1
40764;3300;1
40765;1344;7
40766;1482;6
40767;4319;1
40768;2667;3
40769;3859;1
40770;6621;4
40771;2232;6
40772;4973;3
40773;3292;2
40774;6200;3
40775;4756;2
40776;7720;5
40777;1806;4
40778;4522;3
40779;3521;4
40780;2499;5
40781;3198;2
40782;1563;1
40783;4001;2
40784;7930;4
40785;3479;7
40786;6986;6
40787;5150;6
40788;4379;7
40789;6069;2
40790;3531;5
40791;6631;3
40792;8009;7
40793;5888;1
40794;1588;2
40795;3152;2
40796;7778;1
40797;7185;4
40798;7083;5
40799;3175;4
40800;8657;1
40801;8024;4
40802;2469;4
40803;5932;1
40804;4872;4
40805;4651;7
40806;4537;2
40807;6396;2
40808;7560;1
40809;2505;6
40810;1406;6
40811;1135;1
40812;8314;1
40813;3184;6
40814;7439;3
40815;8125;7
40816;5041;4
40817;5380;4
40818;7505;3
40819;6640;2
40820;8511;7
40821;4265;4
40822;6157;4
40823;8534;1
40824;1718;5
40825;7196;7
40826;7638;7
40827;8360;5
40828;7477;5
40829;7175;4
40830;7620;3
40831;7155;4
40832;1224;6
40833;2634;6
40834;8713;7
40835;5389;7
40836;2891;2
40837;4032;4
40838;5590;4
40839;4946;1
40840;8484;6
40841;8119;1
40842;5323;5
40843;7911;5
40844;7062;5
40845;8394;3
40846;4481;7
40847;8947;5
40848;4700;1
40849;7920;5
40850;6905;5
40851;2622;5
40852;6425;6
40853;2294;6
40854;8234;5
40855;5987;3
40856;5014;1
40857;1481;7
40858;8023;7
40859;1710;1
40860;5409;4
40861;1544;2
40862;4296;2
40863;4802;3
40864;7105;7
40865;5937;4
40866;2131;7
40867;2097;5
40868;7151;2
40869;8854;2
40870;7105;3
40871;7232;1
40872;4536;5
40873;4132;5
40874;5644;6
40875;7460;6
40876;4525;5
40877;6502;5
40878;3573;5
40879;5232;1
40880;4576;2
40881;6223;7
40882;1280;6
40883;8483;1
40884;2728;2
40885;8636;5
40886;8052;7
40887;3975;1
40888;3987;5
40889;7665;7
40890;6476;2
40891;5118;4
40892;4996;2
40893;8399;7
40894;6343;7
40895;8024;2
40896;2344;6
40897;4789;3
40898;7968;2
40899;1781;1
40900;6336;7
40901;2837;6
40902;2932;5
40903;3352;4
40904;8503;2
40905;4278;7
40906;3805;4
40907;1767;7
40908;8189;2
40909;5036;2
40910;8226;1
40911;7198;7
40912;3027;2
40913;7128;2
40914;3754;6
40915;1275;6
40916;3105;1
40917;8474;5
40918;8801;7
40919;7477;2
40920;3164;3
40921;6676;2
40922;4987;6
40923;2707;1
40924;6636;5
40925;1655;5
40926;2272;2
40927;6312;7
40928;3170;5
40929;5208;1
40930;4667;7
40931;5691;6
40932;6659;5
40933;8448;7
40934;7916;1
40935;7822;5
40936;8112;3
40937;6199;2
40938;3179;7
40939;3582;5
40940;2025;5
40941;2592;5
40942;8040;3
40943;7906;3
40944;1796;3
40945;6106;2
40946;7996;3
40947;1231;3
40948;6359;4
40949;8966;2
40950;3214;2
40951;2059;2
40952;8695;2
40953;5127;4
40954;2291;4
40955;8705;6
40956;3993;3
40957;5837;4
40958;8178;3
40959;3077;5
40960;6588;2
40961;7493;4
40962;4652;5
40963;1663;7
40964;6652;6
40965;3319;5
40966;7015;6
40967;7787;4
40968;8789;5
40969;4836;2
40970;5420;7
40971;4342;5
40972;1779;5
40973;4958;1
40974;3220;4
40975;2026;1
40976;7624;4
40977;7101;4
40978;2346;1
40979;4934;2
40980;4451;6
40981;5837;2
40982;5472;1
40983;6864;2
40984;8037;1
40985;3380;4
40986;2241;1
40987;8120;5
40988;8110;4
40989;6350;1
40990;8053;7
40991;8640;1
40992;8635;1
40993;8080;1
40994;3861;6
40995;2668;5
40996;4528;3
40997;3096;6
40998;8001;7
40999;8173;1
41000;4278;2
41001;8171;2
41002;3113;6
41003;6696;3
41004;4544;2
41005;4317;4
41006;5457;5
41007;3200;4
41008;4469;5
41009;7741;7
41010;6032;6
41011;8979;1
41012;3741;6
41013;4377;4
41014;1100;1
41015;4674;7
41016;2979;4
41017;5517;5
41018;7229;5
41019;3336;1
41020;1498;1
41021;6419;2
41022;7074;1
41023;8213;1
41024;5577;3
41025;6509;6
41026;4806;3
41027;2993;5
41028;2250;2
41029;8733;7
41030;7109;3
41031;4393;5
41032;5129;5
41033;5043;3
41034;8426;1
41035;2649;2
41036;2962;4
41037;3868;2
41038;8373;7
41039;7561;5
41040;7165;2
41041;5833;4
41042;6078;4
41043;7234;6
41044;2306;6
41045;1383;6
41046;7825;4
41047;1041;7
41048;5162;7
41049;3745;6
41050;7346;7
41051;4127;6
41052;4964;1
41053;5807;2
41054;4018;5
41055;7942;4
41056;4822;1
41057;1466;7
41058;2940;1
41059;5844;3
41060;3932;3
41061;5281;5
41062;4629;4
41063;1393;2
41064;7916;2
41065;5985;6
41066;4120;1
41067;3160;5
41068;4676;7
41069;1835;7
41070;7681;4
41071;3664;3
41072;1985;2
41073;4364;1
41074;2212;5
41075;3577;1
41076;4824;7
41077;1600;7
41078;2191;5
41079;4774;5
41080;7123;6
41081;6549;2
41082;7337;7
41083;1907;2
41084;5872;1
41085;5348;3
41086;3201;1
41087;1914;7
41088;7751;2
41089;5451;2
41090;8583;3
41091;3916;1
41092;7674;7
41093;7347;7
41094;2552;3
41095;7106;1
41096;3472;2
41097;8629;5
41098;4731;3
41099;3504;7
41100;3809;5
41101;1354;1
41102;5626;3
41103;3713;2
41104;7649;4
41105;4576;1
41106;6577;6
41107;4678;7
41108;6317;7
41109;5984;7
41110;5951;5
41111;3799;7
41112;1558;4
41113;4880;3
41114;4484;1
41115;5506;6
41116;7985;1
41117;1230;7
41118;6388;2
41119;3170;7
41120;7899;2
41121;4027;7
41122;2969;7
41123;3042;5
41124;5015;2
41125;1121;3
41126;4209;3
41127;4200;5
41128;5850;4
41129;5313;7
41130;4118;7
41131;7456;1
41132;7159;2
41133;3637;4
41134;3258;2
41135;2830;1
41136;1082;1
41137;2311;7
41138;2101;5
41139;7769;2
41140;2243;1
41141;7660;6
41142;2333;5
41143;1407;2
41144;8350;7
41145;3399;7
41146;6576;3
41147;3093;5
41148;8065;2
41149;1702;4
41150;7701;4
41151;2398;2
41152;7728;5
41153;2318;3
41154;1696;2
41155;5845;6
41156;3982;7
41157;2130;7
41158;2010;1
41159;6489;6
41160;2994;6
41161;4348;2
41162;8706;2
41163;8736;2
41164;2194;2
41165;4840;2
41166;2828;2
41167;8354;5
41168;6227;1
41169;8620;6
41170;8851;4
41171;3815;3
41172;4308;4
41173;4353;7
41174;7464;1
41175;2409;3
41176;1638;7
41177;5023;6
41178;3185;4
41179;3337;4
41180;6844;7
41181;3777;5
41182;3904;6
41183;7592;6
41184;6369;3
41185;2029;6
41186;5828;7
41187;4411;4
41188;7914;7
41189;5094;2
41190;8478;6
41191;6629;7
41192;4481;6
41193;6493;3
41194;6594;1
41195;8562;3
41196;6776;5
41197;6955;3
41198;6068;1
41199;3984;6
41200;6523;5
41201;4443;1
41202;3128;7
41203;3535;6
41204;3294;4
41205;3665;3
41206;2298;5
41207;8891;7
41208;5404;4
41209;3783;2
41210;1069;5
41211;1701;7
41212;5841;4
41213;2354;5
41214;7002;4
41215;8362;7
41216;2811;4
41217;3573;2
41218;3616;5
41219;4542;3
41220;1233;6
41221;6317;2
41222;8182;6
41223;8990;1
41224;8008;5
41225;7221;3
41226;1466;5
41227;4916;3
41228;2946;1
41229;7407;7
41230;8536;2
41231;6196;3
41232;8101;3
41233;1373;7
41234;7222;5
41235;6663;2
41236;2037;6
41237;2500;1
41238;2100;3
41239;2749;6
41240;2639;3
41241;5359;1
41242;6211;4
41243;6082;5
41244;2935;1
41245;1815;3
41246;3643;3
41247;5912;2
41248;6954;3
41249;7291;7
41250;1477;5
41251;5302;3
41252;7180;2
41253;1728;7
41254;8764;3
41255;2707;7
41256;8875;1
41257;1839;4
41258;5461;3
41259;1194;1
41260;3223;1
41261;7702;7
41262;5399;5
41263;4678;7
41264;7173;4
41265;4641;5
41266;5383;5
41267;1451;4
41268;3466;4
41269;6947;4
41270;5683;5
41271;6146;3
41272;3138;2
41273;3105;6
41274;5498;2
41275;6946;6
41276;8134;6
41277;1339;6
41278;4247;5
41279;3658;2
41280;7877;5
41281;4444;6
41282;3825;2
41283;6116;2
41284;2774;5
41285;1656;6
41286;6109;2
41287;5664;5
41288;1928;1
41289;8907;4
41290;3002;3
41291;6645;3
41292;2485;1
41293;1385;2
41294;6246;2
41295;4689;2
41296;7796;7
41297;1590;4
41298;6662;7
41299;7903;2
41300;4444;5
41301;8961;1
41302;8615;6
41303;4004;4
41304;7395;5
41305;4199;2
41306;5915;4
41307;3567;2
41308;8312;7
41309;6846;6
41310;2625;3
41311;8342;5
41312;2406;7
41313;1014;5
41314;1043;1
41315;7423;6
41316;4063;1
41317;4802;4
41318;8303;6
41319;3882;7
41320;1903;1
41321;4159;7
41322;2068;6
41323;8952;2
41324;3017;5
41325;2318;5
41326;2096;4
41327;5186;6
41328;8577;5
41329;2454;1
41330;6937;1
41331;4583;2
41332;8291;3
41333;2846;1
41334;7326;3
41335;5536;5
41336;5389;1
41337;1119;2
41338;5758;2
41339;3648;2
41340;2206;4
41341;7638;7
41342;4707;1
41343;8939;4
41344;8470;7
41345;6756;7
41346;3222;2
41347;4468;1
41348;1715;5
41349;4914;7
41350;3843;3
41351;1370;6
41352;5347;6
41353;4385;3
41354;4459;3
41355;1484;6
41356;3207;2
41357;3177;1
41358;6847;3
41359;7289;6
41360;3168;7
41361;1961;7
41362;1955;3
41363;2605;1
41364;5386;2
41365;5759;5
41366;6831;1
41367;6632;2
41368;3762;3
41369;5165;1
41370;6542;6
41371;7392;3
41372;6479;1
41373;6887;6
41374;1798;7
41375;2988;6
41376;2206;7
41377;2893;7
41378;1533;7
41379;7974;7
41380;8830;1
41381;2913;3
41382;5073;4
41383;6501;5
41384;2047;7
41385;3127;7
41386;5274;2
41387;3823;4
41388;3939;4
41389;4243;6
41390;7304;3
41391;1468;6
41392;3630;2
41393;3522;7
41394;6778;4
41395;6408;6
41396;1786;3
41397;6175;6
41398;2291;1
41399;1124;5
41400;5877;3
41401;7057;4
41402;1214;2
41403;2004;2
41404;8010;3
41405;6327;7
41406;4562;1
41407;7647;4
41408;1832;1
41409;1369;4
41410;6584;4
41411;3207;5
41412;1291;7
41413;3139;3
41414;2959;3
41415;3038;3
41416;3026;3
41417;3625;1
41418;8844;2
41419;1238;5
41420;8403;4
41421;6766;1
41422;6752;1
41423;8670;6
41424;7323;1
41425;3368;3
41426;7331;6
41427;6599;5
41428;7616;1
41429;4711;4
41430;3952;7
41431;5135;3
41432;6117;1
41433;3346;3
41434;8835;5
41435;5192;7
41436;1419;5
41437;2360;4
41438;2228;3
41439;3438;3
41440;1452;3
41441;5510;4
41442;4473;2
41443;8888;5
41444;4100;4
41445;3305;6
41446;4647;6
41447;7907;3
41448;3785;7
41449;7139;3
41450;7262;1
41451;4685;5
41452;7289;3
41453;8093;3
41454;2347;2
41455;6615;2
41456;7841;4
41457;5050;4
41458;6368;3
41459;5018;4
41460;3385;4
41461;1887;2
41462;1252;1
41463;7846;6
41464;7026;5
41465;3974;3
41466;5202;4
41467;8626;6
41468;2712;7
41469;6278;6
41470;1951;5
41471;6491;2
41472;5222;5
41473;2968;3
41474;3817;1
41475;4193;1
41476;4852;5
41477;1509;1
41478;8456;2
41479;4731;3
41480;3140;2
41481;8773;2
41482;4597;6
41483;5058;5
41484;3259;7
41485;1643;5
41486;8734;7
41487;4276;7
41488;1246;6
41489;1527;4
41490;1153;1
41491;3588;1
41492;7532;6
41493;6579;7
41494;4521;1
41495;4623;4
41496;2893;3
41497;6261;5
41498;7627;7
41499;7752;3
41500;4769;5
41501;3817;4
41502;5689;6
41503;7187;5
41504;4882;1
41505;4937;4
41506;6368;5
41507;6607;6
41508;4908;5
41509;6565;3
41510;2415;6
41511;2538;4
41512;1133;3
41513;3635;5
41514;4150;2
41515;6473;2
41516;4156;2
41517;4772;7
41518;5864;6
41519;1124;7
41520;4421;2
41521;5321;2
41522;2253;4
41523;4879;3
41524;2130;7
41525;5399;4
41526;8592;7
41527;2755;3
41528;2635;4
41529;3700;4
41530;3732;1
41531;4516;7
41532;8666;7
41533;8100;7
41534;7984;6
41535;4717;6
41536;2228;5
41537;8818;1
41538;4777;5
41539;4715;1
41540;7675;1
41541;5922;1
41542;2285;3
41543;6891;3
41544;6004;7
41545;3717;6
41546;1478;7
41547;3877;5
41548;1771;1
41549;8881;1
41550;8962;1
41551;7283;4
41552;7842;4
41553;5027;1
41554;1862;5
41555;4464;1
41556;7952;1
41557;3108;2
41558;1403;5
41559;5291;6
41560;8252;7
41561;8802;5
41562;6098;2
41563;7248;5
41564;2256;1
41565;4668;2
41566;4206;5
41567;8763;3
41568;3385;7
41569;2720;4
41570;2513;7
41571;4919;4
41572;6264;6
41573;6608;5
41574;4141;3
41575;2081;7
41576;5501;7
41577;8122;5
41578;2471;5
41579;8514;1
41580;3497;4
41581;4449;1
41582;1860;2
41583;1021;7
41584;8958;1
41585;8816;4
41586;1308;4
41587;2241;4
41588;4668;6
41589;5589;4
41590;3955;7
41591;3380;7
41592;6412;4
41593;6854;6
41594;7073;5
41595;1840;5
41596;8170;4
41597;4809;6
41598;4357;2
41599;3503;7
41600;5019;6
41601;6699;2
41602;7375;6
41603;1835;6
41604;3197;7
41605;3554;6
41606;1526;1
41607;4462;2
41608;7802;5
41609;7660;6
41610;8370;7
41611;2077;3
41612;4850;7
41613;1275;1
41614;8462;5
41615;7451;1
41616;8360;2
41617;5486;6
41618;2698;5
41619;1498;7
41620;7674;1
41621;5883;7
41622;7319;6
41623;7579;3
41624;3702;1
41625;3907;2
41626;3863;6
41627;7024;4
41628;7624;5
41629;8134;5
41630;1196;7
41631;2332;1
41632;6925;7
41633;7943;3
41634;1394;5
41635;4042;3
41636;5539;5
41637;1715;3
41638;5757;4
41639;3154;6
41640;7945;2
41641;7104;2
41642;5907;2
41643;4841;5
41644;4369;1
41645;6339;7
41646;3722;4
41647;4315;6
41648;2251;3
41649;5106;4
41650;6750;5
41651;6791;3
41652;6882;7
41653;7602;2
41654;8960;6
41655;3777;1
41656;4987;7
41657;7849;5
41658;6376;2
41659;8774;2
41660;6465;6
41661;2781;7
41662;3572;1
41663;4807;2
41664;2193;2
41665;1751;6
41666;2710;7
41667;5565;4
41668;6353;1
41669;5607;5
41670;5287;2
41671;6763;4
41672;7898;3
41673;3876;5
41674;1955;3
41675;1786;4
41676;8435;7
41677;5273;2
41678;6833;2
41679;5762;1
41680;8461;4
41681;5327;5
41682;6210;5
41683;5056;3
41684;3320;1
41685;6308;7
41686;6707;5
41687;5739;7
41688;1978;6
41689;5734;6
41690;7522;3
41691;1131;1
41692;3225;7
41693;1918;5
41694;8013;3
41695;5525;3
41696;5061;2
41697;4746;1
41698;8292;2
41699;6884;3
41700;4190;3
41701;3692;1
41702;8603;7
41703;8302;5
41704;2655;6
41705;4162;7
41706;6682;1
41707;5277;3
41708;2609;6
41709;7622;5
41710;6467;7
41711;7572;4
41712;5824;3
41713;8538;5
41714;4146;5
41715;6621;6
41716;4216;1
41717;8999;3
41718;7677;1
41719;7556;2
41720;8380;7
41721;1515;1
41722;8160;1
41723;2057;3
41724;4833;1
41725;4378;3
41726;2126;2
41727;3112;5
41728;1371;2
41729;8135;4
41730;1995;7
41731;2428;6
41732;7406;4
41733;6164;7
41734;8873;6
41735;4314;2
41736;7666;7
41737;5224;1
41738;2808;7
41739;7294;3
41740;7451;7
41741;7189;3
41742;2322;6
41743;5797;2
41744;6990;5
41745;6346;2
41746;7566;1
41747;5761;4
41748;6852;4
41749;8827;4
41750;3856;2
41751;2758;4
41752;7898;2
41753;2390;6
41754;4211;3
41755;2264;3
41756;8808;7
41757;4072;5
41758;1665;5
41759;2837;3
41760;6232;7
41761;7988;7
41762;6061;2
41763;5733;4
41764;6855;5
41765;4880;6
41766;8137;6
41767;3617;4
41768;8820;4
41769;6685;4
41770;6799;1
41771;7401;2
41772;5530;5
41773;5040;6
41774;2440;3
41775;7048;5
41776;6471;2
41777;1740;4
41778;8800;3
41779;3498;3
41780;7878;6
41781;8605;6
41782;5480;5
41783;3183;4
41784;4807;5
41785;7743;7
41786;3935;4
41787;7200;7
41788;8550;5
41789;8050;4
41790;4069;6
41791;5806;1
41792;1527;6
41793;8206;5
41794;1449;1
41795;2452;7
41796;3252;3
41797;6456;2
41798;2872;1
41799;2535;3
41800;7017;6
41801;5371;1
41802;5904;7
41803;5397;7
41804;5622;3
41805;3189;3
41806;8965;3
41807;2484;6
41808;4811;6
41809;3189;7
41810;4465;1
41811;3493;6
41812;1460;2
41813;2550;4
41814;4447;5
41815;7287;7
41816;5792;2
41817;3560;6
41818;8959;2
41819;3539;4
41820;2590;3
41821;6843;7
41822;4845;2
41823;3516;2
41824;2819;1
41825;2957;3
41826;3579;3
41827;4855;6
41828;4154;2
41829;6843;2
41830;1897;5
41831;4702;1
41832;8714;7
41833;7220;5
41834;3498;4
41835;6739;3
41836;6355;3
41837;7497;1
41838;3682;2
41839;7581;3
41840;5225;1
41841;7013;2
41842;1678;5
41843;5876;1
41844;6237;7
41845;2966;2
41846;8197;6
41847;2160;4
41848;6286;3
41849;3353;7
41850;4264;5
41851;1186;1
41852;5410;5
41853;8069;6
41854;7757;2
41855;1647;1
41856;3022;7
41857;7675;3
41858;2972;1
41859;4451;3
41860;6383;2
41861;4251;2
41862;7757;1
41863;3789;3
41864;8265;1
41865;8007;1
41866;2976;5
41867;3357;4
41868;7381;1
41869;3205;6
41870;3019;5
41871;8020;4
41872;8225;6
41873;8150;7
41874;5313;2
41875;3873;7
41876;1009;6
41877;1878;6
41878;2130;4
41879;6397;3
41880;8298;4
41881;1228;7
41882;8002;1
41883;1755;6
41884;8520;2
41885;8799;4
41886;5732;5
41887;8673;2
41888;3219;7
41889;1190;6
41890;5912;7
41891;5982;5
41892;5442;5
41893;6334;2
41894;3359;4
41895;8718;7
41896;6611;2
41897;8898;1
41898;3522;4
41899;2027;1
41900;7973;6
41901;5542;4
41902;2763;4
41903;5617;4
41904;3522;7
41905;6949;6
41906;5121;7
41907;8725;3
41908;8476;3
41909;4353;6
41910;6009;1
41911;5546;3
41912;1221;2
41913;5634;2
41914;7613;6
41915;2869;2
41916;4208;4
41917;1564;1
41918;3783;3
41919;6710;4
41920;3123;2
41921;7874;1
41922;2555;6
41923;4327;1
41924;1732;6
41925;1329;3
41926;5933;6
41927;6308;6
41928;3731;7
41929;5621;2
41930;3042;1
41931;6936;6
41932;7420;3
41933;6932;5
41934;3812;1
41935;8716;2
41936;3124;3
41937;3131;7
41938;4056;6
41939;5836;7
41940;6343;4
41941;2690;4
41942;3124;4
41943;7370;3
41944;6094;1
41945;3710;2
41946;6012;4
41947;7027;5
41948;2010;5
41949;5145;7
41950;1696;6
41951;8894;3
41952;3548;1
41953;6517;1
41954;4892;7
41955;5092;5
41956;4205;7
41957;5665;7
41958;2705;6
41959;6331;1
41960;1481;5
41961;7256;6
41962;1624;7
41963;7489;4
41964;8275;7
41965;7491;7
41966;1011;2
41967;8608;5
41968;8824;4
41969;5685;7
41970;1606;6
41971;3115;2
41972;4268;7
41973;7025;3
41974;7581;7
41975;1360;4
41976;6934;7
41977;3197;4
41978;6210;4
41979;1833;1
41980;3757;5
41981;3168;1
41982;3087;7
41983;7523;3
41984;7714;6
41985;6926;7
41986;1563;4
41987;7311;5
41988;1375;2
41989;3668;5
41990;1264;1
41991;7118;4
41992;1885;6
41993;2350;7
41994;4280;3
41995;5169;2
41996;8934;2
41997;2358;7
41998;5076;2
41999;8729;5
42000;2228;6
42001;1674;6
42002;7687;6
42003;6823;5
42004;4720;5
42005;5679;5
42006;1894;7
42007;8750;3
42008;4615;4
42009;3231;3
42010;5251;1
42011;8048;2
42012;3862;2
42013;1936;1
42014;6519;7
42015;1074;7
42016;6660;4
42017;3550;7
42018;2498;1
42019;4290;5
42020;7061;4
42021;6772;7
42022;8867;3
42023;8090;2
42024;7342;6
42025;2823;3
42026;6365;2
42027;1459;4
42028;1889;6
42029;8290;2
42030;4795;4
42031;3958;1
42032;7269;4
42033;6461;3
42034;5239;1
42035;5568;1
42036;3028;3
42037;3084;7
42038;2955;3
42039;6373;5
42040;2030;6
42041;8367;3
42042;2858;2
42043;8019;7
42044;1586;3
42045;2930;6
42046;8940;4
42047;5934;4
42048;6940;6
42049;7742;4
42050;2683;5
42051;8645;1
42052;4931;7
42053;7506;2
42054;1871;5
42055;7893;5
42056;3788;7
42057;8815;2
42058;4344;3
42059;7250;6
42060;7945;5
42061;1944;7
42062;1415;2
42063;8037;4
42064;1763;7
42065;8376;2
42066;7591;2
42067;4696;6
42068;1211;6
42069;6933;2
42070;3178;1
42071;2868;2
42072;4114;2
42073;3724;6
42074;5506;4
42075;8885;1
42076;8176;6
42077;2787;2
42078;2549;2
42079;7852;1
42080;6567;3
42081;7523;3
42082;4074;6
42083;6767;2
42084;4210;6
42085;8578;5
42086;4143;2
42087;2841;7
42088;8541;4
42089;3250;5
42090;6203;5
42091;1556;1
42092;8892;4
42093;4366;2
42094;4395;5
42095;5773;2
42096;5183;5
42097;2354;7
42098;7252;6
42099;5173;4
42100;7605;6
42101;2123;1
42102;4534;6
42103;6685;2
42104;1212;5
42105;1129;1
42106;6226;7
42107;6595;6
42108;3307;6
42109;2903;2
42110;8682;2
42111;5435;7
42112;2554;5
42113;6180;7
42114;2308;6
42115;2377;5
42116;7030;5
42117;6436;1
42118;1137;4
42119;2093;4
42120;2221;2
42121;7180;4
42122;6530;1
42123;7666;4
42124;5825;3
42125;6831;4
42126;7214;4
42127;4548;5
42128;2620;1
42129;7963;5
42130;2324;1
42131;5454;7
42132;8203;2
42133;3749;4
42134;2502;4
42135;5151;4
42136;7204;4
42137;2511;1
42138;6922;6
42139;1307;3
42140;5976;1
42141;8544;3
42142;4167;7
42143;7528;2
42144;2761;1
42145;1657;6
42146;6510;2
42147;6829;6
42148;2498;6
42149;7075;7
42150;4751;1
42151;4858;6
42152;6287;1
42153;5418;3
42154;2669;3
42155;4316;1
42156;2072;7
42157;7300;4
42158;6708;1
42159;3392;3
42160;6957;5
42161;6474;2
42162;8098;2
42163;8185;6
42164;2749;6
42165;4108;2
42166;4893;1
42167;8528;7
42168;1121;4
42169;4641;4
42170;2244;4
42171;7064;3
42172;6860;3
42173;1189;3
42174;3209;1
42175;3445;2
42176;1677;2
42177;8649;5
42178;3447;6
42179;4766;4
42180;6681;1
42181;6537;5
42182;1134;5
42183;1139;7
42184;4723;2
42185;6273;3
42186;7480;1
42187;8115;4
42188;1510;5
42189;4625;5
42190;4245;1
42191;2873;6
42192;1066;2
42193;8332;7
42194;5823;4
42195;8793;4
42196;8295;6
42197;8492;4
42198;4532;2
42199;2875;1
42200;4622;7
42201;1514;7
42202;8232;4
42203;7692;4
42204;5024;2
42205;1747;7
42206;3851;6
42207;6430;4
42208;8507;6
42209;3299;6
42210;7097;4
42211;6606;3
42212;8198;7
42213;2047;4
42214;3545;3
42215;4543;4
42216;1608;1
42217;6128;7
42218;1645;3
42219;4989;5
42220;1318;1
42221;3748;6
42222;4833;6
42223;2659;7
42224;4922;1
42225;5604;7
42226;2468;4
42227;7644;6
42228;8363;6
42229;3777;7
42230;2450;6
42231;3949;3
42232;2668;3
42233;4123;6
42234;3237;7
42235;7026;4
42236;8986;2
42237;2001;6
42238;1477;5
42239;6630;5
42240;5662;7
42241;8221;2
42242;2244;3
42243;6405;6
42244;1581;4
42245;1538;3
42246;4186;3
42247;7883;1
42248;6263;3
42249;1196;5
42250;3165;5
42251;1732;2
42252;6030;4
42253;3325;3
42254;4343;4
42255;3755;2
42256;6582;4
42257;2406;6
42258;3960;1
42259;8261;5
42260;3636;2
42261;8381;3
42262;7909;5
42263;7036;6
42264;7516;2
42265;8085;5
42266;2729;6
42267;2056;1
42268;4749;1
42269;3386;5
42270;4730;4
42271;3119;6
42272;3904;4
42273;3210;4
42274;8713;7
42275;5590;2
42276;2337;6
42277;3043;1
42278;6639;3
42279;5819;1
42280;3508;7
42281;4457;5
42282;7915;5
42283;1666;6
42284;6763;3
42285;7255;6
42286;2855;7
42287;4586;6
42288;6933;5
42289;4426;1
42290;8818;4
42291;7015;2
42292;6416;6
42293;5361;3
42294;1067;2
42295;6239;2
42296;6009;7
42297;6123;1
42298;4997;2
42299;1541;7
42300;5735;3
42301;8654;2
42302;8671;7
42303;5948;7
42304;8991;4
42305;1447;3
42306;1126;2
42307;3732;4
42308;2858;1
42309;5418;2
42310;2144;4
42311;2662;1
42312;4178;5
42313;6271;5
42314;1512;3
42315;7381;2
42316;4780;4
42317;3078;2
42318;2561;7
42319;1385;4
42320;7332;5
42321;7620;3
42322;7333;1
42323;1156;5
42324;7960;2
42325;8501;1
42326;1678;6
42327;1184;2
42328;4748;6
42329;5851;6
42330;5641;5
42331;3828;3
42332;3939;4
42333;6132;3
42334;5448;1
42335;4770;5
42336;7002;2
42337;3420;3
42338;4143;5
42339;2294;3
42340;7209;4
42341;5795;2
42342;3206;2
42343;6203;4
42344;8525;4
42345;6948;4
42346;7127;2
42347;1048;6
42348;8711;7
42349;4142;7
42350;6376;4
42351;8272;2
42352;5315;7
42353;8890;5
42354;3632;4
42355;2155;3
42356;4373;2
42357;2486;4
42358;8744;2
42359;6147;6
42360;5108;5
42361;7887;4
42362;2674;5
42363;3325;5
42364;3646;3
42365;1613;5
42366;1833;6
42367;3724;5
42368;6942;6
42369;4674;2
42370;4379;7
42371;6386;5
42372;8628;3
42373;8547;6
42374;2972;2
42375;3427;2
42376;1185;7
42377;8302;2
42378;2500;7
42379;6059;1
42380;2649;2
42381;2670;3
42382;1730;1
42383;8406;5
42384;8235;2
42385;7590;7
42386;5483;3
42387;8489;5
42388;2596;6
42389;8529;7
42390;3647;1
42391;5838;3
42392;4646;3
42393;2208;6
42394;3064;4
42395;6801;1
42396;4962;3
42397;5341;3
42398;4685;5
42399;7689;2
42400;4919;4
42401;3964;5
42402;3897;1
42403;5077;6
42404;8897;2
42405;8689;3
42406;6548;1
42407;7679;6
42408;8356;4
42409;1191;7
42410;3234;4
42411;4393;1
42412;8172;7
42413;3573;4
42414;1561;4
42415;8930;4
42416;5769;2
42417;6332;2
42418;4864;5
42419;7590;4
42420;6815;6
42421;2811;1
42422;8522;1
42423;4588;2
42424;6304;1
42425;4164;2
42426;1847;1
42427;5850;2
42428;7374;4
42429;2340;4
42430;4425;4
42431;5157;5
42432;2395;7
42433;1063;6
42434;6529;6
42435;2811;7
42436;2597;7
42437;4442;2
42438;8232;7
42439;8106;3
42440;6463;7
42441;7182;6
42442;7035;1
42443;8173;1
42444;6103;7
42445;1241;1
42446;2544;3
42447;1762;4
42448;7138;4
42449;8273;2
42450;7641;1
42451;5017;3
42452;3903;4
42453;3379;5
42454;6190;1
42455;3467;2
42456;8258;7
42457;7279;6
42458;6830;1
42459;5731;5
42460;1557;1
42461;1053;4
42462;1605;3
42463;5292;1
42464;3813;1
42465;2472;1
42466;6198;4
42467;8049;5
42468;8460;6
42469;7196;5
42470;1564;5
42471;2431;1
42472;8436;3
42473;3355;3
42474;3583;1
42475;3579;1
42476;4557;7
42477;6253;4
42478;6721;6
42479;2797;1
42480;2670;4
42481;7199;4
42482;3859;2
42483;8333;5
42484;5029;5
42485;2830;1
42486;6621;6
42487;4784;5
42488;4916;2
42489;6131;5
42490;7593;2
42491;4395;4
42492;3718;2
42493;3605;2
42494;5364;4
42495;2987;7
42496;6523;3
42497;3642;7
42498;1663;2
42499;2004;2
42500;6656;5
42501;6421;5
42502;2766;2
42503;1812;3
42504;8758;7
42505;7020;3
42506;8761;7
42507;1151;3
42508;6568;5
42509;1596;6
42510;7972;3
42511;8893;3
42512;8585;3
42513;1313;4
42514;2850;3
42515;3768;1
42516;1455;3
42517;5646;4
42518;6533;6
42519;1498;7
42520;6060;1
42521;5572;3
42522;4754;7
42523;1345;7
42524;4184;1
42525;8568;1
42526;6341;3
42527;7539;3
42528;8505;1
42529;2329;5
42530;1628;5
42531;8205;2
42532;8192;6
42533;2320;6
42534;3227;6
42535;5589;3
42536;7777;1
42537;3102;4
42538;2060;5
42539;1360;7
42540;6784;2
42541;2565;5
42542;5534;3
42543;4602;7
42544;1203;2
42545;3481;4
42546;2922;2
42547;8983;5
42548;2788;7
42549;7135;6
42550;4847;6
42551;5541;6
42552;7862;2
42553;4780;2
42554;6102;3
42555;2894;4
42556;5777;1
42557;2016;4
42558;1634;4
42559;7150;2
42560;5084;2
42561;8239;6
42562;8531;6
42563;7618;4
42564;6293;5
42565;5158;7
42566;3099;6
42567;2651;4
42568;3031;7
42569;2216;6
42570;7644;3
42571;2492;2
42572;2065;2
42573;1515;7
42574;3911;5
42575;2110;6
42576;2203;4
42577;4219;2
42578;8711;5
42579;4314;6
42580;5940;1
42581;8449;5
42582;1229;1
42583;1613;3
42584;3367;3
42585;4390;3
42586;3391;4
42587;7401;7
42588;6194;4
42589;2592;6
42590;6290;4
42591;7116;6
42592;7349;1
42593;4423;1
42594;7557;4
42595;5753;2
42596;2653;7
42597;7110;1
42598;1022;6
42599;4568;3
42600;3825;7
42601;2061;4
42602;1553;5
42603;7017;7
42604;2696;2
42605;3093;1
42606;4549;7
42607;8665;4
42608;3968;4
42609;4097;7
42610;2339;1
42611;4364;7
42612;8021;6
42613;2362;6
42614;7805;4
42615;7217;3
42616;8482;4
42617;8486;6
42618;4606;7
42619;7919;6
42620;1959;2
42621;2805;7
42622;3837;3
42623;8449;1
42624;5769;3
42625;7863;5
42626;6599;3
42627;5162;1
42628;4268;6
42629;2214;5
42630;5826;1
42631;2200;3
42632;4519;5
42633;4892;7
42634;5072;3
42635;1093;1
42636;1988;7
42637;2120;7
42638;6565;3
42639;3783;6
42640;7916;1
42641;3420;2
42642;8362;2
42643;2377;4
42644;3632;7
42645;4905;4
42646;1816;3
42647;1492;1
42648;7190;1
42649;8342;6
42650;6396;7
42651;1063;6
42652;8699;5
42653;7306;1
42654;2191;1
42655;1506;3
42656;4968;1
42657;7326;3
42658;4149;3
42659;7640;1
42660;2028;6
42661;4882;6
42662;2253;1
42663;2277;1
42664;5787;2
42665;2887;6
42666;2669;4
42667;2344;3
42668;2335;1
42669;6412;6
42670;8766;5
42671;4488;5
42672;6468;5
42673;6184;3
42674;5910;4
42675;6473;4
42676;1120;5
42677;5460;6
42678;1224;2
42679;7912;4
42680;3185;4
42681;8131;5
42682;2884;1
42683;4429;5
42684;7151;6
42685;2080;7
42686;2267;6
42687;6230;4
42688;4664;3
42689;6420;2
42690;2754;1
42691;8463;4
42692;6103;5
42693;6631;6
42694;6731;2
42695;8125;7
42696;2075;6
42697;7023;4
42698;2678;1
42699;7347;4
42700;6628;5
42701;2713;3
42702;1980;1
42703;1658;3
42704;2136;2
42705;6108;4
42706;4947;2
42707;4025;4
42708;5429;2
42709;7546;6
42710;6114;6
42711;2080;7
42712;8238;4
42713;5305;3
42714;3304;4
42715;7233;1
42716;7863;7
42717;5393;7
42718;3041;1
42719;3866;2
42720;7186;6
42721;3492;5
42722;7909;1
42723;8608;7
42724;5734;3
42725;2912;6
42726;7294;5
42727;5147;6
42728;1533;7
42729;5338;4
42730;3796;2
42731;8097;2
42732;7598;4
42733;7616;5
42734;1846;1
42735;2877;6
42736;3209;5
42737;2236;4
42738;1480;3
42739;5428;2
42740;7012;4
42741;5872;7
42742;7818;2
42743;3034;1
42744;2685;4
42745;7154;3
42746;7034;6
42747;7329;6
42748;2783;5
42749;7787;3
42750;2617;3
42751;1532;3
42752;4878;3
42753;8083;2
42754;1571;7
42755;4107;4
42756;2020;2
42757;3370;3
42758;8921;4
42759;7579;6
42760;7255;3
42761;6968;5
42762;8361;3
42763;2198;1
42764;6123;2
42765;8092;1
42766;1600;7
42767;2819;1
42768;5270;2
42769;4881;4
42770;5671;1
42771;2159;2
42772;8775;7
42773;4034;7
42774;4408;1
42775;4370;2
42776;5176;2
42777;2902;6
42778;4484;4
42779;7986;2
42780;7267;1
42781;5797;4
42782;7645;3
42783;6961;4
42784;3998;7
42785;4369;6
42786;8241;1
42787;2364;4
42788;1110;2
42789;2007;4
42790;7857;2
42791;8111;3
42792;6240;4
42793;4176;2
42794;4240;7
42795;1037;6
42796;1635;6
42797;3353;4
42798;3097;2
42799;2212;5
42800;8833;7
42801;5960;1
42802;8782;5
42803;7523;1
42804;8585;2
42805;4205;7
42806;6073;4
42807;2755;3
42808;7756;6
42809;7665;2
42810;8738;1
42811;3227;2
42812;8804;1
42813;2937;6
42814;2754;3
42815;4674;6
42816;8393;3
42817;4128;3
42818;6433;7
42819;8444;1
42820;4848;7
42821;3332;6
42822;7594;6
42823;7891;6
42824;6029;6
42825;7467;7
42826;1740;2
42827;2099;1
42828;3361;4
42829;1507;5
42830;4022;2
42831;1472;2
42832;2966;2
42833;1120;6
42834;4695;6
42835;4242;4
42836;6377;5
42837;8374;6
42838;2089;2
42839;7461;7
42840;2677;2
42841;7543;1
42842;8125;2
42843;3843;7
42844;5813;6
42845;6925;2
42846;3080;7
42847;7560;2
42848;5557;3
42849;3117;1
42850;6115;4
42851;4236;6
42852;8740;3
42853;6783;5
42854;8748;1
42855;8771;7
42856;7313;5
42857;1741;2
42858;8524;3
42859;4849;3
42860;4225;6
42861;4613;5
42862;1573;1
42863;6829;6
42864;2361;7
42865;2073;6
42866;2706;1
42867;8963;7
42868;3224;1
42869;4913;4
42870;2623;5
42871;7831;4
42872;2614;1
42873;3532;3
42874;4713;2
42875;5671;7
42876;8089;3
42877;8074;4
42878;1899;3
42879;3270;5
42880;4380;4
42881;6357;7
42882;4205;2
42883;5549;5
42884;3566;4
42885;8482;7
42886;8890;6
42887;2204;7
42888;8838;7
42889;3740;1
42890;8452;7
42891;6548;7
42892;2340;6
42893;6083;1
42894;6513;2
42895;7328;5
42896;1776;5
42897;3821;6
42898;7746;1
42899;8190;5
42900;3120;5
42901;4531;2
42902;4713;5
42903;3688;5
42904;8883;7
42905;8958;4
42906;2233;3
42907;3813;6
42908;6602;6
42909;3155;1
42910;5350;1
42911;6601;2
42912;4017;7
42913;6586;7
42914;7067;7
42915;7683;3
42916;3400;6
42917;3062;7
42918;3557;6
42919;4497;7
42920;8610;5
42921;5646;1
42922;3997;5
42923;5343;4
42924;2324;1
42925;4454;5
42926;5000;4
42927;4450;2
42928;2138;1
42929;4048;2
42930;6404;4
42931;4925;4
42932;8760;2
42933;7053;7
42934;4761;7
42935;8144;2
42936;3973;5
42937;7905;5
42938;3058;6
42939;4255;7
42940;2157;1
42941;4899;3
42942;1929;1
42943;3936;2
42944;4062;4
42945;7953;7
42946;3120;7
42947;5573;7
42948;3794;7
42949;6887;2
42950;8047;4
42951;4427;4
42952;5007;2
42953;6872;7
42954;8319;3
42955;5352;6
42956;7968;2
42957;4110;4
42958;8644;5
42959;2059;2
42960;1794;1
42961;3124;7
42962;1642;6
42963;4462;4
42964;3498;5
42965;7878;6
42966;7187;4
42967;4691;2
42968;6338;2
42969;6029;2
42970;2244;6
42971;7247;7
42972;3632;1
42973;2535;7
42974;8171;1
42975;2307;4
42976;4084;2
42977;7501;3
42978;6090;4
42979;2790;3
42980;6982;7
42981;6446;6
42982;6239;6
42983;5551;3
42984;6931;2
42985;6460;7
42986;1224;5
42987;8019;6
42988;6626;6
42989;2939;3
42990;4130;5
42991;5508;1
42992;2403;7
42993;3068;6
42994;6924;2
42995;8682;1
42996;4455;1
42997;3526;7
42998;5803;7
42999;8736;7
43000;7615;6
43001;2706;5
43002;4641;4
43003;7425;5
43004;6033;1
43005;8877;1
43006;7563;5
43007;8254;5
43008;6238;6
43009;7262;5
43010;6840;3
43011;1202;4
43012;8238;7
43013;2558;2
43014;8520;3
43015;6938;5
43016;6398;5
43017;3103;4
43018;6026;6
43019;2631;5
43020;3358;5
43021;8978;3
43022;8289;3
43023;6927;2
43024;5694;3
43025;2225;7
43026;8519;7
43027;8797;1
43028;1747;3
43029;6519;7
43030;6264;7
43031;7545;5
43032;8832;5
43033;3214;6
43034;6134;7
43035;2855;6
43036;5251;2
43037;1274;6
43038;4210;1
43039;6487;2
43040;2171;6
43041;3723;2
43042;4491;3
43043;7196;3
43044;6166;7
43045;4218;5
43046;7157;7
43047;2355;5
43048;2288;5
43049;3046;4
43050;2095;1
43051;2488;2
43052;3138;5
43053;4457;2
43054;1185;4
43055;4455;6
43056;8168;3
43057;4099;3
43058;6842;1
43059;2302;7
43060;7318;7
43061;5043;6
43062;2299;4
43063;4656;1
43064;7261;3
43065;4560;6
43066;8064;5
43067;3750;7
43068;5782;3
43069;8227;3
43070;4936;7
43071;8409;4
43072;3061;2
43073;8994;2
43074;1717;4
43075;1392;4
43076;5455;5
43077;4552;3
43078;4849;3
43079;2621;5
43080;5959;4
43081;7297;1
43082;8058;1
43083;3664;6
43084;1959;7
43085;2959;3
43086;4873;2
43087;2591;5
43088;8225;3
43089;7704;4
43090;3725;4
43091;7082;4
43092;3519;7
43093;4105;2
43094;8763;5
43095;6343;7
43096;8589;1
43097;4043;2
43098;5076;5
43099;8462;4
43100;1496;3
43101;2611;1
43102;1185;6
43103;1323;6
43104;2477;7
43105;4916;6
43106;4335;5
43107;2147;1
43108;7202;6
43109;1999;7
43110;1604;2
43111;1032;7
43112;7604;2
43113;5162;6
43114;6034;5
43115;1400;4
43116;1374;2
43117;2639;5
43118;6330;2
43119;8582;6
43120;1449;5
43121;1278;3
43122;6538;4
43123;2765;4
43124;4710;3
43125;8351;6
43126;3840;3
43127;3719;7
43128;3577;5
43129;4338;1
43130;3544;7
43131;1289;1
43132;7413;7
43133;2998;3
43134;7372;2
43135;3325;4
43136;7307;7
43137;1705;7
43138;1151;4
43139;1766;3
43140;2736;4
43141;3488;5
43142;7135;4
43143;3978;6
43144;3680;1
43145;1363;2
43146;6736;4
43147;2322;5
43148;3913;3
43149;4411;6
43150;3240;6
43151;1075;3
43152;6189;3
43153;6074;1
43154;7452;7
43155;1975;1
43156;1103;4
43157;1768;1
43158;2709;7
43159;7363;4
43160;3740;6
43161;4362;5
43162;6742;3
43163;2557;2
43164;5135;5
43165;8685;4
43166;3330;2
43167;6592;4
43168;1636;5
43169;2073;6
43170;3012;6
43171;2642;5
43172;1591;7
43173;4615;2
43174;7564;6
43175;1311;6
43176;6973;5
43177;3041;2
43178;7658;5
43179;4157;6
43180;7145;7
43181;5524;3
43182;1307;3
43183;8964;6
43184;4339;7
43185;8763;7
43186;8860;6
43187;2479;4
43188;3069;4
43189;7403;2
43190;2505;2
43191;2777;4
43192;3640;7
43193;2215;7
43194;8768;2
43195;4744;1
43196;4603;5
43197;2590;6
43198;8324;2
43199;5699;5
43200;3754;6
43201;6071;4
43202;4474;4
43203;1793;5
43204;1792;1
43205;2343;2
43206;7987;1
43207;8997;7
43208;4057;2
43209;8247;5
43210;1226;6
43211;4178;2
43212;2422;1
43213;5126;7
43214;1936;3
43215;4168;5
43216;5931;5
43217;3919;7
43218;1556;4
43219;8474;5
43220;6399;6
43221;5390;4
43222;5840;2
43223;5077;4
43224;6214;4
43225;5991;5
43226;5896;5
43227;2881;3
43228;8762;1
43229;2408;4
43230;3421;1
43231;4983;1
43232;3720;3
43233;3094;6
43234;4072;5
43235;5350;1
43236;5214;7
43237;5451;5
43238;7323;4
43239;2530;1
43240;6131;4
43241;2626;2
43242;3537;3
43243;6838;5
43244;2327;5
43245;5502;5
43246;8806;5
43247;8858;6
43248;7938;3
43249;1521;5
43250;6040;3
43251;2569;2
43252;3716;7
43253;6490;1
43254;2972;6
43255;5242;7
43256;4313;1
43257;4736;2
43258;1068;2
43259;1971;7
43260;3111;4
43261;2801;4
43262;5174;6
43263;4231;2
43264;4650;2
43265;6507;3
43266;2193;7
43267;6029;6
43268;4907;1
43269;3598;3
43270;6009;4
43271;4726;5
43272;4091;5
43273;6936;6
43274;2645;3
43275;1222;1
43276;8467;4
43277;3000;1
43278;2026;6
43279;5419;7
43280;1089;2
43281;3601;3
43282;8265;4
43283;4098;3
43284;1161;1
43285;1340;3
43286;8193;1
43287;2633;2
43288;2741;1
43289;4361;5
43290;8456;3
43291;5770;7
43292;5540;5
43293;1625;7
43294;1484;1
43295;7392;5
43296;3575;4
43297;3556;4
43298;1525;7
43299;6221;5
43300;6749;7
43301;2101;5
43302;3533;5
43303;7220;4
43304;6058;6
43305;5788;6
43306;8490;4
43307;8162;2
43308;2309;5
43309;2354;5
43310;5287;4
43311;8794;7
43312;3831;6
43313;4425;5
43314;5974;7
43315;7699;7
43316;2552;5
43317;5740;7
43318;1685;4
43319;8887;1
43320;3196;2
43321;7424;1
43322;4342;2
43323;6387;1
43324;5144;2
43325;5558;7
43326;7498;5
43327;5948;3
43328;3154;1
43329;2736;1
43330;2712;1
43331;6253;3
43332;8142;2
43333;6407;6
43334;7276;2
43335;8300;2
43336;3862;7
43337;2411;6
43338;8865;2
43339;8195;3
43340;3268;7
43341;1642;5
43342;7869;4
43343;1426;2
43344;3478;1
43345;6818;6
43346;6405;6
43347;5249;7
43348;4733;6
43349;8876;3
43350;7176;7
43351;6252;3
43352;4784;4
43353;7279;2
43354;7542;7
43355;3475;3
43356;8731;2
43357;2343;5
43358;7454;4
43359;5904;2
43360;5575;5
43361;6191;3
43362;6292;7
43363;1662;7
43364;8789;7
43365;6930;7
43366;7794;5
43367;4384;7
43368;1802;5
43369;3773;3
43370;1268;7
43371;8065;3
43372;6467;7
43373;1543;7
43374;8832;1
43375;6772;1
43376;5211;4
43377;5924;4
43378;7935;6
43379;7420;2
43380;1476;5
43381;7894;2
43382;4096;6
43383;8010;2
43384;2867;5
43385;5123;6
43386;3473;3
43387;1029;1
43388;8617;5
43389;5410;4
43390;3983;2
43391;5725;5
43392;7079;1
43393;3870;6
43394;3049;3
43395;7494;7
43396;1117;6
43397;7956;1
43398;7242;7
43399;6528;6
43400;6584;3
43401;3894;7
43402;4147;3
43403;2222;5
43404;6404;1
43405;6206;5
43406;2508;2
43407;7965;1
43408;3435;6
43409;4071;2
43410;7761;2
43411;5997;6
43412;4256;6
43413;8495;5
43414;8809;6
43415;5085;2
43416;4197;5
43417;6280;5
43418;2752;2
43419;1984;7
43420;1991;3
43421;8878;2
43422;3278;3
43423;7191;2
43424;7543;4
43425;2876;3
43426;8365;6
43427;1240;7
43428;8737;5
43429;4136;5
43430;1169;3
43431;3621;4
43432;7774;4
43433;1717;1
43434;1244;4
43435;3030;6
43436;2274;3
43437;1082;4
43438;7896;1
43439;1433;4
43440;2478;3
43441;5618;1
43442;5150;2
43443;2999;6
43444;1204;6
43445;2370;5
43446;5819;6
43447;3148;5
43448;8623;4
43449;2077;2
43450;6076;4
43451;1516;4
43452;8090;5
43453;7711;2
43454;6523;3
43455;7488;5
43456;2570;2
43457;2221;1
43458;4558;4
43459;2394;5
43460;3875;7
43461;4995;6
43462;4695;2
43463;4987;4
43464;6636;4
43465;3234;2
43466;3864;4
43467;6142;5
43468;3973;4
43469;1403;3
43470;3843;4
43471;8197;2
43472;7908;1
43473;5319;4
43474;4268;3
43475;1525;1
43476;8891;6
43477;3503;5
43478;7436;1
43479;4873;3
43480;6864;7
43481;5117;3
43482;7813;2
43483;4092;2
43484;5981;3
43485;6019;1
43486;5391;6
43487;3333;6
43488;7613;2
43489;2720;7
43490;1614;2
43491;7855;1
43492;7425;2
43493;3040;3
43494;7162;7
43495;3011;5
43496;6349;3
43497;2009;5
43498;2604;6
43499;1854;2
43500;5297;6
43501;4762;3
43502;4722;6
43503;3919;4
43504;3458;4
43505;2070;6
43506;2814;7
43507;1858;7
43508;6194;2
43509;7239;4
43510;8480;5
43511;4469;5
43512;5846;1
43513;8655;3
43514;3086;6
43515;7287;3
43516;7994;6
43517;8858;7
43518;4378;4
43519;8687;4
43520;1973;4
43521;2884;7
43522;8793;4
43523;8858;4
43524;3954;3
43525;8374;7
43526;5727;7
43527;5519;4
43528;1389;2
43529;1753;1
43530;7017;2
43531;4930;5
43532;2943;2
43533;8085;5
43534;5744;4
43535;3161;3
43536;2104;4
43537;2330;1
43538;8609;2
43539;2404;1
43540;1450;6
43541;3200;6
43542;5366;5
43543;4696;2
43544;5857;2
43545;8331;1
43546;5415;7
43547;1818;5
43548;6776;1
43549;1176;6
43550;2466;5
43551;7865;2
43552;8905;5
43553;4337;7
43554;4462;2
43555;6949;1
43556;3521;2
43557;5999;5
43558;3373;6
43559;4328;1
43560;4864;3
43561;7781;1
43562;8939;3
43563;3992;2
43564;2979;5
43565;5478;2
43566;2531;3
43567;1745;4
43568;3866;6
43569;6468;2
43570;7256;3
43571;5122;5
43572;6466;3
43573;2348;4
43574;4654;7
43575;6594;5
43576;7563;6
43577;2663;4
43578;7438;3
43579;4618;7
43580;6650;6
43581;4883;4
43582;4727;5
43583;8255;4
43584;7337;5
43585;4543;4
43586;5430;7
43587;4016;4
43588;4796;2
43589;8451;2
43590;2124;6
43591;2176;3
43592;1961;2
43593;3817;2
43594;5728;3
43595;8372;7
43596;2302;4
43597;8435;5
43598;4964;2
43599;6185;1
43600;8302;2
43601;8832;1
43602;5999;4
43603;1823;6
43604;3685;4
43605;3767;1
43606;3798;5
43607;3085;5
43608;6109;1
43609;8541;4
43610;7883;5
43611;8654;7
43612;4691;1
43613;1599;6
43614;4441;4
43615;6268;1
43616;1548;6
43617;2627;1
43618;5351;4
43619;2973;5
43620;3304;5
43621;3850;3
43622;7669;3
43623;2640;6
43624;7027;6
43625;6975;2
43626;3356;7
43627;1043;1
43628;1282;6
43629;2490;6
43630;2368;4
43631;5016;6
43632;8556;1
43633;1923;3
43634;3655;3
43635;4090;4
43636;6993;6
43637;8974;7
43638;6356;6
43639;2049;3
43640;8973;4
43641;6868;5
43642;6885;5
43643;8477;3
43644;8681;2
43645;8038;5
43646;1236;3
43647;7395;6
43648;6898;3
43649;2686;4
43650;4430;1
43651;3016;1
43652;8361;6
43653;3359;5
43654;4193;5
43655;6250;4
43656;3647;7
43657;4786;4
43658;4029;4
43659;5724;4
43660;7465;7
43661;8224;7
43662;2873;6
43663;7987;6
43664;6024;7
43665;2720;3
43666;1136;1
43667;4416;2
43668;2871;1
43669;2844;5
43670;3150;2
43671;1435;2
43672;6180;6
43673;2546;2
43674;2781;2
43675;3941;6
43676;1278;7
43677;2233;3
43678;6187;4
43679;4771;3
43680;7682;3
43681;1858;3
43682;5908;4
43683;2200;2
43684;1376;4
43685;1554;2
43686;7772;7
43687;2407;6
43688;4541;5
43689;6672;5
43690;3111;6
43691;7821;7
43692;8424;4
43693;1810;2
43694;6042;3
43695;4975;2
43696;5381;2
43697;7749;1
43698;6175;5
43699;7517;7
43700;6279;1
43701;7226;6
43702;5844;4
43703;2790;3
43704;5914;7
43705;8631;6
43706;1991;3
43707;6115;6
43708;7863;7
43709;2981;5
43710;6413;6
43711;4222;1
43712;4435;3
43713;2088;3
43714;7368;5
43715;5299;5
43716;4783;1
43717;2964;4
43718;3811;2
43719;3735;3
43720;2053;5
43721;3205;2
43722;6652;6
43723;3957;2
43724;6027;3
43725;4405;3
43726;5188;7
43727;3041;5
43728;3293;6
43729;8122;3
43730;5711;4
43731;8985;4
43732;5499;2
43733;5438;2
43734;1002;2
43735;5753;4
43736;5778;5
43737;6298;2
43738;3026;3
43739;6590;4
43740;8821;6
43741;1600;1
43742;3659;2
43743;1992;1
43744;1431;2
43745;2713;7
43746;1569;2
43747;1396;4
43748;4959;2
43749;2011;6
43750;2458;4
43751;2097;5
43752;8300;5
43753;7300;2
43754;2218;1
43755;4131;7
43756;2219;6
43757;7922;1
43758;3910;5
43759;4160;3
43760;8410;4
43761;7010;5
43762;4679;7
43763;3335;2
43764;1134;3
43765;7604;3
43766;6035;2
43767;8037;6
43768;5970;2
43769;8703;6
43770;4114;5
43771;4233;2
43772;8525;7
43773;7199;6
43774;4400;6
43775;2162;1
43776;4354;4
43777;2819;3
43778;6299;2
43779;5826;5
43780;4440;3
43781;2052;4
43782;7436;2
43783;5465;2
43784;5459;7
43785;5556;7
43786;2870;6
43787;1498;6
43788;7218;3
43789;7012;5
43790;1807;4
43791;7820;5
43792;2436;7
43793;6781;6
43794;2264;7
43795;3156;5
43796;5959;4
43797;2950;1
43798;2108;1
43799;4671;6
43800;6510;2
43801;1778;5
43802;3304;6
43803;6179;3
43804;1129;3
43805;7395;3
43806;1771;3
43807;4565;2
43808;8549;7
43809;7046;2
43810;6346;6
43811;4263;2
43812;4149;3
43813;7839;2
43814;7074;2
43815;4995;2
43816;1095;3
43817;2452;5
43818;4415;6
43819;4554;5
43820;7774;5
43821;8005;2
43822;2395;7
43823;1326;2
43824;7674;1
43825;2251;7
43826;1185;2
43827;7564;7
43828;3080;4
43829;6618;5
43830;1457;1
43831;3402;5
43832;8444;4
43833;7674;2
43834;6432;6
43835;7014;3
43836;1933;5
43837;4293;1
43838;1454;4
43839;6123;1
43840;3220;1
43841;4874;5
43842;1149;7
43843;3971;7
43844;3881;6
43845;4460;2
43846;4026;4
43847;1184;7
43848;3010;4
43849;1813;3
43850;1177;5
43851;3045;7
43852;7437;7
43853;5210;2
43854;2123;6
43855;7125;3
43856;7913;4
43857;3857;2
43858;2724;2
43859;6542;2
43860;7860;4
43861;2135;1
43862;3039;3
43863;8767;5
43864;2468;2
43865;7150;1
43866;8862;4
43867;2289;6
43868;8809;7
43869;6686;3
43870;5809;7
43871;3707;4
43872;8084;2
43873;2878;4
43874;3877;4
43875;8465;2
43876;1815;6
43877;6831;3
43878;3322;5
43879;3607;5
43880;2317;4
43881;7234;2
43882;7464;6
43883;7500;2
43884;6271;3
43885;5586;5
43886;5574;2
43887;3811;3
43888;4001;6
43889;8786;1
43890;6575;4
43891;4378;6
43892;5923;2
43893;4020;7
43894;6013;3
43895;3851;2
43896;3462;6
43897;2141;3
43898;4844;1
43899;2512;5
43900;3295;1
43901;1916;5
43902;3088;3
43903;1562;4
43904;7875;5
43905;7809;3
43906;3533;1
43907;5378;4
43908;7182;5
43909;1639;1
43910;7991;7
43911;2897;1
43912;8824;4
43913;8546;2
43914;4235;4
43915;7379;3
43916;2828;4
43917;5531;5
43918;7722;1
43919;5832;7
43920;1968;2
43921;4970;4
43922;2595;3
43923;3224;2
43924;8373;2
43925;1701;7
43926;4434;1
43927;1607;1
43928;8635;7
43929;5554;5
43930;4797;1
43931;8868;5
43932;3805;2
43933;3027;1
43934;8459;3
43935;8270;3
43936;1053;6
43937;3866;5
43938;8676;6
43939;5984;7
43940;2031;3
43941;3753;2
43942;3178;6
43943;4665;3
43944;3486;5
43945;2244;4
43946;5477;4
43947;3511;3
43948;5260;2
43949;1047;4
43950;4796;6
43951;6216;4
43952;3820;2
43953;7088;2
43954;4210;7
43955;6583;5
43956;3910;2
43957;5217;7
43958;4674;3
43959;6798;7
43960;6718;3
43961;6729;2
43962;6795;5
43963;1823;6
43964;2004;1
43965;7904;7
43966;4296;3
43967;7720;2
43968;2600;6
43969;1268;3
43970;7280;6
43971;4030;3
43972;1500;7
43973;5671;4
43974;6411;6
43975;8560;2
43976;7606;4
43977;7610;7
43978;6306;6
43979;7265;6
43980;4481;2
43981;3934;6
43982;3223;5
43983;5679;4
43984;5585;6
43985;8744;4
43986;6255;4
43987;6221;3
43988;8883;4
43989;3926;7
43990;4507;7
43991;2876;4
43992;3835;7
43993;4491;5
43994;7109;3
43995;3362;6
43996;7896;1
43997;2471;5
43998;4522;3
43999;2366;7
44000;6181;2
44001;7227;5
44002;3627;2
44003;4620;7
44004;6005;1
44005;3234;2
44006;1765;5
44007;7258;6
44008;7805;2
44009;8698;2
44010;3536;6
44011;8898;1
44012;7936;5
44013;2228;3
44014;2817;4
44015;8746;3
44016;1709;5
44017;2430;3
44018;6362;4
44019;7588;3
44020;6463;4
44021;4231;4
44022;6347;6
44023;7570;1
44024;2273;7
44025;2628;2
44026;1116;6
44027;2095;3
44028;4663;1
44029;6334;4
44030;3661;6
44031;8530;5
44032;6403;5
44033;3504;6
44034;6341;7
44035;6618;6
44036;2829;7
44037;8657;7
44038;5874;7
44039;5268;3
44040;7785;7
44041;2398;7
44042;8675;6
44043;4755;2
44044;2921;4
44045;8278;6
44046;8123;4
44047;4885;4
44048;1068;6
44049;1141;4
44050;8740;1
44051;4182;3
44052;7712;7
44053;7625;3
44054;8002;6
44055;3223;1
44056;6056;6
44057;4332;1
44058;7814;3
44059;6165;3
44060;5510;1
44061;8727;5
44062;5640;1
44063;6721;4
44064;3892;1
44065;4739;5
44066;1230;6
44067;3965;5
44068;5407;6
44069;2911;6
44070;2260;5
44071;5185;2
44072;5564;4
44073;8925;3
44074;5343;6
44075;4354;4
44076;6176;1
44077;1994;4
44078;3872;7
44079;1430;1
44080;5961;6
44081;4754;5
44082;8068;1
44083;2228;7
44084;6544;7
44085;8221;4
44086;3842;7
44087;1578;5
44088;8450;4
44089;8825;7
44090;3847;5
44091;2230;6
44092;8580;6
44093;2434;4
44094;6678;2
44095;8477;4
44096;3927;7
44097;1624;5
44098;6229;6
44099;3047;5
44100;8532;6
44101;5752;3
44102;3002;6
44103;7294;7
44104;4730;4
44105;1510;1
44106;6685;7
44107;2385;7
44108;1795;3
44109;7805;5
44110;8796;3
44111;4400;7
44112;1394;2
44113;2820;1
44114;5334;6
44115;1712;3
44116;1236;2
44117;2337;6
44118;6618;4
44119;8488;2
44120;1750;5
44121;6907;5
44122;1917;5
44123;6352;6
44124;8138;3
44125;2260;5
44126;6502;1
44127;7839;3
44128;2747;1
44129;1423;2
44130;7346;1
44131;4113;5
44132;8830;5
44133;4397;6
44134;8757;7
44135;6012;4
44136;8785;7
44137;8686;6
44138;4607;2
44139;2962;1
44140;8193;3
44141;3855;6
44142;7785;4
44143;5780;5
44144;5365;3
44145;4201;5
44146;1683;7
44147;5600;7
44148;7771;1
44149;7449;7
44150;3472;7
44151;5085;7
44152;8671;2
44153;1949;1
44154;8934;3
44155;2007;4
44156;2613;1
44157;6105;2
44158;1494;3
44159;3359;3
44160;1088;6
44161;6392;7
44162;4309;1
44163;5589;1
44164;6784;1
44165;8047;7
44166;3918;4
44167;8117;4
44168;7134;5
44169;5689;7
44170;2815;1
44171;2887;4
44172;3555;6
44173;1625;7
44174;3296;4
44175;1845;6
44176;3390;3
44177;5279;1
44178;7242;6
44179;4805;6
44180;7257;4
44181;6583;4
44182;8717;2
44183;8718;7
44184;8673;6
44185;3072;5
44186;4945;7
44187;5768;4
44188;1611;7
44189;6573;2
44190;8055;1
44191;2256;4
44192;2045;2
44193;5366;1
44194;4174;4
44195;8339;1
44196;5455;5
44197;8462;6
44198;1576;7
44199;1878;6
44200;3741;7
44201;6085;5
44202;3578;4
44203;5052;4
44204;7106;3
44205;4580;5
44206;7873;1
44207;5105;7
44208;1281;3
44209;7866;6
44210;8305;2
44211;1196;5
44212;5001;1
44213;3547;7
44214;2799;5
44215;8739;4
44216;4973;7
44217;4085;6
44218;1987;7
44219;8725;2
44220;1999;5
44221;3934;3
44222;8517;1
44223;6615;7
44224;7043;3
44225;6423;7
44226;3744;5
44227;8152;5
44228;6474;2
44229;4722;1
44230;3859;6
44231;1314;5
44232;2931;3
44233;4030;7
44234;8766;5
44235;1082;1
44236;8713;5
44237;6876;7
44238;8482;2
44239;3310;6
44240;1394;1
44241;8585;4
44242;4959;2
44243;5195;4
44244;6584;2
44245;6629;1
44246;3862;4
44247;8377;6
44248;7033;6
44249;4715;1
44250;8135;5
44251;6709;2
44252;5995;4
44253;7885;5
44254;2133;5
44255;8512;6
44256;2637;6
44257;3031;1
44258;5082;3
44259;7515;3
44260;2482;3
44261;1458;7
44262;8080;4
44263;3021;2
44264;3078;7
44265;1924;7
44266;6390;3
44267;3141;1
44268;1306;6
44269;2709;4
44270;3663;5
44271;7171;3
44272;1530;1
44273;3157;5
44274;5405;2
44275;8651;2
44276;3065;4
44277;3042;3
44278;5259;6
44279;8490;2
44280;6627;6
44281;2932;2
44282;2349;3
44283;6084;6
44284;1257;3
44285;8000;5
44286;8949;3
44287;1520;7
44288;2007;1
44289;6539;4
44290;4321;6
44291;4103;5
44292;1553;5
44293;8593;5
44294;5537;5
44295;7224;6
44296;3987;2
44297;8511;3
44298;5356;1
44299;2955;6
44300;8811;2
44301;6024;5
44302;5728;7
44303;6740;4
44304;3601;1
44305;6871;7
44306;5219;5
44307;2215;4
44308;3761;1
44309;7041;6
44310;3341;7
44311;1458;1
44312;5428;5
44313;6638;7
44314;6555;4
44315;8382;4
44316;1304;2
44317;7434;4
44318;6084;6
44319;7587;2
44320;7090;3
44321;4400;1
44322;8988;5
44323;8366;6
44324;5627;7
44325;6254;6
44326;6162;2
44327;7252;1
44328;5123;3
44329;3106;7
44330;3421;4
44331;8685;3
44332;3015;1
44333;4994;5
44334;6189;6
44335;8092;2
44336;3233;3
44337;4944;1
44338;7938;4
44339;7532;4
44340;2032;2
44341;5165;3
44342;1118;2
44343;4928;3
44344;7104;3
44345;8751;3
44346;2454;1
44347;1732;5
44348;3588;5
44349;8050;1
44350;2229;6
44351;1700;7
44352;3783;5
44353;7060;3
44354;4351;1
44355;4814;1
44356;5390;5
44357;3154;2
44358;4955;6
44359;1071;6
44360;6230;7
44361;8513;7
44362;3941;2
44363;7842;5
44364;7363;4
44365;7989;4
44366;1936;2
44367;4422;2
44368;2786;3
44369;3806;6
44370;5616;7
44371;7922;4
44372;3073;6
44373;6509;4
44374;8921;2
44375;7882;6
44376;2463;3
44377;7402;1
44378;2741;2
44379;7623;1
44380;5687;7
44381;7955;4
44382;8212;3
44383;6727;5
44384;3528;6
44385;8429;2
44386;8427;5
44387;3558;5
44388;1653;5
44389;6573;3
44390;4837;7
44391;3180;1
44392;8239;6
44393;8643;2
44394;2927;5
44395;1986;5
44396;2586;4
44397;7509;7
44398;5176;4
44399;5457;3
44400;8639;5
44401;3562;6
44402;2761;5
44403;4435;4
44404;6006;3
44405;3784;4
44406;8508;3
44407;7728;5
44408;1235;5
44409;5693;2
44410;8358;5
44411;4808;1
44412;8857;3
44413;4205;6
44414;3396;3
44415;6914;6
44416;8576;7
44417;1529;6
44418;2790;5
44419;2984;3
44420;8836;4
44421;8537;7
44422;3255;3
44423;1607;4
44424;2243;7
44425;7641;1
44426;7690;5
44427;8634;7
44428;1262;1
44429;3245;5
44430;1915;2
44431;4590;3
44432;3608;5
44433;4410;6
44434;5491;6
44435;4278;4
44436;6679;3
44437;4354;5
44438;7445;3
44439;1075;4
44440;7451;3
44441;5743;2
44442;8665;1
44443;4066;6
44444;4853;7
44445;6143;4
44446;6600;3
44447;1517;1
44448;7364;4
44449;8222;1
44450;4175;4
44451;2960;5
44452;8670;5
44453;2240;4
44454;6177;1
44455;2955;3
44456;6802;6
44457;3324;7
44458;3506;5
44459;3468;7
44460;2468;1
44461;1783;6
44462;8370;6
44463;3092;1
44464;8171;4
44465;8796;3
44466;3201;2
44467;1501;3
44468;8470;2
44469;7652;1
44470;3469;2
44471;1049;2
44472;8043;2
44473;2715;6
44474;8155;1
44475;4681;6
44476;4933;4
44477;7853;4
44478;1724;4
44479;7217;3
44480;1214;4
44481;6371;4
44482;8352;5
44483;4621;7
44484;7242;6
44485;6835;5
44486;3003;4
44487;5810;7
44488;3853;4
44489;5739;5
44490;4851;4
44491;1498;2
44492;8692;3
44493;6436;4
44494;6737;6
44495;2737;2
44496;7577;7
44497;6727;5
44498;7181;3
44499;5488;2
44500;5968;4
44501;4475;2
44502;4462;1
44503;5388;1
44504;3500;5
44505;8909;5
44506;4933;4
44507;4810;5
44508;4077;3
44509;8817;4
44510;2125;2
44511;8625;2
44512;2175;5
44513;3798;1
44514;8804;7
44515;5027;5
44516;1952;4
44517;3690;6
44518;7641;6
44519;4700;6
44520;3857;3
44521;1431;1
44522;3818;6
44523;7220;2
44524;8467;6
44525;3780;2
44526;1743;2
44527;1466;2
44528;8762;1
44529;2285;4
44530;5636;1
44531;8495;7
44532;4952;3
44533;1619;7
44534;4641;1
44535;2474;2
44536;1476;1
44537;4970;5
44538;8847;5
44539;4561;3
44540;3317;1
44541;4241;2
44542;5722;4
44543;2323;6
44544;3805;7
44545;1073;7
44546;8060;6
44547;5960;5
44548;6423;6
44549;5366;3
44550;1743;2
44551;7598;3
44552;4023;4
44553;2622;7
44554;8442;2
44555;6720;3
44556;8845;6
44557;7232;7
44558;6861;7
44559;3753;2
44560;7390;6
44561;5615;2
44562;3116;6
44563;3596;2
44564;3436;7
44565;6645;5
44566;2806;7
44567;6770;5
44568;8219;3
44569;8355;6
44570;6624;3
44571;1969;1
44572;5484;2
44573;2256;5
44574;6320;3
44575;8865;5
44576;1520;5
44577;1359;7
44578;2543;5
44579;7055;3
44580;6326;3
44581;3563;3
44582;8289;4
44583;2204;7
44584;5180;6
44585;1792;1
44586;6755;1
44587;4313;3
44588;1701;6
44589;6933;2
44590;1175;3
44591;7316;2
44592;3927;1
44593;2473;4
44594;1133;1
44595;6206;5
44596;8737;3
44597;6884;3
44598;1586;5
44599;2797;3
44600;5619;3
44601;1854;3
44602;7322;6
44603;1468;4
44604;7159;2
44605;4962;1
44606;1565;4
44607;1794;2
44608;5876;7
44609;7081;5
44610;6766;6
44611;8038;2
44612;2768;5
44613;5495;6
44614;1170;1
44615;5839;2
44616;8104;3
44617;1513;5
44618;7527;6
44619;2684;7
44620;4568;2
44621;8115;3
44622;1059;5
44623;1581;4
44624;2276;1
44625;5360;1
44626;1080;2
44627;5032;6
44628;7472;7
44629;1450;3
44630;1236;5
44631;3849;1
44632;4792;6
44633;7247;2
44634;3567;6
44635;2496;7
44636;8967;7
44637;7311;4
44638;4849;7
44639;7886;5
44640;8309;1
44641;8123;3
44642;6412;3
44643;3203;4
44644;6888;5
44645;7306;6
44646;5533;3
44647;1807;1
44648;3851;5
44649;8753;1
44650;1408;3
44651;5966;6
44652;5757;5
44653;3755;5
44654;1637;2
44655;4319;3
44656;8043;2
44657;3636;7
44658;8992;4
44659;1107;5
44660;6044;6
44661;4920;7
44662;5751;1
44663;8754;3
44664;7306;7
44665;5057;1
44666;2360;2
44667;6321;6
44668;1044;6
44669;8344;7
44670;4698;1
44671;4990;2
44672;7582;1
44673;2521;7
44674;6839;4
44675;5422;3
44676;8793;6
44677;6876;3
44678;8750;1
44679;5351;1
44680;1840;2
44681;4783;5
44682;1093;7
44683;5525;4
44684;3945;5
44685;7961;5
44686;2545;1
44687;5907;4
44688;2896;2
44689;5628;6
44690;7005;1
44691;3569;2
44692;7308;1
44693;5722;5
44694;1728;6
44695;5638;1
44696;7875;3
44697;2838;7
44698;1415;1
44699;8807;2
44700;8133;4
44701;4524;5
44702;4542;4
44703;3260;1
44704;1811;7
44705;1934;7
44706;2595;5
44707;6096;1
44708;5712;2
44709;1685;7
44710;4170;3
44711;3514;7
44712;2118;2
44713;4065;7
44714;1231;4
44715;4200;1
44716;6472;1
44717;1816;2
44718;7015;6
44719;6960;4
44720;2294;6
44721;2826;4
44722;4493;5
44723;2247;2
44724;6324;1
44725;3787;7
44726;7415;3
44727;6728;2
44728;2488;3
44729;4534;5
44730;8483;5
44731;5418;4
44732;8437;1
44733;4129;6
44734;8184;4
44735;2103;6
44736;3317;7
44737;6783;7
44738;2735;4
44739;7422;1
44740;1648;2
44741;7797;4
44742;2942;6
44743;1673;7
44744;8668;3
44745;6428;6
44746;6528;7
44747;3772;2
44748;6281;3
44749;3683;3
44750;6546;6
44751;8205;1
44752;1376;5
44753;6101;7
44754;3098;3
44755;7246;5
44756;3708;3
44757;4911;4
44758;8914;5
44759;8611;6
44760;1282;5
44761;1917;2
44762;8661;7
44763;8275;2
44764;8631;4
44765;3770;7
44766;7675;2
44767;2508;5
44768;1723;6
44769;3537;1
44770;2490;2
44771;1006;5
44772;7243;5
44773;6149;5
44774;3358;1
44775;4229;2
44776;1137;5
44777;3158;5
44778;6925;2
44779;2327;5
44780;2658;6
44781;5642;5
44782;2735;2
44783;5438;3
44784;7204;6
44785;5148;4
44786;8564;6
44787;4905;3
44788;4804;4
44789;8261;4
44790;6841;6
44791;1622;6
44792;7670;6
44793;4874;1
44794;7171;2
44795;7051;3
44796;6821;3
44797;8726;6
44798;7913;5
44799;4723;7
44800;5781;7
44801;5264;4
44802;6407;5
44803;1418;1
44804;2215;2
44805;5264;7
44806;8485;7
44807;1358;5
44808;2660;6
44809;6037;7
44810;7157;2
44811;5445;4
44812;4441;6
44813;1535;2
44814;1958;4
44815;2172;3
44816;8121;6
44817;5395;5
44818;5786;1
44819;4172;4
44820;2131;6
44821;5738;1
44822;7256;4
44823;6428;1
44824;5731;7
44825;5189;2
44826;2716;5
44827;6097;3
44828;3382;3
44829;3096;1
44830;5837;3
44831;1271;5
44832;6536;6
44833;8575;3
44834;6485;5
44835;2781;4
44836;4650;5
44837;8657;7
44838;4818;5
44839;3519;2
44840;2818;4
44841;4450;3
44842;3499;6
44843;8317;2
44844;4902;1
44845;2622;5
44846;4897;3
44847;8784;3
44848;6271;2
44849;3184;6
44850;3373;5
44851;5078;6
44852;3341;2
44853;6930;6
44854;8917;3
44855;1404;6
44856;7908;6
44857;4832;5
44858;8953;7
44859;7101;1
44860;5349;3
44861;8545;1
44862;6785;1
44863;5623;1
44864;1141;2
44865;1870;6
44866;7443;2
44867;3577;4
44868;5401;3
44869;1965;1
44870;3087;4
44871;8901;1
44872;6011;4
44873;8439;5
44874;2478;7
44875;3820;2
44876;8609;5
44877;2646;7
44878;4577;3
44879;7944;5
44880;3649;2
44881;8608;4
44882;8658;3
44883;4089;1
44884;4669;6
44885;8818;5
44886;7229;7
44887;7974;1
44888;4013;5
44889;1841;3
44890;1339;1
44891;7275;5
44892;4136;5
44893;1456;4
44894;4247;1
44895;1538;7
44896;2360;1
44897;2959;1
44898;4904;7
44899;6661;1
44900;7009;1
44901;7866;1
44902;1548;4
44903;7864;6
44904;7014;2
44905;8587;2
44906;7131;2
44907;5481;6
44908;3021;1
44909;5201;1
44910;4002;5
44911;3081;6
44912;4926;3
44913;6563;2
44914;1214;4
44915;8655;5
44916;7029;3
44917;3518;1
44918;8806;2
44919;2391;2
44920;7431;1
44921;6109;7
44922;3967;5
44923;8228;4
44924;5269;5
44925;3017;3
44926;7440;7
44927;3610;1
44928;6533;4
44929;6575;4
44930;4695;3
44931;8000;3
44932;3314;3
44933;4120;3
44934;7366;1
44935;2853;7
44936;5443;2
44937;2531;6
44938;4856;7
44939;5183;1
44940;3799;3
44941;2456;3
44942;4792;6
44943;8016;7
44944;4750;5
44945;6610;2
44946;1938;7
44947;2800;7
44948;3975;5
44949;4220;5
44950;6392;7
44951;2271;1
44952;5869;1
44953;3013;2
44954;1335;6
44955;6482;7
44956;2021;3
44957;7921;7
44958;8920;4
44959;5184;1
44960;1310;6
44961;6137;4
44962;8250;5
44963;1265;4
44964;3503;6
44965;7440;3
44966;1731;4
44967;1091;4
44968;8948;6
44969;1700;6
44970;8202;5
44971;8076;3
44972;7222;5
44973;2329;2
44974;2111;2
44975;5042;5
44976;5745;4
44977;1195;5
44978;7652;2
44979;6440;5
44980;7593;5
44981;7641;1
44982;3873;1
44983;6890;1
44984;3988;3
44985;6490;6
44986;8302;5
44987;8363;2
44988;5452;5
44989;6440;1
44990;7515;4
44991;5350;2
44992;2365;1
44993;3766;5
44994;1242;3
44995;4689;2
44996;2763;3
44997;2204;5
44998;5744;4
44999;3562;7
45000;5243;1
45001;1887;2
45002;2613;7
45003;5373;1
45004;7666;1
45005;7114;7
45006;6560;3
45007;4507;3
45008;2886;1
45009;4808;7
45010;4156;6
45011;6155;5
45012;6944;6
45013;4802;7
45014;8056;4
45015;2002;5
45016;2816;3
45017;5552;7
45018;4369;3
45019;4924;2
45020;1849;5
45021;6189;7
45022;4820;7
45023;7880;2
45024;8814;6
45025;6349;1
45026;3410;6
45027;6205;1
45028;2121;5
45029;4122;5
45030;8664;5
45031;2880;2
45032;5872;6
45033;4854;7
45034;2751;2
45035;1310;3
45036;6904;4
45037;5548;3
45038;1830;5
45039;8706;2
45040;6635;1
45041;7009;6
45042;3031;1
45043;5852;1
45044;5886;1
45045;6495;4
45046;2698;4
45047;8254;4
45048;4948;6
45049;4220;1
45050;4363;7
45051;8216;4
45052;3735;6
45053;8101;6
45054;4397;6
45055;2684;4
45056;6361;5
45057;6923;2
45058;7900;4
45059;2821;1
45060;6495;1
45061;3719;5
45062;2740;1
45063;6371;7
45064;1495;1
45065;4711;3
45066;8176;3
45067;6694;6
45068;6847;1
45069;3369;2
45070;7855;5
45071;3940;4
45072;7855;7
45073;3960;7
45074;4559;4
45075;2667;6
45076;2734;5
45077;8402;3
45078;7087;6
45079;6759;6
45080;1891;1
45081;5274;5
45082;3095;3
45083;8409;3
45084;2051;6
45085;6296;3
45086;8697;4
45087;8135;6
45088;1673;2
45089;4462;1
45090;5226;3
45091;1233;7
45092;4227;5
45093;7595;3
45094;8662;4
45095;3965;1
45096;5368;1
45097;3665;3
45098;3366;1
45099;3971;5
45100;7888;6
45101;3480;7
45102;5667;4
45103;6905;6
45104;6102;1
45105;3455;4
45106;5080;6
45107;1615;5
45108;7572;4
45109;4802;7
45110;2663;6
45111;6884;3
45112;8538;1
45113;1217;1
45114;1320;6
45115;8153;5
45116;5130;4
45117;2361;3
45118;6400;2
45119;5579;1
45120;3275;1
45121;6982;6
45122;2786;3
45123;3326;5
45124;1704;3
45125;7235;6
45126;7852;4
45127;1780;7
45128;2233;6
45129;2899;7
45130;6398;4
45131;3647;4
45132;7950;3
45133;2654;1
45134;3763;2
45135;6615;1
45136;4213;3
45137;1709;3
45138;5183;1
45139;5614;3
45140;8353;2
45141;4273;6
45142;3169;1
45143;3448;2
45144;7195;4
45145;8603;3
45146;6003;2
45147;2145;7
45148;6395;7
45149;3443;7
45150;8712;2
45151;7511;3
45152;8963;2
45153;3521;3
45154;3023;6
45155;5628;7
45156;1777;3
45157;2905;7
45158;3470;4
45159;4936;6
45160;5209;4
45161;2728;2
45162;1449;4
45163;1784;3
45164;1764;2
45165;6599;1
45166;4344;1
45167;2678;5
45168;8283;5
45169;5300;5
45170;2398;3
45171;1995;5
45172;4392;6
45173;6212;5
45174;8459;5
45175;2509;3
45176;2513;5
45177;3888;6
45178;8305;1
45179;4576;1
45180;1630;5
45181;5493;4
45182;4330;1
45183;4242;5
45184;7967;2
45185;8575;2
45186;2129;1
45187;7106;4
45188;7490;4
45189;6517;4
45190;8347;1
45191;8019;3
45192;4344;4
45193;4664;6
45194;4118;7
45195;3574;4
45196;4809;2
45197;2156;4
45198;4117;4
45199;2461;2
45200;1549;6
45201;3712;5
45202;7909;1
45203;7464;7
45204;8514;4
45205;6846;3
45206;3697;4
45207;4529;4
45208;8430;5
45209;3410;7
45210;7697;1
45211;7776;3
45212;1123;5
45213;1579;5
45214;7911;6
45215;2493;4
45216;4902;5
45217;3217;6
45218;7982;3
45219;6632;2
45220;3564;6
45221;4389;7
45222;7903;6
45223;5758;7
45224;5146;7
45225;5132;3
45226;3045;6
45227;1536;1
45228;3750;5
45229;6939;2
45230;6528;6
45231;6034;2
45232;4846;2
45233;8888;6
45234;3920;1
45235;7667;2
45236;8501;3
45237;4739;3
45238;3814;2
45239;7539;5
45240;8997;2
45241;3163;1
45242;1139;3
45243;4286;6
45244;7765;7
45245;1770;6
45246;8363;7
45247;6844;7
45248;4925;4
45249;2529;3
45250;7283;4
45251;6243;2
45252;2238;2
45253;8725;7
45254;4573;5
45255;4608;5
45256;5334;3
45257;6075;7
45258;4349;3
45259;1549;1
45260;5273;1
45261;1220;1
45262;7584;3
45263;6843;5
45264;2573;1
45265;1727;1
45266;4247;6
45267;8734;2
45268;6765;6
45269;2895;2
45270;7688;2
45271;1941;6
45272;5695;2
45273;6470;2
45274;2337;1
45275;2299;3
45276;8675;2
45277;1347;3
45278;6380;6
45279;4422;3
45280;8310;1
45281;7882;3
45282;8934;2
45283;1013;6
45284;3718;1
45285;3942;1
45286;6666;2
45287;1141;2
45288;4976;7
45289;3993;7
45290;2570;2
45291;4359;2
45292;8966;3
45293;5231;5
45294;7296;5
45295;5823;5
45296;6885;2
45297;8152;5
45298;6829;4
45299;7681;7
45300;6370;4
45301;8864;1
45302;7543;7
45303;2402;4
45304;7903;1
45305;2453;6
45306;1770;5
45307;8687;2
45308;1898;3
45309;3347;2
45310;8386;3
45311;4602;1
45312;3825;7
45313;7559;6
45314;1036;5
45315;5981;3
45316;4548;6
45317;6529;3
45318;4015;5
45319;7484;7
45320;6511;2
45321;8823;3
45322;6329;2
45323;6118;3
45324;4101;1
45325;4953;3
45326;3294;5
45327;6269;2
45328;5592;4
45329;4044;4
45330;7781;6
45331;7925;7
45332;6207;1
45333;8088;2
45334;1311;7
45335;1334;7
45336;5871;3
45337;2164;6
45338;2439;5
45339;7308;4
45340;7361;4
45341;7090;2
45342;3868;4
45343;8200;6
45344;1982;7
45345;7792;5
45346;8754;4
45347;5663;6
45348;3675;3
45349;6731;6
45350;5989;1
45351;7407;3
45352;4675;6
45353;7456;6
45354;2554;5
45355;6120;2
45356;3751;5
45357;2508;3
45358;2530;4
45359;6115;4
45360;7619;6
45361;5266;1
45362;7728;4
45363;8723;6
45364;2759;1
45365;4907;1
45366;5704;7
45367;1301;2
45368;4790;3
45369;5087;1
45370;2084;4
45371;8734;6
45372;5809;7
45373;7081;7
45374;8306;2
45375;2681;3
45376;6427;4
45377;2773;4
45378;5123;3
45379;6242;1
45380;2570;4
45381;1380;2
45382;7250;4
45383;1928;4
45384;7570;4
45385;2817;5
45386;1009;5
45387;6613;5
45388;5606;5
45389;7891;5
45390;5701;4
45391;5935;6
45392;8733;5
45393;1200;4
45394;4475;6
45395;5848;6
45396;3809;4
45397;2254;6
45398;7855;5
45399;5186;5
45400;1405;5
45401;5879;7
45402;7950;1
45403;3952;2
45404;8750;4
45405;6814;4
45406;2169;5
45407;7344;4
45408;3308;6
45409;1174;7
45410;3933;6
45411;1121;6
45412;4846;3
45413;4245;7
45414;7188;4
45415;4430;7
45416;2568;2
45417;6464;5
45418;5030;7
45419;1239;4
45420;3932;1
45421;4299;3
45422;6231;3
45423;2220;3
45424;7764;4
45425;7967;6
45426;7798;6
45427;3204;4
45428;6948;2
45429;7121;5
45430;8676;1
45431;8395;3
45432;5812;4
45433;6319;5
45434;2874;4
45435;4565;1
45436;6710;4
45437;3158;7
45438;4844;3
45439;7254;4
45440;3556;7
45441;2445;5
45442;7212;3
45443;8033;5
45444;4260;5
45445;3074;4
45446;6625;3
45447;5818;4
45448;2269;6
45449;3202;4
45450;4474;6
45451;7820;4
45452;8387;6
45453;5437;7
45454;1390;1
45455;3923;5
45456;7299;2
45457;5239;1
45458;6955;1
45459;8466;4
45460;1204;2
45461;2168;2
45462;7670;1
45463;4767;5
45464;7744;1
45465;7476;2
45466;8955;6
45467;2941;5
45468;6124;7
45469;3952;1
45470;7343;7
45471;8987;7
45472;6168;7
45473;6239;6
45474;4441;2
45475;2390;6
45476;7270;7
45477;8706;4
45478;2509;5
45479;8371;1
45480;1079;2
45481;5525;6
45482;3507;4
45483;4190;2
45484;6168;5
45485;3419;7
45486;5263;7
45487;3431;2
45488;2096;1
45489;7452;1
45490;7803;7
45491;3568;5
45492;7637;5
45493;5420;4
45494;7947;5
45495;1270;5
45496;7686;1
45497;3516;3
45498;8031;7
45499;7323;3
45500;4207;6
45501;6883;2
45502;8730;2
45503;7322;3
45504;7191;2
45505;8747;5
45506;8580;7
45507;5188;2
45508;6614;5
45509;2297;5
45510;6994;2
45511;6967;7
45512;8560;6
45513;1289;5
45514;7103;1
45515;4425;3
45516;5161;3
45517;7420;2
45518;7670;1
45519;8835;2
45520;4453;4
45521;8881;7
45522;6735;1
45523;7874;4
45524;3891;1
45525;2337;3
45526;2465;5
45527;6641;4
45528;3114;6
45529;8337;6
45530;3063;5
45531;8889;2
45532;5656;7
45533;6583;5
45534;6905;4
45535;4854;2
45536;1731;1
45537;7179;5
45538;2513;7
45539;6283;5
45540;4470;7
45541;3586;4
45542;8353;6
45543;8222;3
45544;5898;7
45545;2573;5
45546;7449;2
45547;2523;2
45548;5125;4
45549;3520;2
45550;2827;1
45551;8233;4
45552;4880;1
45553;3511;5
45554;6940;1
45555;4347;2
45556;8943;6
45557;5630;2
45558;1512;2
45559;2491;7
45560;5576;7
45561;7399;1
45562;8733;5
45563;7594;2
45564;7915;1
45565;6786;7
45566;8680;4
45567;3009;3
45568;8675;2
45569;5743;1
45570;7091;6
45571;8090;3
45572;2605;7
45573;8556;3
45574;7124;3
45575;2868;1
45576;7306;3
45577;1932;2
45578;7122;6
45579;4953;4
45580;6183;7
45581;6756;5
45582;2798;6
45583;7611;1
45584;8716;3
45585;2222;1
45586;4316;7
45587;2986;1
45588;6307;2
45589;8115;3
45590;1977;7
45591;3446;6
45592;7169;5
45593;7780;4
45594;1668;3
45595;5719;6
45596;6851;5
45597;7786;5
45598;4905;3
45599;4275;3
45600;6641;2
45601;6566;5
45602;1240;6
45603;8691;1
45604;6435;5
45605;3700;4
45606;4767;1
45607;6828;3
45608;2890;4
45609;1797;5
45610;2202;5
45611;8588;5
45612;6247;2
45613;4385;1
45614;8088;6
45615;5168;1
45616;3459;6
45617;4040;7
45618;6898;4
45619;4291;4
45620;2981;2
45621;5008;1
45622;7091;4
45623;2154;5
45624;7229;7
45625;3531;4
45626;1531;6
45627;5362;3
45628;3126;5
45629;1420;4
45630;2445;6
45631;1670;5
45632;8635;1
45633;8636;1
45634;5600;3
45635;4534;5
45636;8172;2
45637;8601;7
45638;8917;5
45639;6731;3
45640;1652;3
45641;5775;3
45642;3545;4
45643;2635;2
45644;8093;1
45645;3343;5
45646;8720;2
45647;2580;1
45648;6304;4
45649;8814;2
45650;3391;6
45651;8732;1
45652;4292;1
45653;7355;2
45654;5644;7
45655;3106;6
45656;7472;4
45657;4157;4
45658;1063;4
45659;8158;2
45660;8830;5
45661;8503;4
45662;4271;3
45663;5494;5
45664;2377;1
45665;5704;2
45666;6051;1
45667;7199;4
45668;4430;3
45669;1116;3
45670;6268;3
45671;1710;2
45672;8567;1
45673;2739;4
45674;4144;4
45675;6955;5
45676;3751;1
45677;4045;7
45678;4604;2
45679;1040;2
45680;8900;5
45681;1166;3
45682;4211;4
45683;5384;3
45684;1913;7
45685;7542;4
45686;2878;6
45687;3054;6
45688;4674;3
45689;6133;5
45690;7390;1
45691;2433;1
45692;8805;1
45693;2133;6
45694;3793;7
45695;7662;4
45696;5847;4
45697;7941;4
45698;1075;7
45699;4233;5
45700;2228;1
45701;3352;6
45702;6357;5
45703;4426;2
45704;2213;6
45705;2024;3
45706;8252;1
45707;4157;5
45708;8242;2
45709;6185;4
45710;2182;4
45711;7072;1
45712;5200;5
45713;4556;1
45714;4154;4
45715;6254;1
45716;3671;1
45717;4235;5
45718;8023;6
45719;7308;4
45720;7222;1
45721;5454;6
45722;7534;1
45723;1244;7
45724;5823;3
45725;3149;4
45726;2545;2
45727;8016;6
45728;4586;6
45729;6241;4
45730;6475;3
45731;6549;4
45732;3127;6
45733;4985;4
45734;3300;5
45735;2148;1
45736;7991;3
45737;7996;7
45738;7574;1
45739;6738;3
45740;6308;7
45741;7044;2
45742;6197;5
45743;8632;5
45744;7894;1
45745;6862;5
45746;5917;7
45747;5564;2
45748;3357;6
45749;3799;6
45750;4781;1
45751;7584;3
45752;5242;6
45753;2725;6
45754;6704;6
45755;2517;6
45756;3913;1
45757;7472;6
45758;4701;7
45759;3337;1
45760;6534;7
45761;8256;7
45762;4414;2
45763;5105;6
45764;7776;1
45765;3963;7
45766;7704;7
45767;3863;6
45768;4015;7
45769;1529;1
45770;7855;5
45771;7167;5
45772;7092;4
45773;3512;3
45774;4058;7
45775;6829;3
45776;4637;7
45777;7187;6
45778;6337;1
45779;8207;4
45780;3306;4
45781;5912;4
45782;1582;2
45783;2258;6
45784;2311;7
45785;6991;1
45786;6274;5
45787;6318;2
45788;3045;3
45789;5342;1
45790;6381;5
45791;7403;1
45792;2757;5
45793;6411;6
45794;8967;4
45795;5715;2
45796;1242;4
45797;5608;7
45798;4869;3
45799;4361;7
45800;2419;7
45801;7281;5
45802;3528;2
45803;2946;4
45804;1299;7
45805;3713;7
45806;4472;7
45807;3569;1
45808;1726;3
45809;5197;3
45810;2158;1
45811;6558;3
45812;4736;1
45813;8155;7
45814;6425;6
45815;4365;3
45816;6147;6
45817;7542;4
45818;8694;5
45819;6112;1
45820;1918;4
45821;8717;3
45822;1463;6
45823;6945;5
45824;7521;3
45825;7405;6
45826;1711;7
45827;5247;7
45828;4518;7
45829;3610;5
45830;4472;4
45831;4090;5
45832;5492;7
45833;3001;3
45834;8500;1
45835;6526;5
45836;1580;6
45837;2337;5
45838;2986;7
45839;8998;2
45840;8484;7
45841;4975;6
45842;6003;2
45843;7512;6
45844;2148;6
45845;4448;2
45846;3821;4
45847;7206;1
45848;1775;3
45849;8609;1
45850;4159;4
45851;1182;3
45852;3989;2
45853;7360;5
45854;1100;5
45855;8519;1
45856;8961;6
45857;8111;7
45858;4372;3
45859;2741;6
45860;2901;1
45861;7856;3
45862;1171;2
45863;3503;4
45864;2450;4
45865;5755;1
45866;2176;4
45867;4118;2
45868;8734;7
45869;6638;7
45870;2858;7
45871;1524;3
45872;1752;4
45873;5019;6
45874;3015;4
45875;1975;7
45876;8966;1
45877;2958;6
45878;8912;2
45879;3079;5
45880;3871;6
45881;2482;5
45882;8279;1
45883;3671;4
45884;2321;4
45885;6537;1
45886;7227;4
45887;7111;5
45888;6272;5
45889;8977;3
45890;1728;2
45891;3959;5
45892;6248;4
45893;1799;5
45894;7010;3
45895;5610;4
45896;7671;1
45897;4672;4
45898;6237;2
45899;5079;6
45900;7285;7
45901;2400;4
45902;3835;2
45903;1948;4
45904;5976;6
45905;3486;1
45906;6660;3
45907;4909;6
45908;5806;4
45909;8925;1
45910;1446;7
45911;6510;4
45912;5521;2
45913;6042;5
45914;8820;3
45915;8219;1
45916;3881;7
45917;2987;2
45918;1697;3
45919;1803;1
45920;1340;7
45921;6736;5
45922;4927;1
45923;7857;3
45924;8488;2
45925;6498;4
45926;6975;1
45927;2945;7
45928;1828;1
45929;2932;6
45930;4216;6
45931;1811;1
45932;1243;1
45933;6610;2
45934;7667;2
45935;8558;4
45936;3425;5
45937;3305;1
45938;4384;2
45939;6845;7
45940;2418;1
45941;4227;4
45942;7000;1
45943;7614;4
45944;5300;5
45945;1167;5
45946;1304;3
45947;5165;7
45948;5312;7
45949;8006;1
45950;8712;7
45951;3795;5
45952;4556;1
45953;8874;3
45954;4270;6
45955;6654;1
45956;2413;5
45957;8522;2
45958;6708;3
45959;3362;3
45960;6137;4
45961;4936;3
45962;1950;4
45963;8414;3
45964;2903;7
45965;8145;1
45966;7343;7
45967;1961;3
45968;4833;2
45969;8556;3
45970;7652;3
45971;5595;5
45972;8887;7
45973;3104;2
45974;2841;5
45975;2928;2
45976;5193;7
45977;1538;1
45978;7551;5
45979;5482;5
45980;4776;2
45981;3732;1
45982;4739;1
45983;3717;2
45984;3541;1
45985;7581;1
45986;2769;5
45987;3900;2
45988;1538;4
45989;3494;3
45990;6961;4
45991;8791;1
45992;8228;1
45993;3277;6
45994;3925;3
45995;2383;2
45996;7620;3
45997;3915;6
45998;8686;6
45999;1781;4
46000;2529;6
46001;8992;7
46002;2440;5
46003;8193;2
46004;3566;5
46005;1827;4
46006;5793;6
46007;3437;1
46008;2185;4
46009;3403;7
46010;5205;3
46011;7976;3
46012;5348;7
46013;6902;5
46014;6603;6
46015;1537;4
46016;7626;5
46017;2648;2
46018;2902;5
46019;6385;1
46020;5132;2
46021;1430;2
46022;5239;3
46023;4251;6
46024;2761;2
46025;3382;6
46026;3020;4
46027;2525;1
46028;6931;3
46029;3116;5
46030;3582;7
46031;3154;6
46032;4347;5
46033;4209;1
46034;1998;6
46035;5871;7
46036;1465;3
46037;1755;4
46038;3197;3
46039;3569;3
46040;5414;7
46041;6780;4
46042;3226;3
46043;2075;5
46044;6451;5
46045;3133;7
46046;2864;5
46047;8596;6
46048;3352;7
46049;6584;7
46050;4963;7
46051;5047;7
46052;1242;4
46053;2813;7
46054;5815;2
46055;6585;7
46056;3943;2
46057;4997;7
46058;5719;6
46059;3579;5
46060;5512;4
46061;5794;6
46062;2069;4
46063;1273;6
46064;4089;2
46065;7213;3
46066;1401;2
46067;7425;6
46068;2304;5
46069;1806;4
46070;6279;5
46071;7544;6
46072;2204;3
46073;5601;2
46074;3509;1
46075;5692;4
46076;2748;7
46077;7334;3
46078;3549;7
46079;4840;2
46080;1202;6
46081;6327;7
46082;4497;6
46083;1510;1
46084;7780;7
46085;8089;4
46086;8720;2
46087;4690;3
46088;8132;5
46089;6203;1
46090;7304;4
46091;6378;3
46092;3345;1
46093;4954;6
46094;2759;5
46095;2531;6
46096;2924;1
46097;6357;2
46098;4181;4
46099;6366;5
46100;2015;3
46101;7493;1
46102;8425;6
46103;2099;1
46104;2966;1
46105;6172;7
46106;7860;6
46107;4315;4
46108;7296;4
46109;1079;6
46110;7649;4
46111;1670;5
46112;5097;6
46113;4814;7
46114;6442;2
46115;8395;6
46116;8342;1
46117;3630;7
46118;6465;5
46119;7878;1
46120;4802;4
46121;3448;5
46122;5545;7
46123;8240;5
46124;2448;6
46125;4953;7
46126;5941;6
46127;5094;3
46128;3535;4
46129;8567;5
46130;1801;2
46131;8682;1
46132;4305;4
46133;6036;7
46134;4601;4
46135;4630;2
46136;7959;6
46137;7413;2
46138;7241;6
46139;2525;7
46140;6131;3
46141;5715;2
46142;7308;2
46143;6827;1
46144;4101;2
46145;1734;6
46146;8067;3
46147;2615;6
46148;3286;2
46149;7772;5
46150;5450;2
46151;4357;7
46152;7836;1
46153;7187;3
46154;2360;2
46155;1293;4
46156;2325;3
46157;5457;1
46158;3724;7
46159;8230;2
46160;2479;6
46161;4674;6
46162;8314;1
46163;1472;2
46164;7000;1
46165;4245;5
46166;6702;7
46167;4441;3
46168;8445;7
46169;5043;1
46170;2764;1
46171;2348;7
46172;2143;3
46173;2476;5
46174;1487;7
46175;5300;2
46176;7433;6
46177;7782;1
46178;1517;6
46179;7663;5
46180;1119;5
46181;1206;7
46182;5384;4
46183;5227;3
46184;7979;4
46185;5457;4
46186;5109;3
46187;1580;5
46188;3099;7
46189;2790;7
46190;2434;6
46191;8668;6
46192;6314;2
46193;1529;2
46194;4344;6
46195;5241;5
46196;6980;5
46197;8446;6
46198;7747;5
46199;4871;7
46200;1032;1
46201;6852;3
46202;7592;7
46203;7204;3
46204;5234;3
46205;1594;1
46206;5806;7
46207;4678;6
46208;5389;2
46209;8217;1
46210;8829;7
46211;2520;1
46212;3838;7
46213;2860;5
46214;2669;3
46215;4633;2
46216;8520;3
46217;8116;2
46218;6265;7
46219;5365;3
46220;8408;7
46221;4542;5
46222;8016;2
46223;3208;2
46224;2667;2
46225;3656;2
46226;7932;4
46227;6850;5
46228;6540;3
46229;7070;3
46230;3235;3
46231;8621;1
46232;2573;3
46233;7485;5
46234;2304;3
46235;3133;6
46236;8390;5
46237;3993;6
46238;5580;5
46239;5954;6
46240;6421;5
46241;7688;4
46242;2479;1
46243;3735;7
46244;3963;5
46245;4864;6
46246;1207;2
46247;5436;2
46248;4653;3
46249;8658;6
46250;5203;7
46251;5411;3
46252;6062;7
46253;1076;3
46254;2172;5
46255;4073;3
46256;7602;2
46257;5787;5
46258;2213;2
46259;6178;5
46260;6407;3
46261;4864;6
46262;5909;4
46263;2057;3
46264;2369;2
46265;7953;2
46266;2637;1
46267;7702;5
46268;6978;4
46269;3112;6
46270;5523;5
46271;2734;6
46272;6393;1
46273;5136;1
46274;8620;2
46275;6505;1
46276;6049;3
46277;1409;6
46278;8788;1
46279;3715;1
46280;1899;4
46281;2191;3
46282;2701;3
46283;7380;5
46284;7174;5
46285;1582;4
46286;5868;6
46287;3635;4
46288;8442;1
46289;5039;6
46290;7426;3
46291;3076;7
46292;2044;5
46293;1655;5
46294;8453;6
46295;3192;6
46296;5321;5
46297;2867;4
46298;1304;2
46299;5594;5
46300;3084;2
46301;7017;1
46302;6726;7
46303;4802;6
46304;8515;1
46305;2696;6
46306;3497;4
46307;3883;4
46308;2510;5
46309;8239;3
46310;7525;4
46311;1377;3
46312;3473;3
46313;7444;2
46314;2166;2
46315;6072;3
46316;6479;6
46317;6804;4
46318;1766;2
46319;8528;6
46320;6300;4
46321;2898;6
46322;5073;4
46323;6471;3
46324;4890;6
46325;8469;1
46326;5669;4
46327;6347;3
46328;4339;2
46329;1288;5
46330;1953;5
46331;4212;6
46332;6918;4
46333;1296;3
46334;3261;4
46335;3858;3
46336;7599;1
46337;4733;4
46338;8837;5
46339;1200;3
46340;8483;4
46341;6326;6
46342;7447;5
46343;2409;5
46344;8770;6
46345;4639;4
46346;2640;2
46347;8964;7
46348;8493;6
46349;7934;4
46350;3395;6
46351;4860;3
46352;4275;4
46353;3597;7
46354;8864;2
46355;6835;1
46356;7286;5
46357;5760;6
46358;8489;4
46359;2518;2
46360;7032;6
46361;1251;6
46362;8737;2
46363;8145;3
46364;2035;1
46365;4237;7
46366;8542;2
46367;4321;6
46368;3146;1
46369;2024;1
46370;1017;6
46371;6618;4
46372;1805;1
46373;5493;2
46374;3506;1
46375;7599;2
46376;5604;6
46377;8120;4
46378;7324;7
46379;8868;5
46380;5865;3
46381;2801;4
46382;4037;3
46383;5125;5
46384;6082;3
46385;1728;5
46386;3230;2
46387;6082;2
46388;4885;5
46389;8104;6
46390;1332;7
46391;6819;7
46392;8715;5
46393;8527;5
46394;4499;5
46395;2231;1
46396;3148;4
46397;5318;1
46398;8887;6
46399;8583;3
46400;7693;5
46401;1104;2
46402;6892;4
46403;7735;1
46404;1767;5
46405;5950;1
46406;2095;7
46407;2390;4
46408;4513;3
46409;8528;3
46410;1338;7
46411;6530;3
46412;2802;3
46413;4620;3
46414;3432;2
46415;1202;4
46416;1923;1
46417;5933;7
46418;3441;2
46419;5523;2
46420;7546;5
46421;8215;5
46422;3701;1
46423;5189;6
46424;6710;5
46425;5591;5
46426;1476;7
46427;6123;1
46428;1479;1
46429;3067;3
46430;4325;5
46431;7165;4
46432;5477;3
46433;2610;6
46434;6422;2
46435;2685;6
46436;7152;6
46437;2360;3
46438;3925;4
46439;1505;5
46440;6187;5
46441;6245;7
46442;1254;6
46443;2871;6
46444;4338;4
46445;7594;4
46446;7336;1
46447;6516;2
46448;6759;4
46449;2043;4
46450;4108;6
46451;8409;5
46452;1270;4
46453;4419;3
46454;6667;5
46455;6259;4
46456;2597;3
46457;4502;5
46458;2803;2
46459;2151;5
46460;8216;5
46461;4045;1
46462;3060;1
46463;3630;2
46464;4404;7
46465;8606;4
46466;8520;5
46467;7965;1
46468;4219;1
46469;1737;6
46470;1633;3
46471;8505;7
46472;7533;1
46473;2068;7
46474;2529;4
46475;3721;5
46476;4821;1
46477;8864;1
46478;7325;4
46479;6964;3
46480;6292;4
46481;3263;6
46482;4950;4
46483;2725;1
46484;1432;5
46485;3191;3
46486;6650;4
46487;3434;6
46488;4507;3
46489;4275;5
46490;6252;5
46491;6424;4
46492;8515;6
46493;1321;1
46494;3094;1
46495;6221;5
46496;5099;3
46497;5708;5
46498;4827;4
46499;4813;4
46500;2551;7
46501;1473;2
46502;5699;2
46503;7679;4
46504;6233;3
46505;5162;4
46506;4474;6
46507;6048;2
46508;3289;2
46509;7308;5
46510;4775;5
46511;2160;3
46512;5395;1
46513;7797;1
46514;6499;7
46515;8652;7
46516;1982;3
46517;3577;3
46518;4713;5
46519;7476;4
46520;5370;1
46521;2050;1
46522;8470;2
46523;2219;2
46524;5481;4
46525;2563;4
46526;7370;7
46527;6344;1
46528;6140;5
46529;7038;6
46530;8255;6
46531;2170;7
46532;1342;1
46533;6827;7
46534;3766;7
46535;3053;5
46536;7429;3
46537;6955;7
46538;2579;6
46539;6703;4
46540;3714;1
46541;4512;4
46542;8481;1
46543;4174;5
46544;3789;7
46545;6930;3
46546;7234;6
46547;5528;1
46548;3859;3
46549;8944;4
46550;5736;1
46551;2378;6
46552;7364;3
46553;5505;1
46554;6482;5
46555;1603;1
46556;3377;6
46557;4865;2
46558;1077;7
46559;8304;5
46560;6692;7
46561;3389;1
46562;5757;4
46563;8240;6
46564;7166;2
46565;5767;4
46566;2130;4
46567;2822;7
46568;7475;5
46569;7723;1
46570;2563;5
46571;3605;7
46572;5377;6
46573;4565;6
46574;6856;4
46575;6089;4
46576;4755;7
46577;7075;2
46578;6101;1
46579;5383;2
46580;3699;7
46581;2714;1
46582;2580;1
46583;6923;4
46584;7419;7
46585;7092;6
46586;2528;5
46587;5060;1
46588;1226;5
46589;7738;1
46590;6615;7
46591;4113;5
46592;4810;3
46593;7023;5
46594;6654;6
46595;6046;1
46596;5609;3
46597;4761;6
46598;5301;3
46599;5983;6
46600;3489;3
46601;5110;2
46602;1352;1
46603;8955;5
46604;6023;6
46605;4868;4
46606;8546;4
46607;7183;3
46608;6248;7
46609;6006;6
46610;2940;1
46611;1529;7
46612;8659;1
46613;3398;6
46614;1037;5
46615;2844;1
46616;5210;5
46617;3516;2
46618;1428;2
46619;1933;3
46620;5751;4
46621;2609;6
46622;6010;2
46623;4753;1
46624;3982;1
46625;3970;1
46626;4169;5
46627;3349;3
46628;3117;7
46629;6414;2
46630;7239;6
46631;2054;1
46632;5151;6
46633;5468;1
46634;8582;7
46635;5092;2
46636;7482;3
46637;5856;2
46638;6889;6
46639;7198;7
46640;5200;2
46641;5326;3
46642;5067;5
46643;8863;5
46644;4461;3
46645;5044;7
46646;2454;5
46647;6931;2
46648;6174;1
46649;8511;2
46650;4416;6
46651;2425;3
46652;3207;2
46653;7783;3
46654;7191;5
46655;2001;5
46656;5662;2
46657;2083;5
46658;1469;3
46659;8629;7
46660;2256;1
46661;2578;7
46662;2137;6
46663;5122;6
46664;2972;4
46665;6509;2
46666;5465;4
46667;5068;3
46668;3483;5
46669;6964;2
46670;4158;3
46671;5086;7
46672;8922;1
46673;2314;1
46674;3928;1
46675;4949;3
46676;6296;6
46677;1305;5
46678;3042;7
46679;7949;6
46680;6949;2
46681;4602;3
46682;6096;7
46683;1925;2
46684;7772;5
46685;6170;4
46686;8080;7
46687;1763;4
46688;7411;2
46689;6076;6
46690;6884;4
46691;8968;1
46692;8546;6
46693;6507;4
46694;5508;6
46695;5436;5
46696;7662;6
46697;2299;7
46698;6808;6
46699;1708;1
46700;1080;4
46701;3587;7
46702;8101;4
46703;5862;2
46704;6374;5
46705;4597;5
46706;4164;7
46707;7657;3
46708;6410;4
46709;8374;1
46710;2487;2
46711;7867;4
46712;5734;3
46713;3446;6
46714;8959;4
46715;1589;1
46716;7282;1
46717;6366;2
46718;6974;1
46719;2944;4
46720;5844;7
46721;7018;7
46722;8902;3
46723;1205;7
46724;3162;1
46725;7229;1
46726;7618;7
46727;4757;5
46728;5298;3
46729;5079;5
46730;3422;7
46731;8524;1
46732;3977;1
46733;2655;1
46734;4456;2
46735;6160;5
46736;3598;5
46737;6726;4
46738;2358;5
46739;3649;4
46740;2648;5
46741;5641;3
46742;1719;4
46743;8334;3
46744;1121;6
46745;4375;3
46746;7146;5
46747;3930;2
46748;3656;4
46749;3177;4
46750;8557;1
46751;5252;5
46752;1274;4
46753;8098;1
46754;7559;7
46755;7535;4
46756;2472;2
46757;4537;6
46758;5467;3
46759;7649;4
46760;3006;5
46761;7990;4
46762;2932;6
46763;8901;5
46764;3670;7
46765;5721;7
46766;1070;7
46767;5338;1
46768;1678;6
46769;1483;4
46770;6002;3
46771;8764;6
46772;5148;4
46773;4033;6
46774;5853;5
46775;8466;5
46776;5307;7
46777;7042;1
46778;8215;7
46779;8424;2
46780;2087;1
46781;3486;1
46782;4262;6
46783;8616;6
46784;2342;2
46785;8725;4
46786;2995;6
46787;3562;1
46788;3774;4
46789;1397;5
46790;8959;2
46791;2730;1
46792;8102;4
46793;4548;1
46794;7096;6
46795;2990;1
46796;5059;2
46797;4175;4
46798;6865;6
46799;1227;5
46800;2199;2
46801;1741;4
46802;8370;5
46803;2492;7
46804;4918;7
46805;8021;5
46806;3852;2
46807;7414;7
46808;3161;1
46809;2527;5
46810;1897;5
46811;7387;1
46812;5973;2
46813;1322;6
46814;1512;3
46815;2746;4
46816;3987;7
46817;3404;3
46818;3563;6
46819;6035;7
46820;4874;6
46821;6746;1
46822;2966;4
46823;3620;7
46824;4245;2
46825;5509;5
46826;2769;7
46827;2601;6
46828;4459;5
46829;8030;2
46830;2347;2
46831;5913;6
46832;6207;4
46833;1094;5
46834;5201;1
46835;7304;5
46836;7817;2
46837;2984;5
46838;8654;5
46839;2272;2
46840;7904;6
46841;6479;7
46842;5062;3
46843;6754;5
46844;5788;2
46845;6896;6
46846;5474;5
46847;1785;4
46848;5421;7
46849;8506;2
46850;3087;7
46851;4951;7
46852;6475;7
46853;6697;5
46854;8611;6
46855;1463;5
46856;7141;5
46857;8872;3
46858;3519;3
46859;4162;5
46860;5736;7
46861;4664;2
46862;4905;2
46863;2742;4
46864;3968;4
46865;3146;5
46866;4218;2
46867;2521;1
46868;8390;3
46869;4023;5
46870;4044;6
46871;7856;7
46872;6187;4
46873;8556;1
46874;4202;5
46875;4130;5
46876;1741;1
46877;8708;7
46878;6460;7
46879;7884;3
46880;5721;7
46881;3039;6
46882;6012;5
46883;5643;1
46884;8928;6
46885;8932;1
46886;5463;7
46887;7820;1
46888;7475;3
46889;7351;3
46890;7562;2
46891;3185;6
46892;4992;7
46893;5127;1
46894;7695;5
46895;1750;4
46896;5121;5
46897;2474;2
46898;7919;7
46899;8052;6
46900;5648;6
46901;6522;5
46902;1488;2
46903;7401;5
46904;1085;5
46905;1741;4
46906;3096;5
46907;2473;6
46908;3457;4
46909;7370;4
46910;1313;4
46911;8903;1
46912;4689;7
46913;7529;4
46914;1815;6
46915;1875;5
46916;8357;3
46917;5150;7
46918;1155;5
46919;2104;2
46920;4670;2
46921;6944;5
46922;6146;1
46923;5466;6
46924;7116;3
46925;6831;2
46926;4569;3
46927;3965;1
46928;4098;3
46929;1107;5
46930;7837;2
46931;3409;5
46932;7556;5
46933;2973;3
46934;5856;4
46935;2053;5
46936;6681;4
46937;5200;1
46938;2743;3
46939;4914;3
46940;1150;4
46941;7553;4
46942;3169;5
46943;1265;2
46944;3315;4
46945;5628;3
46946;3372;6
46947;8307;7
46948;7123;4
46949;3761;5
46950;1892;6
46951;4878;6
46952;3981;6
46953;2371;4
46954;3243;7
46955;4186;3
46956;4089;3
46957;7320;4
46958;6505;1
46959;1097;2
46960;3099;3
46961;2407;7
46962;5450;7
46963;7564;3
46964;7391;2
46965;7269;5
46966;2821;1
46967;7532;4
46968;5843;1
46969;5369;5
46970;5470;6
46971;6014;6
46972;8013;2
46973;5513;3
46974;7498;5
46975;5512;2
46976;1270;1
46977;7667;2
46978;6178;4
46979;7876;1
46980;2752;3
46981;4683;3
46982;4358;5
46983;1463;3
46984;3071;7
46985;2711;3
46986;7422;3
46987;6618;5
46988;1420;4
46989;8860;3
46990;6124;4
46991;4161;1
46992;1869;2
46993;6368;2
46994;4223;3
46995;6650;6
46996;4428;3
46997;2687;6
46998;6373;1
46999;2159;4
47000;6290;4
47001;3147;2
47002;1942;4
47003;7337;7
47004;4452;4
47005;5135;6
47006;6491;5
47007;4009;2
47008;5324;6
47009;5543;5
47010;4124;7
47011;7961;4
47012;4933;4
47013;1045;6
47014;4428;4
47015;8588;4
47016;2639;6
47017;5556;2
47018;3127;5
47019;4470;2
47020;7681;3
47021;3342;2
47022;8014;7
47023;8603;1
47024;6568;3
47025;4415;4
47026;6177;4
47027;7646;4
47028;8698;7
47029;8118;6
47030;4080;2
47031;5616;4
47032;1170;3
47033;1748;7
47034;5948;3
47035;3513;4
47036;5026;1
47037;3741;3
47038;1704;1
47039;5639;3
47040;5240;2
47041;3030;7
47042;1235;2
47043;3494;1
47044;8042;7
47045;7894;3
47046;7039;7
47047;7547;3
47048;4178;1
47049;1228;1
47050;4240;4
47051;5170;1
47052;7653;1
47053;2505;7
47054;6033;1
47055;7947;4
47056;1300;5
47057;8453;1
47058;6645;1
47059;1922;3
47060;2047;5
47061;3933;4
47062;4783;7
47063;2030;1
47064;1026;7
47065;7541;1
47066;4627;2
47067;6438;7
47068;3716;5
47069;2415;2
47070;6949;2
47071;5726;6
47072;1186;3
47073;6299;4
47074;7954;7
47075;4117;6
47076;2930;1
47077;7400;6
47078;6836;6
47079;6707;7
47080;6730;7
47081;1506;4
47082;7312;5
47083;5542;5
47084;5251;2
47085;6754;6
47086;7961;6
47087;4094;4
47088;5105;6
47089;6968;2
47090;3128;3
47091;6912;1
47092;4769;3
47093;2061;4
47094;5306;2
47095;5955;3
47096;1637;1
47097;1614;3
47098;3460;3
47099;5470;2
47100;6515;6
47101;3293;5
47102;3283;7
47103;3908;6
47104;1922;3
47105;8550;7
47106;7324;3
47107;7601;7
47108;7925;5
47109;5976;6
47110;6839;5
47111;2568;7
47112;4230;7
47113;5664;3
47114;8076;4
47115;7732;6
47116;8306;7
47117;4568;5
47118;4310;4
47119;2095;2
47120;8280;4
47121;4174;2
47122;4963;6
47123;7365;5
47124;7429;7
47125;6413;1
47126;2332;2
47127;8271;2
47128;5243;7
47129;7372;6
47130;5786;7
47131;1303;2
47132;8549;7
47133;5702;5
47134;8049;2
47135;6125;1
47136;3368;7
47137;5041;6
47138;6283;3
47139;6450;7
47140;5237;2
47141;1324;6
47142;1841;7
47143;6869;2
47144;7333;1
47145;1892;7
47146;1612;1
47147;5058;4
47148;7763;7
47149;8435;5
47150;4202;1
47151;6583;3
47152;5953;4
47153;6524;4
47154;7410;6
47155;5704;7
47156;4208;2
47157;7520;7
47158;5016;2
47159;6663;1
47160;6025;6
47161;4975;3
47162;1742;4
47163;3091;3
47164;5544;3
47165;5397;6
47166;7857;4
47167;1789;3
47168;2748;7
47169;3905;7
47170;6413;3
47171;6857;3
47172;1381;2
47173;7846;6
47174;1097;3
47175;8341;2
47176;5311;2
47177;7320;3
47178;5485;2
47179;3286;2
47180;8868;6
47181;4920;5
47182;1335;4
47183;5840;6
47184;1831;3
47185;2969;1
47186;1410;4
47187;1067;1
47188;1278;2
47189;1823;5
47190;4573;1
47191;5838;4
47192;6644;1
47193;8680;7
47194;3123;3
47195;3334;6
47196;6914;7
47197;3078;5
47198;6916;2
47199;8344;6
47200;4318;5
47201;7018;4
47202;1663;7
47203;4865;3
47204;7217;7
47205;6085;5
47206;8083;6
47207;1414;2
47208;6672;5
47209;7677;6
47210;7959;6
47211;4313;4
47212;1023;3
47213;6340;6
47214;5323;1
47215;8017;6
47216;8513;1
47217;5292;5
47218;7309;4
47219;2040;3
47220;4010;4
47221;5035;3
47222;6782;1
47223;8332;5
47224;4521;1
47225;6471;6
47226;4605;1
47227;1439;4
47228;1938;6
47229;8810;4
47230;3059;1
47231;4361;7
47232;2807;1
47233;6538;7
47234;3982;1
47235;6272;3
47236;3927;7
47237;8163;2
47238;2527;1
47239;5306;5
47240;5675;2
47241;3517;1
47242;7948;2
47243;7881;2
47244;6371;3
47245;3209;1
47246;3117;6
47247;8432;3
47248;8172;5
47249;2753;2
47250;7523;4
47251;3253;2
47252;3046;4
47253;6117;1
47254;6193;3
47255;4026;7
47256;2700;2
47257;5964;5
47258;5136;1
47259;6373;7
47260;6776;4
47261;2257;6
47262;1585;3
47263;6560;4
47264;5032;5
47265;8280;7
47266;4214;5
47267;8066;6
47268;6602;2
47269;3533;2
47270;3298;3
47271;6010;5
47272;2808;5
47273;1598;7
47274;1897;6
47275;3648;5
47276;6607;2
47277;1407;2
47278;2725;7
47279;8165;6
47280;7675;7
47281;3324;2
47282;3088;5
47283;6553;2
47284;2644;6
47285;5717;5
47286;1276;5
47287;8089;4
47288;6867;5
47289;3435;6
47290;2181;2
47291;8658;4
47292;7786;5
47293;1269;3
47294;4906;7
47295;1699;4
47296;6205;3
47297;2617;1
47298;8089;7
47299;5957;6
47300;6663;1
47301;1776;4
47302;2891;5
47303;8515;7
47304;5958;4
47305;6134;2
47306;3330;1
47307;6819;3
47308;2753;5
47309;4602;5
47310;8567;6
47311;6829;2
47312;2919;4
47313;7694;3
47314;1661;7
47315;5503;2
47316;8106;1
47317;6234;7
47318;4662;3
47319;4490;2
47320;2013;3
47321;5234;6
47322;1030;2
47323;3500;6
47324;6831;2
47325;2412;5
47326;2704;2
47327;4974;4
47328;8608;7
47329;2281;3
47330;5265;4
47331;8306;5
47332;5070;1
47333;1109;7
47334;6711;7
47335;4029;5
47336;2206;4
47337;1416;1
47338;8980;2
47339;8160;5
47340;1885;3
47341;7301;3
47342;1286;3
47343;4242;7
47344;5411;4
47345;5616;5
47346;3659;1
47347;2601;4
47348;5353;4
47349;2228;1
47350;8113;3
47351;5469;3
47352;1001;6
47353;8446;1
47354;8590;7
47355;7072;1
47356;3504;3
47357;1781;7
47358;7049;3
47359;1491;6
47360;5477;3
47361;7764;2
47362;7168;2
47363;7167;6
47364;8440;1
47365;6817;7
47366;2669;4
47367;8578;7
47368;1416;1
47369;8531;6
47370;1773;3
47371;3120;7
47372;6131;6
47373;7065;2
47374;3909;5
47375;6931;7
47376;8184;2
47377;3590;3
47378;6781;3
47379;6587;6
47380;7447;1
47381;3000;5
47382;3683;3
47383;2608;4
47384;3439;6
47385;1272;7
47386;4141;6
47387;3973;7
47388;5493;6
47389;5769;6
47390;7545;7
47391;5175;5
47392;2027;2
47393;3176;6
47394;6226;2
47395;4605;3
47396;8776;1
47397;3038;2
47398;6615;3
47399;3270;4
47400;5959;4
47401;7029;2
47402;1612;3
47403;6427;5
47404;2774;2
47405;3813;1
47406;2470;7
47407;8863;4
47408;6277;4
47409;1447;5
47410;8196;4
47411;2559;7
47412;8696;6
47413;5889;4
47414;6820;2
47415;6425;1
47416;4018;3
47417;1513;6
47418;2685;3
47419;7023;1
47420;8085;2
47421;6755;4
47422;4344;6
47423;3757;2
47424;6551;1
47425;8107;7
47426;3407;2
47427;7104;5
47428;2557;2
47429;5727;1
47430;3409;6
47431;7781;3
47432;7564;1
47433;8338;5
47434;6168;4
47435;8944;4
47436;6970;1
47437;7550;7
47438;8708;1
47439;8456;4
47440;5323;3
47441;7564;7
47442;7286;7
47443;5540;7
47444;8486;3
47445;3853;6
47446;7060;6
47447;3893;4
47448;7169;4
47449;3445;5
47450;1142;3
47451;2979;3
47452;8163;2
47453;6633;1
47454;4385;2
47455;4410;6
47456;6086;3
47457;3014;3
47458;1452;6
47459;5100;6
47460;2617;2
47461;5737;6
47462;2910;2
47463;6610;1
47464;5984;4
47465;1776;4
47466;6575;1
47467;1025;1
47468;1422;2
47469;2036;4
47470;8944;3
47471;4966;4
47472;7925;1
47473;1269;7
47474;7458;4
47475;1463;1
47476;3443;1
47477;7376;3
47478;3501;1
47479;3428;6
47480;3468;5
47481;8294;2
47482;7018;6
47483;7542;3
47484;7355;3
47485;8158;7
47486;3642;6
47487;6076;5
47488;6946;7
47489;3038;5
47490;6867;7
47491;5738;4
47492;8040;3
47493;6653;1
47494;3186;6
47495;5057;6
47496;5274;7
47497;4327;6
47498;2323;6
47499;3349;6
47500;8671;7
47501;3893;1
47502;6555;3
47503;6306;2
47504;1500;5
47505;5915;6
47506;8645;1
47507;1964;2
47508;1628;4
47509;7162;4
47510;4629;5
47511;3391;1
47512;1959;2
47513;6974;7
47514;5972;2
47515;3194;7
47516;2277;7
47517;7726;5
47518;6026;1
47519;3351;2
47520;6988;6
47521;6813;7
47522;1187;6
47523;2161;1
47524;7025;5
47525;3823;3
47526;7487;5
47527;3808;3
47528;7156;5
47529;8117;2
47530;1516;7
47531;1652;1
47532;8554;7
47533;5921;4
47534;4375;3
47535;2649;6
47536;6447;3
47537;8298;2
47538;2291;1
47539;1065;5
47540;7214;4
47541;6227;2
47542;5447;1
47543;1825;3
47544;7701;3
47545;8456;7
47546;4053;1
47547;8208;4
47548;3396;4
47549;6280;3
47550;3964;5
47551;8515;3
47552;3047;1
47553;1603;1
47554;4004;2
47555;4436;3
47556;5261;7
47557;3262;7
47558;6258;1
47559;2380;2
47560;3333;7
47561;2627;3
47562;5924;5
47563;4687;1
47564;4183;2
47565;1091;4
47566;8279;3
47567;2413;2
47568;1847;4
47569;1383;1
47570;3332;4
47571;4104;2
47572;2857;6
47573;7492;4
47574;6575;3
47575;8248;3
47576;6178;1
47577;3131;1
47578;6075;6
47579;8228;7
47580;1784;5
47581;4980;3
47582;5918;1
47583;3004;2
47584;4951;7
47585;3376;1
47586;2583;4
47587;2990;7
47588;1510;6
47589;3640;2
47590;7726;6
47591;1206;5
47592;1883;1
47593;3691;2
47594;6283;7
47595;2483;4
47596;7011;1
47597;7029;4
47598;4889;3
47599;5974;4
47600;1196;6
47601;5266;3
47602;1215;4
47603;2133;3
47604;2278;2
47605;8248;2
47606;7863;6
47607;5098;4
47608;7249;1
47609;1902;5
47610;5661;5
47611;5561;6
47612;8732;5
47613;5980;2
47614;2304;3
47615;3481;2
47616;3120;7
47617;3290;5
47618;5523;5
47619;4511;2
47620;5143;7
47621;1808;4
47622;4675;3
47623;2898;7
47624;3432;7
47625;5542;6
47626;8331;2
47627;3390;7
47628;6588;2
47629;1383;6
47630;6599;2
47631;2700;6
47632;8157;3
47633;2307;6
47634;5288;7
47635;6921;3
47636;6669;3
47637;5082;5
47638;8267;5
47639;1648;2
47640;7646;4
47641;7894;1
47642;1756;3
47643;3240;1
47644;2466;7
47645;6979;1
47646;4338;5
47647;3574;3
47648;7057;1
47649;7859;5
47650;6230;3
47651;2792;7
47652;6500;6
47653;5942;6
47654;8579;7
47655;2206;1
47656;1287;6
47657;8139;6
47658;4215;7
47659;3416;1
47660;3045;6
47661;6488;5
47662;8281;2
47663;7680;6
47664;2203;7
47665;5734;7
47666;2908;4
47667;2991;6
47668;6118;1
47669;8925;3
47670;5774;5
47671;7476;2
47672;6223;7
47673;2115;1
47674;2047;5
47675;6187;1
47676;4545;2
47677;1921;7
47678;2068;5
47679;2913;3
47680;8999;1
47681;7346;5
47682;3197;7
47683;8858;4
47684;1007;5
47685;3999;2
47686;2073;1
47687;1411;4
47688;8361;5
47689;7489;3
47690;8065;5
47691;2700;3
47692;1837;6
47693;7992;1
47694;8606;2
47695;4114;1
47696;2351;1
47697;3694;2
47698;6230;1
47699;1550;5
47700;4601;2
47701;6215;6
47702;7517;6
47703;5218;3
47704;5729;4
47705;3772;5
47706;8118;7
47707;6462;6
47708;1237;5
47709;8410;7
47710;4280;3
47711;7750;7
47712;2574;5
47713;3594;4
47714;1455;5
47715;1061;7
47716;3650;7
47717;5399;6
47718;4191;6
47719;3656;4
47720;7036;6
47721;3360;3
47722;7249;5
47723;4751;2
47724;8010;7
47725;1934;3
47726;6296;4
47727;3002;4
47728;1066;6
47729;7448;4
47730;8060;4
47731;6350;5
47732;7657;7
47733;8036;1
47734;8041;5
47735;5170;4
47736;2121;5
47737;2085;2
47738;8994;2
47739;6257;4
47740;1965;1
47741;1989;2
47742;2871;4
47743;5113;6
47744;4108;4
47745;1025;2
47746;1353;6
47747;5845;2
47748;5461;6
47749;6241;6
47750;7711;7
47751;7017;6
47752;1720;3
47753;7791;4
47754;4339;4
47755;1855;7
47756;3031;5
47757;1131;2
47758;5824;1
47759;7830;2
47760;7003;7
47761;3780;1
47762;6556;2
47763;5377;5
47764;5096;7
47765;5234;7
47766;2895;4
47767;3203;6
47768;7244;1
47769;3473;2
47770;1343;1
47771;6812;4
47772;4781;2
47773;6885;3
47774;4431;5
47775;8020;7
47776;3208;4
47777;6516;2
47778;4937;4
47779;5701;1
47780;6907;6
47781;3321;4
47782;4321;2
47783;3331;6
47784;3931;5
47785;2047;6
47786;6342;2
47787;4521;6
47788;5949;4
47789;8619;6
47790;3366;4
47791;1141;2
47792;2358;5
47793;8736;1
47794;3114;6
47795;3274;5
47796;6333;5
47797;2771;6
47798;6288;2
47799;8466;6
47800;4251;2
47801;7216;6
47802;4824;2
47803;7768;2
47804;2662;7
47805;7672;1
47806;5285;7
47807;5657;4
47808;3831;4
47809;1399;6
47810;1063;2
47811;7420;5
47812;3840;5
47813;6368;6
47814;6717;5
47815;4894;2
47816;2557;4
47817;3407;6
47818;7695;6
47819;4241;7
47820;3800;6
47821;1131;3
47822;8202;1
47823;1028;4
47824;5616;1
47825;6451;3
47826;3512;2
47827;4330;2
47828;5910;7
47829;8370;7
47830;6721;1
47831;1895;4
47832;8780;6
47833;8882;3
47834;6970;5
47835;5704;3
47836;8012;5
47837;7859;2
47838;8742;4
47839;5970;1
47840;2599;2
47841;5205;1
47842;5286;4
47843;8361;5
47844;3827;5
47845;5559;5
47846;6943;6
47847;7213;7
47848;3735;6
47849;7238;3
47850;2685;3
47851;7798;7
47852;7140;4
47853;5422;5
47854;2281;1
47855;3422;3
47856;7218;1
47857;2493;2
47858;1835;4
47859;1626;6
47860;2646;6
47861;5116;5
47862;2169;2
47863;1001;6
47864;2077;6
47865;3524;2
47866;3674;4
47867;5397;3
47868;1129;5
47869;2527;5
47870;6513;7
47871;4829;6
47872;5071;7
47873;4707;3
47874;4789;4
47875;7045;3
47876;6716;7
47877;3700;6
47878;3578;4
47879;1311;4
47880;8236;6
47881;7827;5
47882;1927;2
47883;2022;4
47884;5237;2
47885;4609;2
47886;3725;6
47887;2113;6
47888;5351;3
47889;2376;7
47890;2678;5
47891;8010;1
47892;5588;5
47893;1793;6
47894;3043;1
47895;6525;2
47896;2788;3
47897;6978;7
47898;5772;3
47899;3700;5
47900;7486;4
47901;8916;2
47902;4129;4
47903;3549;3
47904;6581;1
47905;3435;6
47906;3029;6
47907;2559;2
47908;4169;7
47909;8513;3
47910;4135;7
47911;5862;4
47912;7015;7
47913;2175;2
47914;5422;4
47915;3095;5
47916;3237;4
47917;5803;6
47918;7330;5
47919;2830;1
47920;1163;2
47921;5945;1
47922;5873;3
47923;6919;4
47924;8483;2
47925;8250;5
47926;8305;1
47927;4741;4
47928;3708;1
47929;8824;1
47930;8899;4
47931;2153;7
47932;5093;6
47933;5191;4
47934;4136;4
47935;8228;5
47936;7362;6
47937;6934;7
47938;4557;2
47939;1892;7
47940;6856;4
47941;2491;2
47942;7110;5
47943;5124;7
47944;1232;1
47945;1447;4
47946;3894;4
47947;8568;2
47948;1502;2
47949;4164;2
47950;1443;4
47951;3902;2
47952;6156;7
47953;3447;2
47954;5533;7
47955;7537;1
47956;7221;5
47957;6842;7
47958;5404;5
47959;3265;5
47960;5489;3
47961;1945;2
47962;4482;5
47963;4774;5
47964;3524;7
47965;8374;7
47966;7479;7
47967;7843;3
47968;7908;4
47969;6371;6
47970;5219;1
47971;6891;1
47972;7996;6
47973;3825;1
47974;4268;4
47975;5202;5
47976;2945;4
47977;2694;6
47978;7658;4
47979;1966;1
47980;5672;5
47981;8224;7
47982;4952;7
47983;4022;2
47984;5101;3
47985;2228;2
47986;8923;5
47987;3862;7
47988;4024;2
47989;4644;4
47990;6625;5
47991;7206;1
47992;3103;7
47993;2167;2
47994;2954;4
47995;8785;5
47996;1657;6
47997;7633;5
47998;8249;2
47999;1859;3
48000;1427;1
48001;5924;3
48002;6045;1
48003;1637;7
48004;6758;1
48005;6422;6
48006;1229;4
48007;3792;3
48008;1082;7
48009;3564;6
48010;1438;3
48011;2947;7
48012;1016;5
48013;3316;3
48014;5549;5
48015;4843;5
48016;3213;4
48017;4805;7
48018;8373;7
48019;5911;3
48020;4092;1
48021;1860;5
48022;4901;4
48023;5918;5
48024;6089;4
48025;7084;3
48026;7463;5
48027;6938;1
48028;5729;7
48029;4859;4
48030;1277;7
48031;6993;6
48032;7091;7
48033;5930;7
48034;6871;3
48035;3558;1
48036;8850;4
48037;8090;1
48038;5556;5
48039;3519;6
48040;5534;7
48041;6664;4
48042;7500;1
48043;5205;1
48044;4993;1
48045;5113;4
48046;7741;4
48047;2974;4
48048;4646;2
48049;6921;4
48050;4783;1
48051;4839;6
48052;8942;1
48053;1266;7
48054;6912;4
48055;8716;6
48056;5462;3
48057;1925;5
48058;4789;2
48059;4755;7
48060;2954;5
48061;6306;2
48062;5383;2
48063;5788;1
48064;5443;5
48065;3921;6
48066;8493;6
48067;7329;1
48068;8197;3
48069;3051;2
48070;3963;5
48071;8096;3
48072;6963;2
48073;4733;3
48074;5700;4
48075;2116;4
48076;2479;2
48077;2676;7
48078;8358;7
48079;8536;2
48080;4602;4
48081;4338;7
48082;6045;4
48083;8306;6
48084;8126;5
48085;6179;1
48086;4184;1
48087;8121;3
48088;6730;2
48089;3777;5
48090;8886;6
48091;5138;6
48092;1822;6
48093;6805;4
48094;1792;6
48095;5418;6
48096;8941;4
48097;5214;3
48098;6901;2
48099;3905;1
48100;2634;4
48101;5253;4
48102;5406;5
48103;4723;2
48104;7618;4
48105;7320;4
48106;1905;5
48107;8139;5
48108;6834;3
48109;2909;4
48110;5050;6
48111;3998;2
48112;4644;4
48113;2941;7
48114;2176;4
48115;8991;7
48116;8358;3
48117;7580;2
48118;7720;1
48119;6955;4
48120;3930;7
48121;8072;2
48122;8142;6
48123;2370;6
48124;2043;7
48125;5764;5
48126;7215;7
48127;6292;7
48128;5947;3
48129;5552;6
48130;7622;7
48131;7581;7
48132;6791;7
48133;2215;4
48134;1306;3
48135;2059;6
48136;7330;1
48137;2118;6
48138;1788;5
48139;3723;3
48140;4575;1
48141;4865;2
48142;7408;7
48143;3328;3
48144;1740;5
48145;4359;6
48146;6976;4
48147;7848;3
48148;1614;6
48149;5215;3
48150;5479;1
48151;8853;6
48152;1311;7
48153;1744;4
48154;3719;1
48155;5889;3
48156;4222;3
48157;8507;2
48158;1044;5
48159;7547;6
48160;3232;4
48161;1193;1
48162;7574;3
48163;6941;3
48164;1969;7
48165;7910;1
48166;6128;5
48167;5193;3
48168;3247;4
48169;7630;1
48170;6868;3
48171;3963;3
48172;7944;6
48173;8542;7
48174;1092;4
48175;3699;7
48176;8739;5
48177;5920;7
48178;7555;6
48179;2873;3
48180;4017;3
48181;1654;2
48182;7726;7
48183;3217;2
48184;1708;2
48185;4774;3
48186;2638;5
48187;6066;5
48188;6893;6
48189;1141;4
48190;4137;7
48191;1547;3
48192;2884;6
48193;2559;3
48194;5153;4
48195;7511;3
48196;3531;7
48197;6045;1
48198;1472;7
48199;4989;3
48200;2257;3
48201;2043;6
48202;7052;2
48203;6452;5
48204;3142;6
48205;1893;6
48206;3521;5
48207;2355;4
48208;6652;4
48209;3061;4
48210;2787;2
48211;2798;4
48212;3015;6
48213;3811;1
48214;2022;4
48215;1733;1
48216;7772;5
48217;1887;2
48218;6144;5
48219;5729;1
48220;8987;7
48221;8251;1
48222;3968;5
48223;8085;5
48224;2412;6
48225;5872;7
48226;3869;7
48227;8716;6
48228;6705;4
48229;7042;3
48230;3125;1
48231;6217;2
48232;3830;7
48233;4135;3
48234;2853;7
48235;3637;2
48236;6224;1
48237;1132;7
48238;3813;4
48239;8161;3
48240;4091;5
48241;3970;5
48242;2026;6
48243;4635;3
48244;8792;4
48245;7137;1
48246;2805;7
48247;1255;5
48248;6416;4
48249;3740;5
48250;8345;4
48251;1824;6
48252;7386;3
48253;3264;6
48254;8134;2
48255;7960;6
48256;4398;2
48257;3026;7
48258;4272;7
48259;7965;3
48260;4989;3
48261;5471;4
48262;5526;1
48263;7670;4
48264;2603;4
48265;6138;2
48266;2404;7
48267;3357;4
48268;5957;7
48269;5449;3
48270;6040;6
48271;6067;1
48272;1538;3
48273;8645;3
48274;5357;1
48275;8174;6
48276;8426;1
48277;2890;6
48278;4213;4
48279;4263;3
48280;2981;1
48281;2306;4
48282;1156;1
48283;5062;7
48284;1456;2
48285;1622;5
48286;8397;3
48287;3050;5
48288;1866;6
48289;8287;7
48290;5453;4
48291;3505;5
48292;2530;5
48293;1522;1
48294;7919;7
48295;6837;4
48296;5962;5
48297;6033;2
48298;6870;7
48299;3270;3
48300;4069;7
48301;1256;5
48302;1410;7
48303;6917;4
48304;8793;7
48305;8468;5
48306;2763;7
48307;3356;3
48308;5346;4
48309;3300;1
48310;5173;6
48311;5728;6
48312;7119;4
48313;1419;1
48314;8462;7
48315;6444;7
48316;5453;4
48317;8849;3
48318;3900;1
48319;5157;1
48320;6903;7
48321;2038;5
48322;8036;4
48323;1727;6
48324;3664;7
48325;6321;1
48326;1102;5
48327;7003;4
48328;6897;2
48329;1130;6
48330;6535;7
48331;1212;3
48332;5167;5
48333;2408;2
48334;7481;5
48335;5688;1
48336;4211;3
48337;4852;4
48338;8750;6
48339;3128;4
48340;2393;4
48341;1955;7
48342;1461;1
48343;6281;3
48344;5472;7
48345;8700;1
48346;7281;3
48347;6045;4
48348;5258;7
48349;5993;1
48350;5411;4
48351;3679;2
48352;1362;1
48353;1575;4
48354;8855;1
48355;4979;6
48356;5581;7
48357;2863;2
48358;6044;2
48359;2611;2
48360;8901;6
48361;3764;6
48362;7488;2
48363;3949;2
48364;1463;7
48365;6141;7
48366;8956;5
48367;4126;5
48368;8864;1
48369;4843;3
48370;8936;6
48371;6799;5
48372;8864;2
48373;5169;5
48374;1350;6
48375;3511;3
48376;6756;3
48377;4681;3
48378;4762;5
48379;8649;4
48380;2698;2
48381;8681;3
48382;1732;5
48383;2733;4
48384;6853;1
48385;6894;2
48386;7098;7
48387;1513;7
48388;6494;3
48389;4635;1
48390;4362;2
48391;7595;6
48392;4537;1
48393;8971;2
48394;4522;6
48395;5572;6
48396;1978;4
48397;3476;4
48398;8429;2
48399;4877;1
48400;6509;4
48401;7036;3
48402;6784;4
48403;6158;7
48404;2844;5
48405;8949;7
48406;1360;4
48407;8506;3
48408;5937;4
48409;2434;6
48410;4161;7
48411;7435;7
48412;3065;1
48413;3542;1
48414;3422;3
48415;4406;7
48416;2572;2
48417;7138;3
48418;6585;1
48419;5319;2
48420;4394;3
48421;3044;1
48422;8288;4
48423;8180;4
48424;7980;5
48425;2164;4
48426;6338;1
48427;1045;5
48428;7100;6
48429;3574;6
48430;8265;7
48431;8879;3
48432;5283;7
48433;6086;3
48434;5476;3
48435;1206;3
48436;8597;4
48437;2584;7
48438;1940;7
48439;7092;2
48440;1102;4
48441;8897;3
48442;6102;2
48443;7707;6
48444;4543;4
48445;5678;2
48446;3582;7
48447;3831;1
48448;4930;7
48449;1973;1
48450;2338;5
48451;2494;7
48452;3043;4
48453;4093;2
48454;2344;4
48455;5750;2
48456;3654;1
48457;3451;6
48458;4801;5
48459;2200;3
48460;7725;1
48461;3589;4
48462;4017;4
48463;3824;2
48464;8746;5
48465;4349;1
48466;6325;3
48467;7228;3
48468;2917;5
48469;1930;7
48470;3563;2
48471;2277;2
48472;4372;1
48473;8827;1
48474;4099;7
48475;2680;4
48476;5984;2
48477;1363;5
48478;2374;4
48479;5633;2
48480;8440;4
48481;2216;3
48482;5531;4
48483;8775;5
48484;7103;1
48485;7608;5
48486;5226;1
48487;1735;2
48488;3374;2
48489;6890;6
48490;1610;3
48491;7608;1
48492;5043;7
48493;8642;6
48494;2722;1
48495;4040;7
48496;5647;1
48497;7355;3
48498;8683;2
48499;5738;1
48500;3468;4
48501;8997;5
48502;3306;2
48503;6662;6
48504;2112;2
48505;4671;1
48506;4922;2
48507;3167;4
48508;5055;5
48509;4177;7
48510;3334;3
48511;6965;7
48512;8216;6
48513;4890;5
48514;3503;1
48515;2042;7
48516;3510;5
48517;8009;5
48518;3493;7
48519;5249;4
48520;1706;2
48521;2046;1
48522;2324;7
48523;7147;7
48524;1098;2
48525;1129;3
48526;2167;2
48527;2709;7
48528;4554;2
48529;1145;1
48530;8676;7
48531;4469;2
48532;5582;4
48533;7192;2
48534;2002;1
48535;5840;5
48536;7167;2
48537;1272;5
48538;7036;2
48539;5833;5
48540;6635;6
48541;5925;1
48542;7711;3
48543;3612;4
48544;1657;4
48545;8294;4
48546;6212;5
48547;6349;1
48548;3594;1
48549;1485;3
48550;8666;7
48551;1725;3
48552;1049;2
48553;6014;7
48554;7026;4
48555;4033;7
48556;2215;3
48557;4014;6
48558;1823;5
48559;6319;4
48560;8548;3
48561;1339;7
48562;5882;3
48563;8372;2
48564;7330;2
48565;6178;7
48566;6188;7
48567;3756;4
48568;6071;4
48569;1865;5
48570;2732;2
48571;8624;2
48572;1043;2
48573;6668;1
48574;6674;1
48575;2394;5
48576;5778;2
48577;7173;5
48578;8413;2
48579;4235;3
48580;2181;3
48581;5221;4
48582;1207;6
48583;5959;5
48584;2913;6
48585;7834;5
48586;7606;6
48587;8131;4
48588;2153;1
48589;3964;7
48590;7128;2
48591;6964;1
48592;1034;4
48593;8766;7
48594;7293;5
48595;1696;1
48596;8932;6
48597;7257;2
48598;2147;6
48599;8295;5
48600;5524;7
48601;6009;4
48602;3329;3
48603;3654;6
48604;4646;3
48605;3269;4
48606;7060;4
48607;2198;7
48608;7611;4
48609;7210;7
48610;7706;4
48611;6642;3
48612;5689;3
48613;5665;7
48614;3317;4
48615;1673;6
48616;7702;3
48617;3421;3
48618;1237;1
48619;3916;6
48620;4087;3
48621;8484;7
48622;2255;7
48623;3330;5
48624;4455;1
48625;4134;5
48626;7869;2
48627;1916;6
48628;7646;3
48629;4018;2
48630;7066;7
48631;4103;7
48632;3463;4
48633;8672;6
48634;6772;6
48635;3367;2
48636;3654;1
48637;1873;4
48638;1086;4
48639;1453;4
48640;7693;4
48641;7971;4
48642;2850;2
48643;1574;1
48644;7418;1
48645;2347;1
48646;2374;6
48647;6217;5
48648;8507;6
48649;6758;4
48650;6607;4
48651;4643;6
48652;4972;7
48653;6847;6
48654;2901;7
48655;6931;4
48656;4120;3
48657;1567;6
48658;1865;5
48659;8280;5
48660;5499;1
48661;5966;5
48662;3615;3
48663;7231;1
48664;8511;5
48665;5854;5
48666;3644;2
48667;2264;3
48668;3764;3
48669;4842;7
48670;5501;4
48671;3234;7
48672;1782;1
48673;3146;7
48674;8429;4
48675;8658;4
48676;1607;1
48677;8264;5
48678;2426;2
48679;8226;1
48680;7071;1
48681;8297;1
48682;2269;4
48683;6731;3
48684;4593;5
48685;8650;3
48686;1845;1
48687;3270;3
48688;6021;3
48689;2012;5
48690;6936;3
48691;4173;2
48692;3595;2
48693;3704;7
48694;6540;7
48695;7438;3
48696;7128;1
48697;4691;5
48698;3723;1
48699;6928;1
48700;7069;3
48701;1647;6
48702;2844;5
48703;5008;6
48704;8649;7
48705;6343;2
48706;5712;5
48707;2963;5
48708;5409;6
48709;3387;2
48710;8783;1
48711;4609;4
48712;5504;5
48713;3586;7
48714;2794;2
48715;1082;4
48716;8196;3
48717;7214;5
48718;1381;3
48719;8618;7
48720;7386;5
48721;8801;1
48722;5706;1
48723;1249;3
48724;3752;2
48725;7475;6
48726;6235;3
48727;2281;1
48728;8759;7
48729;3095;5
48730;7600;3
48731;5171;1
48732;3355;3
48733;7404;3
48734;6392;7
48735;6620;1
48736;6896;5
48737;1549;3
48738;2866;4
48739;1222;6
48740;5738;1
48741;5372;4
48742;2038;5
48743;1493;5
48744;5725;3
48745;8836;4
48746;3356;6
48747;1218;2
48748;1594;4
48749;4817;2
48750;6929;6
48751;5696;3
48752;3032;1
48753;6971;7
48754;2209;6
48755;4665;4
48756;6622;3
48757;2683;6
48758;2250;4
48759;2653;5
48760;8094;1
48761;6811;2
48762;1318;4
48763;6671;7
48764;3813;4
48765;8895;2
48766;2783;7
48767;5010;7
48768;2206;2
48769;2452;1
48770;7852;5
48771;7018;1
48772;7439;5
48773;3873;6
48774;1478;2
48775;6009;3
48776;1460;5
48777;4271;5
48778;7197;1
48779;3393;3
48780;6347;1
48781;6658;6
48782;1076;3
48783;7779;1
48784;1586;3
48785;7228;4
48786;7250;3
48787;5457;1
48788;2039;2
48789;7855;7
48790;1238;3
48791;4626;4
48792;1512;2
48793;2375;1
48794;1786;7
48795;6950;2
48796;7870;7
48797;6171;5
48798;7400;5
48799;1608;1
48800;3567;1
48801;5723;5
48802;4983;7
48803;7287;4
48804;3392;4
48805;6497;1
48806;5101;1
48807;2884;4
48808;5067;3
48809;6662;4
48810;4896;1
48811;3257;1
48812;5980;2
48813;6602;1
48814;2607;2
48815;4505;6
48816;7372;3
48817;5172;4
48818;8088;4
48819;8867;5
48820;8749;2
48821;1822;5
48822;2413;6
48823;2232;2
48824;6954;3
48825;6636;3
48826;8135;1
48827;1098;1
48828;3182;4
48829;4214;4
48830;2017;3
48831;7054;2
48832;5029;4
48833;8573;3
48834;3198;5
48835;1067;4
48836;5392;6
48837;1823;3
48838;4662;2
48839;2479;2
48840;2252;5
48841;4135;2
48842;5203;5
48843;3470;1
48844;4357;6
48845;2761;4
48846;3470;5
48847;8331;4
48848;6581;5
48849;3731;6
48850;2666;4
48851;5094;6
48852;4633;7
48853;5942;4
48854;3588;4
48855;6425;6
48856;5011;7
48857;8595;7
48858;5279;1
48859;8074;1
48860;3875;2
48861;7664;3
48862;3286;5
48863;4489;1
48864;3220;1
48865;5702;2
48866;1330;7
48867;4957;6
48868;3502;4
48869;2258;7
48870;7220;2
48871;8501;6
48872;8991;4
48873;4759;3
48874;8882;1
48875;2058;4
48876;6206;3
48877;5487;2
48878;3471;2
48879;7076;5
48880;5448;1
48881;3264;6
48882;1818;4
48883;8186;5
48884;4175;5
48885;2016;4
48886;6739;2
48887;4371;1
48888;3191;2
48889;3494;5
48890;1847;4
48891;6688;2
48892;4347;4
48893;3343;4
48894;4952;7
48895;1937;3
48896;6563;7
48897;6844;6
48898;7158;6
48899;6080;2
48900;7175;6
48901;2137;6
48902;8438;5
48903;3230;1
48904;3941;4
48905;5848;2
48906;8953;3
48907;3197;3
48908;2509;4
48909;5680;1
48910;2555;1
48911;7908;1
48912;4952;6
48913;8752;6
48914;4144;2
48915;8359;4
48916;4935;7
48917;3194;6
48918;6526;3
48919;6217;5
48920;2009;7
48921;6157;5
48922;3777;7
48923;6564;6
48924;7264;5
48925;4704;4
48926;3908;2
48927;7734;3
48928;7621;3
48929;4766;3
48930;7513;5
48931;1769;5
48932;2814;3
48933;7343;1
48934;5135;5
48935;2351;5
48936;5774;4
48937;7398;3
48938;7561;4
48939;7988;6
48940;6958;7
48941;3553;4
48942;5986;6
48943;7502;2
48944;1892;3
48945;8109;6
48946;1585;5
48947;3385;5
48948;5216;4
48949;1354;1
48950;3624;4
48951;6707;4
48952;7203;1
48953;6525;2
48954;5397;3
48955;8001;2
48956;8576;7
48957;4720;6
48958;8233;4
48959;7822;5
48960;6528;5
48961;7950;5
48962;5374;3
48963;2699;1
48964;8496;1
48965;1519;4
48966;2270;5
48967;7417;5
48968;3393;5
48969;8972;3
48970;5185;4
48971;1610;5
48972;1585;5
48973;1951;1
48974;4800;3
48975;6504;7
48976;3539;3
48977;8296;6
48978;3292;5
48979;5685;1
48980;4386;5
48981;5326;2
48982;6948;6
48983;8651;3
48984;8907;2
48985;6908;1
48986;6371;5
48987;3823;2
48988;3766;4
48989;4048;2
48990;6615;7
48991;7728;2
48992;6506;6
48993;8309;4
48994;4708;7
48995;5159;6
48996;4215;7
48997;2233;6
48998;5466;7
48999;5506;2
49000;8687;3
49001;4088;3
49002;8725;7
49003;3999;6
49004;3996;4
49005;5453;3
49006;4087;3
49007;4661;7
49008;6255;6
49009;5824;1
49010;3013;7
49011;1047;1
49012;5858;3
49013;6091;5
49014;7858;2
49015;6365;7
49016;3661;1
49017;8492;1
49018;2661;1
49019;7016;1
49020;3257;5
49021;8737;2
49022;5714;7
49023;1989;3
49024;4150;7
49025;2614;7
49026;3503;7
49027;4251;6
49028;8933;6
49029;5656;1
49030;7707;3
49031;5153;6
49032;1909;2
49033;2417;3
49034;3706;2
49035;5505;6
49036;2819;2
49037;5873;3
49038;2301;6
49039;1276;4
49040;2459;7
49041;1697;3
49042;5253;5
49043;8845;1
49044;4162;6
49045;5960;1
49046;4371;7
49047;8187;3
49048;1707;3
49049;3984;6
49050;3276;1
49051;1484;7
49052;1080;6
49053;3398;7
49054;5323;4
49055;7783;4
49056;1787;4
49057;4797;2
49058;5129;6
49059;5038;3
49060;3088;3
49061;7207;3
49062;1048;2
49063;1414;2
49064;7236;3
49065;6671;2
49066;3419;4
49067;4772;2
49068;4392;5
49069;7752;6
49070;2574;1
49071;5813;7
49072;5616;6
49073;6396;3
49074;6003;6
49075;2335;5
49076;5127;1
49077;8088;5
49078;6391;4
49079;1221;4
49080;7733;4
49081;2241;5
49082;4262;3
49083;3952;4
49084;1867;4
49085;5422;2
49086;6036;5
49087;5798;1
49088;5390;3
49089;1061;2
49090;6882;7
49091;8580;5
49092;5742;4
49093;6385;2
49094;6190;5
49095;2263;7
49096;2505;2
49097;5294;3
49098;7995;6
49099;4895;3
49100;4181;1
49101;1935;6
49102;1142;3
49103;3280;5
49104;5781;3
49105;7430;5
49106;1040;1
49107;5152;4
49108;5051;6
49109;8653;3
49110;8927;2
49111;4112;6
49112;5691;1
49113;3102;5
49114;7831;3
49115;4568;1
49116;4114;3
49117;6989;6
49118;2275;6
49119;4781;4
49120;1431;6
49121;2724;1
49122;1146;5
49123;1851;5
49124;1426;5
49125;6730;4
49126;1395;3
49127;7191;1
49128;6565;6
49129;2837;7
49130;2780;4
49131;5690;7
49132;3507;3
49133;1629;3
49134;6270;1
49135;3397;7
49136;5122;6
49137;6851;3
49138;1975;5
49139;6013;6
49140;8777;7
49141;7767;3
49142;7392;1
49143;8007;2
49144;3802;4
49145;8481;3
49146;6590;2
49147;4304;5
49148;1224;1
49149;5480;2
49150;1817;6
49151;3561;2
49152;4338;4
49153;4632;6
49154;2984;3
49155;6185;2
49156;6499;7
49157;3195;3
49158;2368;1
49159;6446;4
49160;4297;3
49161;5593;2
49162;8396;3
49163;7050;1
49164;2093;7
49165;6555;2
49166;3624;3
49167;2098;2
49168;1448;6
49169;5391;5
49170;7100;3
49171;2223;2
49172;7809;1
49173;1512;6
49174;8272;7
49175;4939;6
49176;3427;5
49177;6824;3
49178;5770;5
49179;5222;4
49180;4160;3
49181;3694;3
49182;4484;4
49183;5498;5
49184;1028;5
49185;6762;2
49186;7070;7
49187;2624;6
49188;4058;3
49189;8020;7
49190;4120;7
49191;7935;6
49192;5767;6
49193;5481;4
49194;1224;3
49195;5829;7
49196;8472;7
49197;3855;4
49198;1221;6
49199;7073;4
49200;3097;1
49201;3732;7
49202;4809;2
49203;5422;5
49204;5389;3
49205;7423;7
49206;6452;5
49207;3099;2
49208;6029;7
49209;2081;1
49210;7452;3
49211;3215;6
49212;7117;4
49213;1163;7
49214;4206;3
49215;1892;2
49216;5264;1
49217;6923;7
49218;4514;5
49219;7060;3
49220;5076;3
49221;4367;5
49222;1038;3
49223;4833;3
49224;3740;4
49225;1278;4
49226;2599;7
49227;6232;5
49228;1768;4
49229;2543;4
49230;7857;6
49231;6992;1
49232;2770;7
49233;3898;5
49234;3569;5
49235;2059;5
49236;5694;4
49237;7087;4
49238;4580;5
49239;2953;5
49240;3607;6
49241;8739;7
49242;6807;1
49243;4783;7
49244;8959;6
49245;7691;3
49246;3502;4
49247;1210;2
49248;3102;2
49249;4948;7
49250;7334;3
49251;1534;5
49252;5931;5
49253;5557;7
49254;3769;7
49255;7506;5
49256;8886;7
49257;2255;3
49258;5248;7
49259;5943;3
49260;8735;5
49261;6098;3
49262;7556;2
49263;5058;4
49264;3987;2
49265;6909;7
49266;6178;7
49267;4890;5
49268;6523;4
49269;8241;4
49270;7203;3
49271;2008;5
49272;8646;1
49273;5094;7
49274;6160;5
49275;6431;6
49276;8851;4
49277;1477;1
49278;8459;1
49279;5817;2
49280;3006;7
49281;1036;6
49282;5853;5
49283;8446;4
49284;8276;7
49285;3244;6
49286;7446;2
49287;2321;5
49288;1435;7
49289;6767;5
49290;1834;5
49291;4183;1
49292;2590;6
49293;5720;3
49294;4412;4
49295;5334;1
49296;2373;2
49297;4385;3
49298;1104;4
49299;1655;1
49300;1430;5
49301;3162;6
49302;8441;6
49303;7088;6
49304;7031;3
49305;3807;4
49306;7835;7
49307;2711;3
49308;3434;5
49309;4077;4
49310;2283;3
49311;7963;4
49312;8501;1
49313;6124;2
49314;1849;1
49315;6385;3
49316;3860;7
49317;1784;2
49318;4072;3
49319;5332;2
49320;3678;5
49321;1755;4
49322;2098;5
49323;3200;7
49324;8261;1
49325;7642;2
49326;2435;3
49327;2735;4
49328;8737;1
49329;3026;1
49330;2649;7
49331;8206;4
49332;7913;5
49333;4823;2
49334;6495;5
49335;8524;4
49336;3773;1
49337;1498;5
49338;1764;2
49339;5583;2
49340;5884;3
49341;4768;2
49342;4853;1
49343;1727;3
49344;7409;5
49345;7742;4
49346;6337;5
49347;5876;3
49348;7390;4
49349;6334;7
49350;1853;5
49351;1331;7
49352;5527;5
49353;7907;6
49354;8443;1
49355;1534;5
49356;1659;7
49357;5281;4
49358;7859;4
49359;3181;7
49360;1373;3
49361;8295;6
49362;3648;3
49363;6221;4
49364;3732;3
49365;2715;6
49366;3338;4
49367;1698;2
49368;1520;3
49369;6989;7
49370;5941;5
49371;4008;3
49372;4889;7
49373;4355;6
49374;8586;3
49375;5729;5
49376;4225;1
49377;2711;3
49378;7205;2
49379;8999;7
49380;8129;7
49381;5074;5
49382;7681;7
49383;4007;4
49384;5460;1
49385;6446;2
49386;3224;6
49387;2570;2
49388;1905;4
49389;4735;4
49390;4604;4
49391;3171;7
49392;4514;1
49393;3996;6
49394;5203;6
49395;8009;4
49396;8317;1
49397;8753;1
49398;2687;2
49399;3954;2
49400;6304;3
49401;3220;3
49402;2305;6
49403;3989;3
49404;8109;2
49405;5698;4
49406;3678;7
49407;7756;1
49408;5606;7
49409;2882;2
49410;4146;2
49411;4957;5
49412;4782;3
49413;5937;1
49414;7908;7
49415;7747;2
49416;3601;3
49417;3902;4
49418;6876;2
49419;1839;6
49420;1743;1
49421;4245;7
49422;5324;1
49423;7830;7
49424;3012;6
49425;4746;1
49426;8316;6
49427;7143;7
49428;6540;4
49429;2958;7
49430;8181;5
49431;7501;2
49432;3858;2
49433;5685;4
49434;6568;2
49435;4537;6
49436;8563;3
49437;4219;5
49438;3702;4
49439;8794;5
49440;6541;1
49441;7196;5
49442;2193;3
49443;6708;7
49444;1865;4
49445;4778;5
49446;2514;4
49447;2438;7
49448;5709;6
49449;6785;2
49450;8926;3
49451;8393;2
49452;7427;1
49453;1116;1
49454;4489;1
49455;3980;2
49456;5622;2
49457;6408;2
49458;5641;3
49459;2557;4
49460;3125;1
49461;7995;3
49462;5572;7
49463;3382;3
49464;2683;4
49465;1445;3
49466;8676;2
49467;8210;1
49468;2979;1
49469;5368;7
49470;3040;2
49471;8534;2
49472;4186;1
49473;1181;1
49474;1940;3
49475;7877;5
49476;8400;7
49477;8708;6
49478;7972;7
49479;6138;4
49480;4961;3
49481;6225;6
49482;1928;2
49483;6201;6
49484;3795;1
49485;4979;4
49486;1598;4
49487;5218;4
49488;3059;1
49489;2237;7
49490;7165;6
49491;1784;2
49492;7653;4
49493;6224;6
49494;6010;5
49495;7610;7
49496;5274;4
49497;6210;5
49498;7258;6
49499;2698;2
49500;8060;1
49501;6023;7
49502;5888;1
49503;7456;1
49504;5142;3
49505;4088;2
49506;8555;2
49507;2187;3
49508;8767;4
49509;2517;7
49510;3831;4
49511;2136;1
49512;5118;2
49513;7184;2
49514;7727;6
49515;8563;5
49516;4303;1
49517;6395;5
49518;4875;3
49519;7299;4
49520;5540;3
49521;8031;5
49522;8756;6
49523;6163;5
49524;7569;2
49525;2241;2
49526;2906;4
49527;4087;4
49528;4239;5
49529;7232;7
49530;1870;3
49531;4775;1
49532;6094;4
49533;3304;7
49534;1930;7
49535;1272;3
49536;5411;2
49537;8312;6
49538;4578;6
49539;6862;3
49540;1971;3
49541;7816;2
49542;4750;2
49543;7759;4
49544;2752;7
49545;6584;5
49546;1240;5
49547;8392;6
49548;2722;3
49549;1792;1
49550;4604;2
49551;7037;1
49552;6024;4
49553;5020;3
49554;1189;5
49555;1866;6
49556;5127;2
49557;6530;2
49558;8501;3
49559;8413;6
49560;3556;1
49561;3062;3
49562;5163;7
49563;4966;3
49564;8533;2
49565;6599;4
49566;4533;6
49567;3566;4
49568;4145;3
49569;8585;7
49570;3772;4
49571;5946;5
49572;2903;2
49573;8024;6
49574;2773;6
49575;8356;5
49576;7951;5
49577;1883;6
49578;5329;6
49579;3182;3
49580;7329;3
49581;4810;6
49582;1952;5
49583;4472;6
49584;5262;1
49585;1401;5
49586;2919;4
49587;2736;1
49588;2083;5
49589;8439;7
49590;8867;6
49591;5474;3
49592;5634;4
49593;6270;7
49594;5263;2
49595;3500;1
49596;8466;7
49597;6586;7
49598;1089;7
49599;2309;3
49600;2139;3
49601;1082;7
49602;3793;3
49603;4324;2
49604;4311;1
49605;1588;1
49606;8891;1
49607;5217;2
49608;6684;7
49609;6046;2
49610;2434;4
49611;7513;3
49612;6093;5
49613;7035;3
49614;3733;6
49615;5504;7
49616;2427;5
49617;8682;4
49618;8646;2
49619;1335;7
49620;2925;3
49621;2947;7
49622;7658;2
49623;7552;7
49624;5742;7
49625;6833;1
49626;7406;1
49627;7847;2
49628;3276;3
49629;6364;6
49630;5931;3
49631;4504;6
49632;6979;5
49633;6231;1
49634;8342;4
49635;6895;6
49636;1218;6
49637;2656;5
49638;1480;6
49639;5317;4
49640;5973;5
49641;4758;5
49642;7572;2
49643;2807;1
49644;3438;5
49645;5544;2
49646;2823;1
49647;5158;2
49648;3249;6
49649;5923;7
49650;4418;2
49651;1447;6
49652;5834;6
49653;6154;1
49654;4475;3
49655;5263;6
49656;6210;1
49657;5319;7
49658;7262;5
49659;1836;7
49660;1970;3
49661;8625;3
49662;8855;1
49663;3558;7
49664;6442;6
49665;4377;1
49666;5926;2
49667;7190;2
49668;2054;5
49669;1368;2
49670;8996;2
49671;6422;4
49672;7067;7
49673;4785;7
49674;6548;4
49675;4295;3
49676;6574;3
49677;1602;2
49678;3203;6
49679;2855;6
49680;1699;5
49681;8149;4
49682;2341;6
49683;3201;5
49684;6070;3
49685;4551;2
49686;6868;1
49687;7217;6
49688;1168;4
49689;2333;2
49690;5114;7
49691;8100;5
49692;4446;6
49693;4130;5
49694;6173;5
49695;2427;1
49696;5560;5
49697;7347;2
49698;8355;3
49699;4001;3
49700;2172;4
49701;8588;7
49702;5204;7
49703;2795;2
49704;1168;4
49705;6717;1
49706;7352;2
49707;5033;4
49708;1178;4
49709;6786;4
49710;6857;3
49711;5118;1
49712;4659;2
49713;4052;6
49714;3219;5
49715;2289;3
49716;8010;7
49717;6022;1
49718;3312;5
49719;3895;5
49720;2592;4
49721;2605;5
49722;2286;2
49723;5156;3
49724;4664;3
49725;4711;3
49726;2313;4
49727;7783;4
49728;8152;4
49729;5154;5
49730;3460;1
49731;4821;6
49732;8406;6
49733;3728;1
49734;4040;2
49735;5469;2
49736;2442;7
49737;4747;5
49738;7608;4
49739;4012;2
49740;2533;1
49741;2396;2
49742;1256;3
49743;7712;7
49744;5372;2
49745;2409;1
49746;5010;4
49747;1618;6
49748;6771;4
49749;2937;7
49750;3998;3
49751;4418;7
49752;5819;3
49753;3242;4
49754;3791;4
49755;3897;7
49756;4309;5
49757;1274;6
49758;6973;7
49759;1511;4
49760;8365;6
49761;8299;2
49762;7132;3
49763;6951;7
49764;1250;4
49765;4928;3
49766;4699;6
49767;1284;3
49768;6371;7
49769;7787;7
49770;5735;4
49771;4816;3
49772;1466;2
49773;4874;3
49774;6999;3
49775;4578;3
49776;6862;6
49777;6233;6
49778;2847;7
49779;1668;6
49780;7964;5
49781;4732;4
49782;3236;3
49783;5436;5
49784;5740;5
49785;7604;7
49786;2314;3
49787;5260;3
49788;3822;6
49789;6949;3
49790;4361;7
49791;5843;7
49792;7728;3
49793;4813;7
49794;4199;2
49795;6400;3
49796;3247;3
49797;4358;5
49798;6961;5
49799;1693;2
49800;4524;5
49801;8818;3
49802;2038;2
49803;4038;5
49804;1772;3
49805;7297;2
49806;8712;6
49807;3442;1
49808;6167;3
49809;7615;1
49810;7435;4
49811;8253;4
49812;6249;1
49813;4136;7
49814;4189;3
49815;5443;5
49816;7394;1
49817;8914;5
49818;5666;7
49819;3853;6
49820;3351;5
49821;7655;6
49822;6792;5
49823;5016;6
49824;4657;5
49825;2775;6
49826;3521;7
49827;8520;6
49828;4452;4
49829;2136;6
49830;8820;7
49831;8203;5
49832;7245;2
49833;7181;5
49834;5331;4
49835;8718;1
49836;3368;2
49837;4272;5
49838;8462;3
49839;1051;6
49840;8166;4
49841;2865;4
49842;4101;5
49843;5510;5
49844;2543;1
49845;1566;2
49846;6898;7
49847;5138;2
49848;6999;2
49849;6302;1
49850;7037;6
49851;1462;4
49852;8810;4
49853;6413;3
49854;4127;6
49855;7263;5
49856;3496;6
49857;5344;4
49858;3087;5
49859;4148;2
49860;4680;1
49861;7867;6
49862;8141;5
49863;6970;5
49864;2730;7
49865;8760;3
49866;6812;7
49867;4146;5
49868;7333;1
49869;1482;6
49870;7120;7
49871;7230;2
49872;5534;1
49873;3630;2
49874;4610;4
49875;4507;5
49876;3206;2
49877;3721;7
49878;3715;2
49879;6720;1
49880;1657;3
49881;1100;7
49882;5185;2
49883;6663;1
49884;5621;1
49885;8915;3
49886;7879;6
49887;7969;6
49888;5870;7
49889;2362;3
49890;5037;2
49891;8959;3
49892;5644;5
49893;8723;5
49894;7562;3
49895;4417;4
49896;6910;6
49897;7468;5
49898;3165;3
49899;6477;4
49900;2703;5
49901;2593;7
49902;2681;7
49903;8893;2
49904;3310;1
49905;4913;4
49906;5471;3
49907;3162;5
49908;7021;7
49909;1054;2
49910;1614;4
49911;7943;7
49912;3059;3
49913;1254;6
49914;4239;4
49915;3427;6
49916;8521;4
49917;1320;4
49918;5587;1
49919;2831;5
49920;3611;2
49921;1138;1
49922;1818;5
49923;7512;1
49924;1758;7
49925;2317;4
49926;8828;4
49927;6156;2
49928;3696;4
49929;7424;3
49930;5972;7
49931;8791;3
49932;3072;1
49933;7511;7
49934;8450;1
49935;2496;1
49936;5280;6
49937;5897;1
49938;8760;6
49939;6815;1
49940;3049;4
49941;7673;5
49942;3056;5
49943;2571;5
49944;1496;5
49945;3981;4
49946;2964;1
49947;7434;5
49948;6370;6
49949;3575;6
49950;4179;6
49951;8310;4
49952;4886;6
49953;4987;3
49954;1654;1
49955;2066;3
49956;6045;5
49957;2695;6
49958;6537;7
49959;4268;2
49960;8593;1
49961;6970;5
49962;7040;2
49963;8999;4
49964;6582;2
49965;2074;7
49966;3909;3
49967;5551;1
49968;4525;3
49969;7151;4
49970;2161;3
49971;1545;1
49972;6971;3
49973;1649;5
49974;7125;3
49975;6141;7
49976;5194;3
49977;6561;3
49978;7853;2
49979;2225;4
49980;6547;7
49981;2977;6
49982;8219;4
49983;2443;2
49984;7671;7
49985;8716;7
49986;4443;3
49987;1315;5
49988;7712;2
49989;6388;6
49990;4837;2
49991;3369;4
49992;3402;1
49993;3202;4
49994;1194;7
49995;7111;1
49996;8430;6
49997;8478;5
49998;6282;2
49999;7970;4
50000;8153;2
50001;4100;3
50002;7863;3
50003;8790;6
50004;4067;6
50005;4944;7
50006;7347;3
50007;1310;4
50008;5226;3
50009;1342;2
50010;3527;6
50011;8243;2
50012;7373;1
50013;4453;4
50014;1314;2
50015;6323;4
50016;2864;5
50017;7885;2
50018;1391;2
50019;4236;2
50020;8689;4
50021;1888;1
50022;7255;2
50023;2896;7
50024;2620;7
50025;7893;7
50026;8164;4
50027;1838;1
50028;4531;4
50029;6075;2
50030;7334;4
50031;6411;4
50032;6378;7
50033;7848;4
50034;5517;7
50035;1039;3
50036;7180;4
50037;8557;5
50038;2305;5
50039;5484;7
50040;5149;2
50041;2819;7
50042;1937;7
50043;5355;4
50044;4867;1
50045;6608;2
50046;4466;3
50047;2451;6
50048;2423;6
50049;4258;2
50050;5662;6
50051;6933;6
50052;7042;1
50053;3486;1
50054;7860;7
50055;1131;2
50056;6036;6
50057;6810;6
50058;4534;1
50059;1108;4
50060;8943;6
50061;4225;7
50062;2997;7
50063;8804;1
50064;7855;7
50065;2149;5
50066;2408;5
50067;7054;5
50068;1442;5
50069;1285;1
50070;3770;6
50071;8262;5
50072;4926;4
50073;4853;7
50074;1912;4
50075;7134;4
50076;8687;5
50077;1153;1
50078;6139;5
50079;6762;1
50080;2687;6
50081;5504;5
50082;8888;7
50083;3448;6
50084;6575;7
50085;5236;4
50086;7000;6
50087;2782;1
50088;5174;4
50089;5670;2
50090;1215;4
50091;8174;1
50092;8160;1
50093;5981;6
50094;4946;5
50095;1777;5
50096;3316;6
50097;7558;6
50098;2009;5
50099;3796;5
50100;7702;4
50101;8053;1
50102;4927;6
50103;1420;6
50104;7094;3
50105;8021;2
50106;7293;5
50107;7376;3
50108;5810;4
50109;7589;4
50110;2775;7
50111;4254;1
50112;1668;4
50113;4076;3
50114;5996;5
50115;1591;3
50116;5255;5
50117;4710;5
50118;3364;6
50119;4135;3
50120;5958;3
50121;3764;1
50122;7689;4
50123;8644;2
50124;4011;5
50125;4939;7
50126;2523;6
50127;5593;4
50128;2109;6
50129;8119;5
50130;6271;3
50131;8635;1
50132;6420;6
50133;4767;6
50134;1123;5
50135;1972;1
50136;7149;3
50137;3595;4
50138;7910;4
50139;7722;6
50140;8101;3
50141;6518;1
50142;8899;7
50143;6652;2
50144;3359;5
50145;6164;6
50146;4659;4
50147;3243;5
50148;3472;5
50149;6790;2
50150;3493;6
50151;1627;6
50152;5879;2
50153;2583;7
50154;2184;5
50155;3442;5
50156;8318;7
50157;1527;3
50158;6286;1
50159;4014;5
50160;1829;3
50161;6265;2
50162;7033;2
50163;5439;5
50164;5647;1
50165;4890;1
50166;2378;3
50167;3321;7
50168;1704;5
50169;6439;2
50170;6118;7
50171;6408;7
50172;6891;7
50173;6090;7
50174;8399;4
50175;1917;4
50176;3181;6
50177;4682;1
50178;7957;5
50179;4348;4
50180;2210;3
50181;7076;2
50182;5168;5
50183;1573;5
50184;5238;7
50185;5137;7
50186;5303;1
50187;3975;7
50188;3554;3
50189;7731;4
50190;2948;4
50191;8424;7
50192;6531;2
50193;2712;7
50194;2831;2
50195;6892;2
50196;8103;3
50197;2292;6
50198;4270;5
50199;3843;6
50200;1452;3
50201;2009;2
50202;6415;3
50203;7316;6
50204;7287;6
50205;6297;3
50206;1753;7
50207;1237;3
50208;7258;6
50209;3454;1
50210;2043;1
50211;4190;4
50212;7097;2
50213;5861;6
50214;2219;4
50215;6076;7
50216;7949;2
50217;7143;7
50218;4551;3
50219;2240;5
50220;6503;4
50221;8477;3
50222;7053;3
50223;6110;5
50224;4542;2
50225;7748;5
50226;1341;4
50227;2940;7
50228;6194;3
50229;8601;7
50230;6814;2
50231;1613;6
50232;1696;6
50233;4895;7
50234;2642;2
50235;7520;3
50236;6903;3
50237;4507;6
50238;1043;2
50239;8198;6
50240;1678;2
50241;6531;3
50242;8721;6
50243;7958;7
50244;1755;6
50245;3034;2
50246;8669;5
50247;5166;6
50248;6104;7
50249;3184;2
50250;1404;2
50251;5207;2
50252;3663;3
50253;8711;2
50254;7627;4
50255;5105;5
50256;1776;1
50257;6459;5
50258;4925;3
50259;6563;4
50260;4109;6
50261;7739;7
50262;4456;4
50263;3865;6
50264;6021;2
50265;5106;3
50266;1064;1
50267;6750;2
50268;1646;7
50269;4515;2
50270;6120;6
50271;1463;6
50272;2017;5
50273;5009;6
50274;6922;3
50275;4157;7
50276;2518;1
50277;5006;7
50278;4635;4
50279;8138;5
50280;7149;3
50281;6326;1
50282;6838;6
50283;5482;6
50284;1429;3
50285;6781;2
50286;4868;2
50287;7833;3
50288;2712;7
50289;3076;7
50290;6250;5
50291;2731;4
50292;7481;5
50293;1005;6
50294;4785;3
50295;4425;4
50296;3818;4
50297;2432;6
50298;1627;1
50299;8376;7
50300;1889;6
50301;1877;6
50302;8675;7
50303;5933;4
50304;6660;5
50305;6884;1
50306;6726;4
50307;3427;6
50308;5710;4
50309;3895;1
50310;4007;4
50311;4074;7
50312;6778;3
50313;2408;2
50314;7050;2
50315;1920;3
50316;1822;6
50317;5492;3
50318;3707;1
50319;1312;3
50320;3063;1
50321;1853;7
50322;8728;4
50323;5124;5
50324;5147;2
50325;1076;7
50326;8404;4
50327;7628;6
50328;6560;2
50329;4438;1
50330;7500;1
50331;1480;1
50332;8946;1
50333;6473;5
50334;6326;6
50335;1889;7
50336;1395;4
50337;5289;1
50338;6390;7
50339;4131;1
50340;5585;4
50341;7004;2
50342;1931;2
50343;1426;2
50344;7322;2
50345;3138;3
50346;8399;1
50347;2088;7
50348;1401;3
50349;4987;1
50350;6749;7
50351;3578;2
50352;1607;6
50353;4073;5
50354;4863;1
50355;6086;5
50356;8569;5
50357;6307;1
50358;1505;6
50359;5576;1
50360;2125;5
50361;2489;7
50362;6001;5
50363;5435;5
50364;4126;5
50365;3374;2
50366;1590;6
50367;2759;3
50368;5396;1
50369;4788;1
50370;7973;3
50371;4450;1
50372;5915;5
50373;5231;5
50374;8987;2
50375;8715;2
50376;4462;7
50377;1522;4
50378;5467;2
50379;5541;2
50380;6453;6
50381;7141;1
50382;3763;5
50383;6553;6
50384;4753;3
50385;8728;5
50386;2680;4
50387;1261;4
50388;2560;2
50389;3733;5
50390;2271;2
50391;4922;4
50392;2097;1
50393;4512;1
50394;4489;5
50395;3430;1
50396;7305;3
50397;4365;2
50398;1447;6
50399;4473;5
50400;4329;3
50401;6358;5
50402;5161;6
50403;5342;6
50404;3986;7
50405;1455;1
50406;3691;6
50407;7821;4
50408;5296;2
50409;7502;2
50410;5872;6
50411;8998;2
50412;8391;3
50413;2197;6
50414;2406;3
50415;2949;7
50416;8554;4
50417;6483;7
50418;5202;7
50419;5424;5
50420;3962;5
50421;7134;2
50422;7919;6
50423;6081;4
50424;4497;7
50425;1369;1
50426;8644;2
50427;8789;7
50428;6715;2
50429;4208;3
50430;1828;4
50431;7198;5
50432;8218;4
50433;7663;2
50434;2796;6
50435;2278;5
50436;6587;6
50437;6967;4
50438;4639;5
50439;1733;3
50440;8188;1
50441;4084;5
50442;4189;7
50443;5352;6
50444;7428;2
50445;5957;6
50446;4145;3
50447;3683;4
50448;2894;1
50449;6668;2
50450;1275;5
50451;4637;6
50452;7655;6
50453;7094;5
50454;1446;5
50455;5742;7
50456;1586;4
50457;2978;7
50458;2968;4
50459;4994;5
50460;8295;1
50461;7511;4
50462;4146;3
50463;5915;5
50464;8382;6
50465;7022;7
50466;5961;1
50467;3721;2
50468;7606;7
50469;6471;7
50470;1034;6
50471;5797;4
50472;6692;2
50473;3056;2
50474;3426;6
50475;5475;7
50476;4145;3
50477;7955;2
50478;1998;2
50479;4656;5
50480;8401;5
50481;8321;7
50482;2613;1
50483;8647;4
50484;5986;1
50485;6093;7
50486;3358;3
50487;3727;1
50488;6716;6
50489;3489;2
50490;7508;1
50491;5009;4
50492;2122;2
50493;2551;7
50494;4318;1
50495;3011;2
50496;3085;3
50497;1975;3
50498;2828;5
50499;6137;3
50500;4368;1
50501;4353;7
50502;4902;3
50503;7759;6
50504;4891;5
50505;2122;1
50506;4265;6
50507;2187;6
50508;5838;5
50509;2959;1
50510;5610;1
50511;5461;6
50512;8263;1
50513;3581;4
50514;6369;6
50515;7513;6
50516;2237;5
50517;1359;1
50518;5499;3
50519;2425;5
50520;8232;4
50521;2222;4
50522;5907;5
50523;1600;4
50524;8741;5
50525;3957;2
50526;3498;5
50527;8244;2
50528;7505;2
50529;4494;3
50530;1236;5
50531;6675;4
50532;6364;7
50533;5665;2
50534;3429;5
50535;4771;5
50536;7980;4
50537;1487;2
50538;3257;5
50539;1148;7
50540;1409;7
50541;3097;5
50542;6062;5
50543;2403;5
50544;6107;2
50545;3992;5
50546;8229;1
50547;5538;7
50548;4321;7
50549;4342;4
50550;4597;3
50551;5563;3
50552;6526;4
50553;4351;1
50554;6017;7
50555;2893;2
50556;2592;7
50557;2982;2
50558;8765;1
50559;3485;3
50560;7429;2
50561;4269;2
50562;3463;5
50563;1787;3
50564;8378;7
50565;7389;6
50566;2768;3
50567;2986;4
50568;7929;5
50569;4216;1
50570;8518;1
50571;6062;2
50572;8078;1
50573;3436;2
50574;5949;2
50575;4397;6
50576;6223;2
50577;1480;4
50578;7281;2
50579;1985;3
50580;4651;7
50581;8234;5
50582;1116;1
50583;8839;5
50584;4373;4
50585;7638;6
50586;5988;6
50587;2334;2
50588;5175;7
50589;5394;3
50590;1534;7
50591;3130;2
50592;1294;7
50593;7378;5
50594;2172;6
50595;6964;6
50596;8915;5
50597;2767;5
50598;1400;1
50599;2524;6
50600;4161;6
50601;8144;7
50602;5361;4
50603;6671;3
50604;2829;2
50605;4188;1
50606;5155;4
50607;3563;5
50608;6337;1
50609;8564;4
50610;2829;7
50611;4541;6
50612;2457;6
50613;3934;4
50614;6038;6
50615;2890;3
50616;6692;3
50617;3016;7
50618;4305;3
50619;8340;2
50620;2005;5
50621;7999;4
50622;4526;2
50623;4771;1
50624;1453;3
50625;3025;2
50626;6424;7
50627;6048;3
50628;1337;7
50629;7696;6
50630;7561;2
50631;7666;4
50632;6231;5
50633;8105;2
50634;5143;4
50635;3384;4
50636;7912;4
50637;2236;4
50638;2727;7
50639;7092;1
50640;2930;6
50641;7860;7
50642;2668;6
50643;3426;6
50644;5006;6
50645;5614;7
50646;4921;5
50647;6444;3
50648;6679;4
50649;4591;3
50650;8147;3
50651;1353;3
50652;6728;4
50653;5637;2
50654;2074;4
50655;6564;4
50656;6383;1
50657;3351;4
50658;1087;2
50659;7530;1
50660;6119;7
50661;1801;6
50662;1480;5
50663;5291;1
50664;4356;1
50665;7085;3
50666;8342;7
50667;2305;2
50668;4455;1
50669;5342;3
50670;1464;7
50671;6300;7
50672;7253;5
50673;7820;1
50674;2576;4
50675;1715;5
50676;8200;6
50677;5264;1
50678;1402;6
50679;2386;4
50680;5825;2
50681;2403;7
50682;7663;1
50683;8574;7
50684;2130;7
50685;7269;5
50686;7692;5
50687;2144;6
50688;5897;4
50689;4626;3
50690;1763;6
50691;8574;4
50692;1281;7
50693;2596;4
50694;1087;7
50695;2061;7
50696;1441;7
50697;4459;7
50698;7481;7
50699;3378;2
50700;8500;1
50701;7692;2
50702;5313;1
50703;4854;3
50704;7669;5
50705;7473;1
50706;3775;5
50707;1683;6
50708;5262;1
50709;7274;1
50710;5001;7
50711;3753;7
50712;3900;7
50713;2116;6
50714;5882;6
50715;1519;1
50716;4825;2
50717;6188;4
50718;8573;4
50719;1371;2
50720;7836;6
50721;6167;4
50722;5949;1
50723;7792;4
50724;5195;2
50725;3186;2
50726;7257;1
50727;7900;6
50728;3992;7
50729;4409;1
50730;8964;6
50731;1504;6
50732;7501;5
50733;2077;5
50734;7186;5
50735;2005;6
50736;1480;7
50737;3252;5
50738;2753;6
50739;3442;2
50740;7394;5
50741;8149;4
50742;3757;2
50743;3328;7
50744;7655;4
50745;1324;7
50746;5371;5
50747;3098;6
50748;4945;5
50749;3897;4
50750;1601;5
50751;1692;3
50752;3434;3
50753;1425;4
50754;7158;7
50755;5023;1
50756;4806;4
50757;6900;4
50758;5441;1
50759;7176;5
50760;6691;1
50761;3353;7
50762;5702;7
50763;2603;4
50764;4553;6
50765;6617;3
50766;7031;2
50767;6745;6
50768;3431;7
50769;1914;7
50770;7521;2
50771;5260;7
50772;1496;6
50773;2017;7
50774;6946;6
50775;4682;7
50776;2594;2
50777;7460;4
50778;8237;3
50779;1407;7
50780;1017;4
50781;6622;1
50782;2049;4
50783;1948;7
50784;3359;4
50785;8379;4
50786;3665;7
50787;6995;2
50788;2060;2
50789;7201;1
50790;7424;1
50791;8740;7
50792;7182;7
50793;6869;6
50794;8705;7
50795;2909;7
50796;6243;3
50797;4316;7
50798;2549;1
50799;5352;5
50800;2548;6
50801;4190;3
50802;5252;1
50803;8918;7
50804;6876;7
50805;2289;7
50806;4688;6
50807;6296;3
50808;6402;6
50809;3251;1
50810;6328;1
50811;2027;2
50812;4982;7
50813;5944;5
50814;5109;6
50815;5729;3
50816;6268;6
50817;7498;2
50818;5779;4
50819;5916;7
50820;3941;3
50821;7388;5
50822;1799;5
50823;7704;4
50824;6210;1
50825;2533;5
50826;5301;2
50827;1070;7
50828;1889;1
50829;3365;5
50830;2117;1
50831;1189;5
50832;5658;4
50833;1880;1
50834;2301;5
50835;5412;2
50836;8998;4
50837;1566;6
50838;5862;1
50839;3574;6
50840;3477;4
50841;4337;1
50842;1702;5
50843;6894;4
50844;4799;7
50845;8235;6
50846;4193;6
50847;4638;2
50848;3290;3
50849;7158;5
50850;7843;7
50851;6502;5
50852;8551;7
50853;1710;1
50854;3450;2
50855;2447;1
50856;6667;6
50857;6229;6
50858;4003;7
50859;2551;3
50860;2272;6
50861;2036;4
50862;2472;1
50863;6211;5
50864;8084;6
50865;7789;3
50866;5669;3
50867;4489;6
50868;6711;1
50869;3329;2
50870;2535;2
50871;2589;6
50872;1949;3
50873;6635;2
50874;6632;6
50875;6080;3
50876;1841;4
50877;7698;3
50878;8066;7
50879;4760;4
50880;8995;3
50881;7819;1
50882;4152;4
50883;8473;7
50884;8740;7
50885;4923;4
50886;6725;7
50887;2606;7
50888;6838;5
50889;5374;6
50890;5433;7
50891;7852;6
50892;3253;5
50893;7668;3
50894;7015;3
50895;2568;2
50896;3384;6
50897;1117;1
50898;6508;1
50899;2016;5
50900;1785;4
50901;7984;2
50902;7090;6
50903;7566;1
50904;3196;3
50905;7999;3
50906;3861;5
50907;8421;2
50908;2128;1
50909;7710;1
50910;7661;5
50911;1436;6
50912;3544;1
50913;7982;1
50914;4450;5
50915;1726;1
50916;2153;1
50917;5341;7
50918;6982;3
50919;8222;1
50920;3663;7
50921;2063;6
50922;3752;3
50923;3145;3
50924;1264;1
50925;3152;3
50926;6366;2
50927;1470;4
50928;1144;7
50929;1073;6
50930;1797;5
50931;6857;3
50932;2847;1
50933;6077;6
50934;4245;1
50935;8504;2
50936;3911;1
50937;1611;7
50938;6513;2
50939;3088;1
50940;4165;3
50941;5904;1
50942;1571;5
50943;5057;5
50944;1294;6
50945;3969;1
50946;8940;5
50947;7537;7
50948;6446;3
50949;8465;1
50950;2228;2
50951;5920;4
50952;4605;2
50953;8922;4
50954;2280;4
50955;2954;5
50956;1372;1
50957;7099;1
50958;1418;1
50959;4263;7
50960;3505;2
50961;2635;2
50962;6273;5
50963;5356;7
50964;7256;6
50965;7363;5
50966;7052;3
50967;2824;3
50968;5471;3
50969;1076;6
50970;3554;4
50971;2140;4
50972;5953;3
50973;3426;2
50974;1722;2
50975;5771;1
50976;6064;6
50977;3262;4
50978;8492;1
50979;7145;1
50980;5021;7
50981;2260;5
50982;4048;1
50983;5077;4
50984;7301;4
50985;6670;7
50986;2842;2
50987;4408;4
50988;2014;4
50989;7224;5
50990;4730;1
50991;4400;7
50992;1491;2
50993;3032;3
50994;3663;7
50995;2081;3
50996;5024;4
50997;7166;5
50998;4394;6
50999;2292;5
51000;1644;5
51001;2746;5
51002;7452;5
51003;6193;2
51004;5902;4
51005;7401;5
51006;6868;3
51007;8782;5
51008;7721;6
51009;3133;6
51010;7333;5
51011;3039;2
51012;1512;6
51013;1114;5
51014;6754;6
51015;7873;7
51016;4116;5
51017;3030;1
51018;1311;1
51019;7159;5
51020;1263;1
51021;4235;2
51022;7108;6
51023;4953;6
51024;7176;3
51025;7726;7
51026;4694;2
51027;8099;7
51028;7682;4
51029;5742;6
51030;7369;3
51031;1776;6
51032;2379;4
51033;6525;2
51034;1827;1
51035;2266;4
51036;2992;2
51037;3942;2
51038;6756;5
51039;5644;5
51040;8562;4
51041;3612;6
51042;3319;4
51043;8787;7
51044;8835;3
51045;1739;5
51046;7307;7
51047;6089;2
51048;4891;3
51049;7206;3
51050;6856;6
51051;1569;7
51052;8087;5
51053;8424;4
51054;1679;7
51055;2795;1
51056;2325;2
51057;2459;7
51058;6602;4
51059;2753;7
51060;1506;1
51061;5214;7
51062;7827;2
51063;5150;7
51064;5935;4
51065;5345;4
51066;6971;3
51067;7730;1
51068;6915;7
51069;4225;2
51070;1460;7
51071;4415;3
51072;2047;2
51073;4838;1
51074;1688;4
51075;4653;3
51076;7880;5
51077;7007;6
51078;1446;7
51079;4997;1
51080;5005;1
51081;1916;1
51082;6757;6
51083;6580;7
51084;1900;1
51085;1607;4
51086;7233;4
51087;3765;4
51088;4668;7
51089;6286;6
51090;6680;1
51091;8793;4
51092;2221;1
51093;5459;7
51094;1656;3
51095;8907;2
51096;3696;7
51097;4807;7
51098;2286;1
51099;4082;6
51100;8094;4
51101;2740;7
51102;7059;7
51103;3604;5
51104;8439;3
51105;7105;6
51106;3547;5
51107;1845;7
51108;2176;4
51109;5243;3
51110;4149;3
51111;2888;2
51112;5215;3
51113;6752;3
51114;3201;1
51115;8455;5
51116;3208;5
51117;6455;1
51118;7315;4
51119;3168;2
51120;2025;4
51121;8610;6
51122;2320;7
51123;2336;6
51124;4636;6
51125;6159;7
51126;4879;4
51127;1309;1
51128;2794;2
51129;8902;4
51130;6438;7
51131;4354;5
51132;4106;2
51133;7931;5
51134;8211;6
51135;3517;7
51136;1155;5
51137;3408;6
51138;5579;7
51139;7562;5
51140;1567;6
51141;1150;2
51142;2415;6
51143;6740;1
51144;4549;2
51145;3776;1
51146;3952;7
51147;8062;6
51148;2824;3
51149;8211;6
51150;2288;2
51151;7955;4
51152;2364;3
51153;4158;6
51154;5853;3
51155;4981;7
51156;5068;4
51157;7265;6
51158;7788;2
51159;1423;1
51160;7322;5
51161;3751;2
51162;2139;7
51163;5838;6
51164;4549;6
51165;3885;1
51166;1497;5
51167;6265;3
51168;4581;5
51169;6617;5
51170;8642;2
51171;5773;1
51172;8871;7
51173;1813;5
51174;6967;1
51175;6704;2
51176;4142;5
51177;8193;1
51178;6310;5
51179;3309;6
51180;6788;7
51181;2731;3
51182;8080;2
51183;6497;4
51184;6773;7
51185;6796;3
51186;2561;4
51187;2143;3
51188;7713;1
51189;2134;6
51190;7767;7
51191;5371;7
51192;6430;2
51193;6350;1
51194;7637;7
51195;1052;5
51196;3775;7
51197;1349;7
51198;8094;4
51199;2363;5
51200;3182;4
51201;3038;5
51202;6969;2
51203;2462;4
51204;1929;7
51205;8841;1
51206;4735;7
51207;8103;6
51208;5468;2
51209;8802;1
51210;2876;7
51211;1595;3
51212;1260;7
51213;7527;5
51214;3894;1
51215;6845;4
51216;3869;5
51217;3370;5
51218;6226;5
51219;3714;1
51220;6239;6
51221;7596;2
51222;1499;4
51223;5425;4
51224;3365;4
51225;2437;2
51226;6973;3
51227;1229;3
51228;8040;3
51229;8968;6
51230;2485;6
51231;6056;6
51232;3166;3
51233;2774;1
51234;7476;2
51235;5871;6
51236;5426;4
51237;3790;5
51238;5202;3
51239;1326;6
51240;6622;6
51241;6000;6
51242;3132;3
51243;2369;7
51244;1770;4
51245;8824;1
51246;7939;7
51247;7866;6
51248;1687;7
51249;5371;3
51250;2892;7
51251;2902;2
51252;6734;3
51253;6365;5
51254;3069;1
51255;8282;4
51256;4792;7
51257;6158;7
51258;5412;2
51259;7440;2
51260;7764;3
51261;1028;4
51262;3958;4
51263;5838;7
51264;2154;7
51265;2815;7
51266;3845;5
51267;3357;3
51268;5771;3
51269;8811;5
51270;8990;4
51271;6170;4
51272;4117;5
51273;5471;4
51274;5562;5
51275;6987;3
51276;8024;6
51277;1379;5
51278;6187;3
51279;5135;1
51280;8478;7
51281;5522;6
51282;2975;5
51283;2510;5
51284;2419;2
51285;4493;6
51286;3655;3
51287;3171;7
51288;2333;4
51289;1506;5
51290;1593;3
51291;6027;5
51292;5518;1
51293;4161;1
51294;7990;3
51295;6397;5
51296;7514;3
51297;6213;7
51298;7077;7
51299;1277;2
51300;3183;7
51301;7304;4
51302;6694;3
51303;3292;4
51304;5285;5
51305;7703;4
51306;2865;6
51307;4992;6
51308;2226;4
51309;7470;6
51310;6634;2
51311;5708;1
51312;2982;4
51313;1651;2
51314;6695;6
51315;5999;7
51316;4034;5
51317;1199;6
51318;8170;6
51319;1312;4
51320;5787;7
51321;1356;2
51322;2254;3
51323;5045;5
51324;6152;3
51325;4126;2
51326;4984;6
51327;5327;5
51328;2388;4
51329;5836;6
51330;1059;3
51331;5188;4
51332;3896;1
51333;1695;1
51334;2120;2
51335;7056;6
51336;4960;7
51337;2388;3
51338;7193;3
51339;7061;4
51340;5055;4
51341;5286;1
51342;5192;7
51343;4788;3
51344;3118;1
51345;3120;2
51346;7519;2
51347;6320;7
51348;2582;1
51349;7427;3
51350;6320;1
51351;8673;7
51352;2387;2
51353;8638;6
51354;3042;1
51355;5136;6
51356;2678;6
51357;1319;2
51358;3871;4
51359;4589;7
51360;1367;4
51361;5444;4
51362;6392;5
51363;1426;6
51364;2024;6
51365;1252;6
51366;1576;5
51367;4450;4
51368;1712;2
51369;7783;3
51370;6569;6
51371;4675;1
51372;2593;7
51373;5327;7
51374;4223;4
51375;3412;3
51376;1301;4
51377;5007;5
51378;3798;4
51379;8948;3
51380;6207;4
51381;4947;6
51382;3672;7
51383;3400;3
51384;4318;7
51385;2623;4
51386;2318;4
51387;7629;3
51388;6564;5
51389;7809;7
51390;3796;4
51391;2516;4
51392;7663;1
51393;4924;3
51394;2818;6
51395;5432;6
51396;4443;6
51397;1783;6
51398;6247;5
51399;6713;1
51400;6289;7
51401;4329;3
51402;5119;6
51403;5520;5
51404;8709;3
51405;4761;2
51406;6288;6
51407;3393;4
51408;1152;5
51409;4155;5
51410;2689;1
51411;1483;4
51412;3620;5
51413;2011;7
51414;8769;2
51415;5672;3
51416;1954;6
51417;8496;3
51418;8665;4
51419;1426;1
51420;5516;4
51421;3797;1
51422;8756;2
51423;2525;7
51424;6187;3
51425;4060;1
51426;7799;1
51427;8646;7
51428;6347;5
51429;3670;1
51430;2156;5
51431;5354;6
51432;3215;4
51433;1036;4
51434;6942;3
51435;6080;7
51436;1264;3
51437;1842;4
51438;2377;5
51439;5004;1
51440;8427;7
51441;7289;7
51442;1507;6
51443;5074;2
51444;4788;2
51445;7665;5
51446;6510;1
51447;5911;5
51448;6126;1
51449;8531;2
51450;5700;7
51451;6320;2
51452;6305;1
51453;4876;4
51454;1248;4
51455;6843;2
51456;6758;3
51457;2538;3
51458;6799;7
51459;6705;4
51460;4353;1
51461;4665;3
51462;3415;1
51463;5543;2
51464;1803;6
51465;8107;5
51466;2580;7
51467;2767;1
51468;4380;2
51469;1072;3
51470;1850;2
51471;6774;5
51472;6742;6
51473;8988;3
51474;2906;3
51475;3265;6
51476;1584;3
51477;6827;1
51478;6275;1
51479;5341;5
51480;2155;4
51481;8428;5
51482;1728;3
51483;3515;2
51484;6564;1
51485;2832;6
51486;6348;1
51487;6319;7
51488;2268;1
51489;5309;5
51490;5487;5
51491;4594;3
51492;3244;6
51493;6759;7
51494;3078;6
51495;4168;3
51496;5959;3
51497;2210;2
51498;7250;4
51499;8877;6
51500;5448;2
51501;5224;3
51502;6690;3
51503;4296;7
51504;3420;7
51505;2854;4
51506;8378;6
51507;8323;7
51508;4473;4
51509;2096;2
51510;2589;6
51511;5457;7
51512;6220;4
51513;4750;7
51514;6603;2
51515;1316;5
51516;4189;1
51517;3945;3
51518;8320;1
51519;7455;5
51520;8852;4
51521;8178;3
51522;6724;1
51523;1343;1
51524;3198;5
51525;4491;5
51526;5708;3
51527;5861;2
51528;6328;1
51529;6714;1
51530;6044;5
51531;3958;4
51532;3443;5
51533;2597;2
51534;6575;4
51535;1667;6
51536;7350;3
51537;1345;6
51538;7719;5
51539;2734;2
51540;1757;5
51541;1632;5
51542;3953;3
51543;8512;4
51544;2883;7
51545;1115;3
51546;6528;1
51547;3402;5
51548;3654;5
51549;4278;1
51550;5527;6
51551;7953;4
51552;3787;7
51553;7896;2
51554;7465;4
51555;2106;5
51556;3520;2
51557;4005;3
51558;2182;3
51559;4886;1
51560;8816;2
51561;2804;1
51562;5869;1
51563;3132;6
51564;3626;6
51565;2337;3
51566;1092;6
51567;6514;1
51568;5708;4
51569;2449;7
51570;6354;5
51571;3523;4
51572;3439;1
51573;4259;6
51574;3738;7
51575;1563;6
51576;1715;6
51577;7842;7
51578;5881;7
51579;1795;7
51580;8685;7
51581;2337;7
51582;2064;5
51583;3486;7
51584;1323;6
51585;8214;5
51586;8735;2
51587;1034;4
51588;8295;7
51589;3256;1
51590;1505;1
51591;8054;5
51592;6409;2
51593;1800;7
51594;7714;1
51595;8820;1
51596;2455;1
51597;1337;5
51598;8969;7
51599;3289;5
51600;3395;4
51601;4445;3
51602;2394;3
51603;1255;3
51604;7130;2
51605;2311;6
51606;1600;5
51607;2510;6
51608;2263;4
51609;7465;6
51610;5939;2
51611;1533;2
51612;2007;1
51613;8829;2
51614;2774;4
51615;3391;3
51616;8929;5
51617;6619;5
51618;4749;1
51619;4616;4
51620;7794;5
51621;6829;5
51622;8878;2
51623;3444;3
51624;2259;3
51625;5933;6
51626;3715;7
51627;3408;1
51628;1219;1
51629;6038;5
51630;1514;6
51631;3683;3
51632;2944;5
51633;7639;2
51634;5526;5
51635;6505;4
51636;5087;5
51637;7870;2
51638;3897;1
51639;6936;4
51640;1497;3
51641;1006;2
51642;3504;4
51643;7798;1
51644;5787;4
51645;7233;3
51646;6002;6
51647;5562;5
51648;4922;3
51649;3008;1
51650;4769;6
51651;6509;7
51652;2849;4
51653;4941;3
51654;7440;1
51655;5531;6
51656;4069;5
51657;2807;4
51658;7342;7
51659;7248;4
51660;1407;7
51661;1520;6
51662;2739;3
51663;8320;2
51664;6706;5
51665;2542;7
51666;2612;3
51667;1261;6
51668;3777;3
51669;3575;5
51670;7874;6
51671;7629;4
51672;3117;1
51673;1380;4
51674;7490;5
51675;8600;1
51676;2773;3
51677;7704;5
51678;8206;5
51679;4370;2
51680;3313;5
51681;4681;5
51682;6054;5
51683;1689;4
51684;7588;7
51685;8215;2
51686;2992;1
51687;3530;7
51688;3676;5
51689;5542;2
51690;2406;1
51691;4359;7
51692;7731;1
51693;7483;5
51694;1567;2
51695;7867;5
51696;7020;6
51697;7102;7
51698;3225;7
51699;8659;3
51700;6232;7
51701;5877;2
51702;5444;3
51703;3040;3
51704;4932;1
51705;4538;3
51706;8785;1
51707;4091;7
51708;6778;1
51709;3683;7
51710;8647;5
51711;3474;2
51712;5035;3
51713;4932;2
51714;7688;3
51715;1232;6
51716;6459;6
51717;2966;3
51718;3235;1
51719;7704;1
51720;6912;1
51721;2379;3
51722;8127;6
51723;4527;3
51724;6409;7
51725;4038;4
51726;2340;7
51727;4560;3
51728;3447;3
51729;5735;1
51730;7738;3
51731;8945;2
51732;3523;1
51733;2108;1
51734;4970;7
51735;6664;1
51736;8980;2
51737;5175;5
51738;4218;6
51739;3213;2
51740;5495;4
51741;4486;4
51742;7977;4
51743;6848;6
51744;3649;2
51745;1783;2
51746;4742;1
51747;7034;7
51748;2334;7
51749;1143;7
51750;7001;1
51751;3884;2
51752;2320;2
51753;5363;1
51754;5577;2
51755;5664;5
51756;2631;5
51757;1533;5
51758;5821;1
51759;7008;2
51760;7265;5
51761;5129;3
51762;7942;3
51763;6252;6
51764;2612;6
51765;8782;7
51766;1971;1
51767;1996;5
51768;3049;5
51769;8650;5
51770;5087;5
51771;3712;5
51772;3099;4
51773;2208;4
51774;1160;5
51775;4360;2
51776;8547;5
51777;5025;6
51778;1164;7
51779;6186;6
51780;2366;7
51781;8764;1
51782;4719;2
51783;1654;4
51784;5687;6
51785;5577;1
51786;3453;6
51787;6012;1
51788;5469;6
51789;6798;7
51790;1902;2
51791;4593;2
51792;7776;7
51793;6687;4
51794;5346;5
51795;3006;6
51796;4320;1
51797;7578;5
51798;1245;2
51799;6279;3
51800;2559;6
51801;4061;4
51802;3230;5
51803;5535;3
51804;7984;5
51805;4393;3
51806;3412;6
51807;4206;4
51808;7318;5
51809;5678;5
51810;5308;7
51811;4649;4
51812;3857;6
51813;5296;7
51814;2157;1
51815;4109;2
51816;6418;7
51817;2429;3
51818;4391;6
51819;8967;2
51820;6557;2
51821;3053;2
51822;3396;2
51823;7833;1
51824;8445;4
51825;8542;5
51826;2669;3
51827;6158;6
51828;4438;1
51829;3998;6
51830;2371;1
51831;7910;7
51832;7546;7
51833;6662;4
51834;8902;4
51835;8967;4
51836;2140;5
51837;1219;7
51838;8722;4
51839;1333;7
51840;4313;5
51841;4383;6
51842;4320;4
51843;1592;7
51844;2425;5
51845;1390;6
51846;3141;6
51847;6622;3
51848;5726;7
51849;6542;5
51850;6883;5
51851;4598;2
51852;4335;3
51853;3430;4
51854;2706;5
51855;8671;3
51856;4954;6
51857;3541;4
51858;6070;4
51859;8171;3
51860;7084;4
51861;8491;1
51862;2551;6
51863;4328;2
51864;5903;7
51865;8425;1
51866;8552;2
51867;7444;1
51868;3157;5
51869;1569;2
51870;7424;2
51871;7777;7
51872;7435;7
51873;5716;1
51874;3066;7
51875;7724;2
51876;3728;7
51877;6041;3
51878;8896;5
51879;4517;7
51880;3699;5
51881;8043;5
51882;7094;7
51883;8478;3
51884;2375;1
51885;6715;5
51886;7086;2
51887;5312;6
51888;5231;2
51889;5392;3
51890;2687;4
51891;1005;1
51892;4086;6
51893;1327;7
51894;8952;7
51895;4996;2
51896;7885;6
51897;1320;4
51898;6196;4
51899;6758;5
51900;7603;2
51901;7571;7
51902;6702;3
51903;1756;7
51904;4111;5
51905;8482;4
51906;4157;3
51907;3140;5
51908;7424;7
51909;3018;5
51910;4678;6
51911;1034;4
51912;8527;3
51913;5806;2
51914;2172;4
51915;3706;3
51916;8438;3
51917;6668;6
51918;8650;4
51919;6355;2
51920;8745;4
51921;2622;7
51922;5997;5
51923;1725;6
51924;1488;2
51925;4336;7
51926;2524;2
51927;1554;4
51928;5294;1
51929;2099;3
51930;8906;2
51931;6593;3
51932;6521;7
51933;1527;7
51934;4869;7
51935;8962;7
51936;3950;1
51937;1496;6
51938;7523;5
51939;1019;4
51940;4354;5
51941;7256;2
51942;1181;3
51943;8669;6
51944;2915;1
51945;3780;5
51946;4327;4
51947;5785;1
51948;6504;5
51949;4167;2
51950;3228;7
51951;5824;7
51952;1587;5
51953;4199;6
51954;7505;2
51955;5594;1
51956;8955;2
51957;4759;3
51958;3455;6
51959;2469;1
51960;6602;6
51961;4862;4
51962;8758;3
51963;7444;3
51964;8067;4
51965;7362;1
51966;1227;5
51967;3284;1
51968;5960;7
51969;7217;6
51970;5688;5
51971;6813;6
51972;7826;5
51973;4644;5
51974;2765;5
51975;7313;3
51976;2668;2
51977;1480;1
51978;2044;4
51979;5850;3
51980;4129;3
51981;3970;3
51982;6554;6
51983;5973;2
51984;6161;2
51985;6709;3
51986;2573;3
51987;7217;4
51988;7647;5
51989;6043;2
51990;6677;3
51991;6195;4
51992;8538;1
51993;6723;2
51994;3738;1
51995;7260;5
51996;7459;7
51997;6343;7
51998;1179;7
51999;4935;5
52000;5262;3
52001;7090;6
52002;2449;3
52003;4243;1
52004;6538;2
52005;7799;5
52006;3066;1
52007;5312;1
52008;8658;3
52009;6510;7
52010;3659;4
52011;2119;3
52012;1846;5
52013;8089;3
52014;3737;4
52015;3922;3
52016;2991;3
52017;8893;1
52018;3595;5
52019;5768;1
52020;8947;7
52021;7250;3
52022;3775;1
52023;5852;6
52024;8707;4
52025;8978;5
52026;4270;1
52027;4064;4
52028;2322;3
52029;2890;6
52030;3877;3
52031;8336;7
52032;8306;7
52033;3705;1
52034;3698;6
52035;5127;1
52036;1890;3
52037;2312;3
52038;6752;5
52039;7448;5
52040;8350;6
52041;3363;2
52042;7908;4
52043;5372;6
52044;4617;7
52045;3207;4
52046;5563;1
52047;6707;7
52048;1221;2
52049;5717;2
52050;5469;2
52051;2858;1
52052;7638;1
52053;2834;4
52054;3295;5
52055;7765;5
52056;6716;4
52057;6914;4
52058;3257;4
52059;3695;4
52060;3125;2
52061;3454;7
52062;4810;4
52063;2218;5
52064;7317;2
52065;4911;3
52066;8599;7
52067;4383;6
52068;1310;7
52069;3124;6
52070;2175;2
52071;4251;2
52072;5805;7
52073;3052;3
52074;3934;4
52075;5350;3
52076;1966;2
52077;6733;3
52078;6271;1
52079;2254;6
52080;7497;1
52081;7102;6
52082;3040;7
52083;5614;1
52084;2369;6
52085;6942;1
52086;1345;2
52087;5146;5
52088;3876;5
52089;7952;4
52090;1661;7
52091;7655;3
52092;8914;1
52093;3992;6
52094;2408;1
52095;7608;1
52096;7446;2
52097;5696;6
52098;5318;2
52099;5622;7
52100;7644;3
52101;8048;7
52102;5878;2
52103;6353;2
52104;1596;1
52105;3225;1
52106;1968;6
52107;8287;7
52108;3138;7
52109;2532;5
52110;5827;1
52111;5708;4
52112;5919;7
52113;4324;6
52114;4991;2
52115;5932;2
52116;6287;5
52117;8212;6
52118;2789;3
52119;2376;4
52120;6116;3
52121;8008;5
52122;3716;5
52123;4195;4
52124;5667;5
52125;2921;7
52126;8869;3
52127;6870;5
52128;5129;6
52129;7857;2
52130;8386;3
52131;7574;5
52132;1033;7
52133;3374;3
52134;4491;5
52135;3881;1
52136;2765;4
52137;6346;2
52138;5577;7
52139;7896;5
52140;7783;1
52141;2309;2
52142;8118;5
52143;2514;7
52144;6479;4
52145;1325;5
52146;7186;7
52147;5766;7
52148;7835;1
52149;4870;3
52150;7127;6
52151;4786;3
52152;2583;6
52153;4513;1
52154;7635;5
52155;4343;2
52156;5186;3
52157;5038;7
52158;1711;6
52159;5854;2
52160;7898;1
52161;4482;6
52162;5583;3
52163;8533;3
52164;8749;5
52165;3935;6
52166;1391;4
52167;6787;5
52168;2268;4
52169;8265;6
52170;8388;4
52171;6721;1
52172;2746;3
52173;2669;6
52174;2533;2
52175;6124;6
52176;6409;4
52177;5003;2
52178;7821;3
52179;7751;1
52180;8609;5
52181;4553;7
52182;5691;3
52183;2971;6
52184;7843;1
52185;1193;6
52186;7696;5
52187;5285;7
52188;1816;3
52189;1468;5
52190;5397;2
52191;4968;2
52192;3424;5
52193;5454;5
52194;1653;6
52195;8640;7
52196;6231;6
52197;4480;7
52198;6350;2
52199;1803;2
52200;2408;3
52201;4690;6
52202;7558;6
52203;6984;7
52204;6179;3
52205;4158;1
52206;5744;4
52207;5756;5
52208;7946;7
52209;7867;2
52210;7926;3
52211;7202;7
52212;4988;6
52213;7403;2
52214;1135;7
52215;1731;2
52216;7719;6
52217;3585;5
52218;4535;6
52219;8836;7
52220;3934;2
52221;5047;6
52222;6625;7
52223;6578;3
52224;6347;6
52225;6422;7
52226;6549;1
52227;5083;3
52228;3610;2
52229;3460;3
52230;7150;1
52231;6056;6
52232;6991;2
52233;1537;2
52234;8859;1
52235;4598;3
52236;1995;5
52237;5347;6
52238;8600;4
52239;1151;2
52240;8421;2
52241;4220;2
52242;1004;6
52243;6663;4
52244;7945;5
52245;4248;3
52246;2160;1
52247;4521;3
52248;7929;4
52249;1302;2
52250;1552;1
52251;6334;3
52252;1935;5
52253;6881;7
52254;3147;3
52255;2559;1
52256;7027;1
52257;4566;1
52258;8515;2
52259;8671;2
52260;6237;4
52261;3513;7
52262;6096;6
52263;7830;4
52264;5986;4
52265;2210;5
52266;5814;2
52267;4981;7
52268;3218;5
52269;5860;4
52270;3766;5
52271;3038;1
52272;6935;7
52273;5806;4
52274;8213;6
52275;5315;6
52276;1822;5
52277;6626;6
52278;1272;5
52279;4280;7
52280;4138;4
52281;7698;4
52282;7124;7
52283;4333;7
52284;6031;1
52285;3379;4
52286;7874;6
52287;3799;5
52288;2392;2
52289;3915;4
52290;1414;3
52291;8721;7
52292;3719;7
52293;8542;4
52294;5537;7
52295;4208;1
52296;5537;6
52297;5136;4
52298;6828;7
52299;8520;7
52300;1490;4
52301;1712;4
52302;4618;2
52303;2807;3
52304;2483;1
52305;7878;4
52306;3064;4
52307;3230;7
52308;6419;4
52309;4275;5
52310;4247;4
52311;7103;4
52312;1532;1
52313;5604;3
52314;2300;3
52315;8887;6
52316;6296;6
52317;4469;1
52318;4743;1
52319;5501;4
52320;4458;3
52321;4192;5
52322;6457;1
52323;7888;3
52324;4462;1
52325;1495;1
52326;4984;1
52327;8536;2
52328;1268;7
52329;2799;5
52330;5727;5
52331;5296;1
52332;1142;3
52333;6946;5
52334;7336;2
52335;7037;6
52336;4120;5
52337;5429;3
52338;1416;6
52339;7598;6
52340;7345;5
52341;8934;4
52342;5720;3
52343;3631;4
52344;7346;1
52345;6159;6
52346;2353;2
52347;1540;1
52348;7343;3
52349;8767;5
52350;8185;6
52351;2311;2
52352;2119;1
52353;5137;6
52354;7646;7
52355;5460;6
52356;1154;1
52357;7950;2
52358;2275;7
52359;6615;1
52360;6085;2
52361;2997;6
52362;4647;2
52363;3432;3
52364;1992;5
52365;7104;1
52366;1877;5
52367;8607;6
52368;4262;6
52369;2715;7
52370;7727;2
52371;4802;1
52372;8586;4
52373;2636;6
52374;6621;1
52375;5952;7
52376;3279;4
52377;8510;2
52378;6008;2
52379;8326;4
52380;2548;6
52381;2549;1
52382;7739;4
52383;8214;1
52384;4283;2
52385;6713;4
52386;5397;1
52387;1284;4
52388;8421;3
52389;2507;7
52390;6518;6
52391;1143;7
52392;7903;4
52393;4756;3
52394;2741;4
52395;4421;5
52396;5377;4
52397;1903;5
52398;3999;6
52399;1024;6
52400;3963;2
52401;3633;3
52402;8390;5
52403;4474;6
52404;5434;5
52405;8473;6
52406;5266;6
52407;4449;5
52408;5427;6
52409;5821;1
52410;4996;3
52411;8738;4
52412;2772;6
52413;4102;2
52414;7140;5
52415;6049;2
52416;4069;3
52417;4062;3
52418;6721;5
52419;1984;3
52420;3184;1
52421;4548;6
52422;8108;6
52423;2756;5
52424;6440;1
52425;4007;2
52426;1738;5
52427;2967;4
52428;8395;5
52429;3216;4
52430;8324;6
52431;3631;3
52432;6979;7
52433;2614;1
52434;2289;1
52435;2924;7
52436;1894;7
52437;2240;3
52438;1493;7
52439;5748;4
52440;3539;5
52441;8997;6
52442;1060;5
52443;7068;7
52444;4417;4
52445;7591;2
52446;3487;7
52447;1285;3
52448;3577;6
52449;2930;3
52450;4656;3
52451;2556;6
52452;3538;7
52453;4491;2
52454;2400;4
52455;3228;3
52456;4069;6
52457;8512;1
52458;3383;4
52459;2480;7
52460;2410;3
52461;7952;6
52462;8112;4
52463;5274;2
52464;2757;2
52465;1807;2
52466;3373;1
52467;5008;6
52468;6409;3
52469;6174;4
52470;8418;3
52471;8133;7
52472;4582;2
52473;7612;4
52474;1345;7
52475;5096;3
52476;6838;7
52477;8974;6
52478;4448;2
52479;2912;3
52480;8421;2
52481;1610;2
52482;4516;7
52483;7356;4
52484;4323;1
52485;2102;4
52486;5872;1
52487;3212;3
52488;3064;6
52489;2304;1
52490;4432;7
52491;1711;2
52492;6914;3
52493;7873;7
52494;3235;6
52495;1377;1
52496;8485;5
52497;1027;6
52498;5439;5
52499;8263;1
52500;6440;5
52501;7840;3
52502;5078;7
52503;1958;6
52504;2381;2
52505;3056;6
52506;2466;1
52507;6400;1
52508;6061;4
52509;1610;3
52510;1264;3
52511;5656;7
52512;8849;1
52513;1925;4
52514;4628;1
52515;5162;3
52516;4558;7
52517;8201;2
52518;4601;3
52519;4536;5
52520;8937;3
52521;5072;2
52522;7255;5
52523;7601;7
52524;7633;2
52525;8218;5
52526;6810;2
52527;6064;3
52528;4099;1
52529;7427;4
52530;2714;1
52531;1746;2
52532;2366;4
52533;6043;4
52534;5197;7
52535;4586;5
52536;5274;2
52537;1711;7
52538;8472;5
52539;5918;1
52540;1172;2
52541;2181;5
52542;5884;7
52543;8893;3
52544;6639;3
52545;7581;7
52546;3279;1
52547;7088;2
52548;8342;7
52549;2275;3
52550;4804;4
52551;3296;1
52552;8035;2
52553;3160;2
52554;7888;5
52555;1662;5
52556;7808;3
52557;8017;3
52558;7024;7
52559;2684;5
52560;3612;1
52561;8804;6
52562;6587;6
52563;3967;3
52564;1207;4
52565;2992;5
52566;3095;1
52567;2848;2
52568;6540;7
52569;4599;1
52570;2789;2
52571;8763;3
52572;2425;1
52573;5669;4
52574;1250;5
52575;1421;2
52576;4746;1
52577;4231;2
52578;3273;3
52579;1515;2
52580;6376;4
52581;8748;2
52582;6016;3
52583;2366;4
52584;5085;2
52585;3984;6
52586;5430;6
52587;1650;4
52588;3367;1
52589;6195;2
52590;7238;1
52591;5086;4
52592;8214;6
52593;6275;7
52594;2448;2
52595;1337;7
52596;1731;7
52597;5570;6
52598;8235;7
52599;6350;5
52600;8440;4
52601;7213;1
52602;1784;5
52603;7232;2
52604;4028;7
52605;7742;3
52606;1629;6
52607;7730;3
52608;3209;4
52609;2296;5
52610;4972;2
52611;3451;3
52612;8821;1
52613;1549;1
52614;3106;2
52615;2580;4
52616;2610;6
52617;6905;7
52618;5663;5
52619;7069;4
52620;3613;3
52621;3452;1
52622;4956;3
52623;4462;5
52624;8590;5
52625;2332;4
52626;7089;2
52627;3165;6
52628;7257;7
52629;1905;3
52630;2033;7
52631;8439;3
52632;2770;4
52633;2678;6
52634;4923;1
52635;5302;1
52636;2047;3
52637;6037;3
52638;4226;1
52639;6724;1
52640;3787;2
52641;1589;2
52642;4870;5
52643;2209;2
52644;6703;1
52645;2275;4
52646;7128;1
52647;4978;4
52648;6852;1
52649;7817;3
52650;6926;3
52651;7561;3
52652;7332;2
52653;6704;4
52654;6314;4
52655;3954;1
52656;2601;2
52657;7067;3
52658;4810;5
52659;6710;1
52660;7223;5
52661;4222;1
52662;1725;5
52663;4135;7
52664;7172;5
52665;1972;1
52666;7790;3
52667;4650;2
52668;3465;7
52669;5005;4
52670;1650;5
52671;8115;5
52672;2126;3
52673;5223;1
52674;4686;4
52675;4474;3
52676;7715;6
52677;1600;3
52678;3421;2
52679;4373;7
52680;5894;4
52681;7819;2
52682;7652;4
52683;6050;1
52684;8564;7
52685;8229;6
52686;5773;1
52687;8852;7
52688;5599;6
52689;7530;3
52690;4378;2
52691;2858;2
52692;2172;7
52693;3630;5
52694;3941;6
52695;7504;4
52696;4894;7
52697;6800;3
52698;7597;1
52699;4970;5
52700;2747;7
52701;4909;3
52702;3880;4
52703;2685;7
52704;4004;3
52705;3790;2
52706;3551;2
52707;6719;7
52708;3511;2
52709;4466;6
52710;5653;2
52711;4229;5
52712;4786;3
52713;5916;5
52714;4455;4
52715;7613;3
52716;4596;6
52717;1582;5
52718;8781;4
52719;4146;6
52720;8521;4
52721;8667;1
52722;6752;4
52723;5712;7
52724;3289;5
52725;7741;7
52726;3877;3
52727;8068;2
52728;4525;6
52729;5245;5
52730;4698;2
52731;4957;2
52732;5407;2
52733;8981;4
52734;2853;1
52735;7496;1
52736;4836;4
52737;4019;1
52738;8459;6
52739;8726;7
52740;6253;5
52741;6124;6
52742;5808;5
52743;8595;3
52744;7782;3
52745;8857;7
52746;3331;6
52747;6680;4
52748;4907;6
52749;4071;4
52750;8254;6
52751;3761;5
52752;2988;5
52753;6564;3
52754;8481;3
52755;1046;3
52756;7589;1
52757;5294;3
52758;7722;7
52759;4491;5
52760;4858;4
52761;4152;7
52762;4023;4
52763;2077;7
52764;8421;2
52765;7657;1
52766;6548;6
52767;4423;2
52768;5862;6
52769;7062;2
52770;5522;1
52771;4821;2
52772;5094;1
52773;2836;7
52774;5634;4
52775;5823;6
52776;3813;6
52777;7304;1
52778;8000;5
52779;1577;1
52780;5943;7
52781;6031;7
52782;6605;6
52783;1553;2
52784;1066;3
52785;1063;2
52786;8201;4
52787;7367;3
52788;7811;7
52789;2932;7
52790;5535;4
52791;8330;3
52792;2069;4
52793;7348;3
52794;7452;5
52795;4446;1
52796;4046;4
52797;5532;2
52798;6443;5
52799;7389;3
52800;1090;6
52801;8848;4
52802;5474;6
52803;8122;2
52804;4686;7
52805;3322;2
52806;2282;6
52807;8987;6
52808;5033;3
52809;3369;5
52810;3321;4
52811;6544;6
52812;7928;6
52813;2387;5
52814;5611;4
52815;6831;2
52816;1244;2
52817;1682;4
52818;8775;5
52819;5800;7
52820;5888;3
52821;3285;6
52822;8504;1
52823;2428;2
52824;6131;4
52825;1083;7
52826;5969;2
52827;2627;4
52828;8221;5
52829;8013;1
52830;4798;2
52831;6713;7
52832;1862;4
52833;3445;1
52834;5251;7
52835;4804;3
52836;3403;4
52837;1970;5
52838;8487;7
52839;6300;7
52840;4206;2
52841;3402;4
52842;2457;5
52843;1805;4
52844;8889;2
52845;3438;5
52846;6951;1
52847;3044;1
52848;2839;7
52849;6802;2
52850;8173;3
52851;4978;1
52852;3259;7
52853;8655;4
52854;3217;4
52855;6726;2
52856;1423;1
52857;3485;5
52858;3061;4
52859;7241;5
52860;2937;5
52861;8359;6
52862;4894;6
52863;8575;2
52864;4583;4
52865;6720;5
52866;1123;4
52867;8280;1
52868;4030;2
52869;6352;7
52870;7958;7
52871;8262;7
52872;8335;3
52873;2234;7
52874;7240;7
52875;1756;7
52876;1398;7
52877;8928;7
52878;3748;6
52879;2405;5
52880;3298;6
52881;4302;1
52882;1463;6
52883;1573;6
52884;4187;6
52885;4579;1
52886;6145;6
52887;2031;7
52888;7251;2
52889;4833;5
52890;3949;4
52891;8780;5
52892;2627;5
52893;3942;2
52894;6811;2
52895;7650;4
52896;3137;2
52897;6148;6
52898;1711;6
52899;6445;2
52900;8779;2
52901;6937;5
52902;4968;7
52903;4621;3
52904;1557;5
52905;8630;3
52906;6253;3
52907;8027;1
52908;5733;1
52909;8322;2
52910;1208;6
52911;2025;4
52912;7968;6
52913;1859;3
52914;1814;6
52915;6897;5
52916;1268;4
52917;4237;7
52918;6229;5
52919;7633;6
52920;5093;1
52921;8249;1
52922;6650;6
52923;3554;6
52924;7326;2
52925;8108;2
52926;5374;7
52927;2259;7
52928;1595;5
52929;2974;1
52930;3956;4
52931;3366;1
52932;4651;7
52933;6938;4
52934;5358;5
52935;1649;1
52936;7498;3
52937;7572;6
52938;8399;3
52939;5154;7
52940;4278;2
52941;6517;3
52942;8413;1
52943;7728;7
52944;8974;1
52945;4601;7
52946;7394;4
52947;4318;6
52948;5327;3
52949;1181;6
52950;4203;7
52951;7393;6
52952;1890;2
52953;4257;6
52954;7609;2
52955;6805;2
52956;4011;7
52957;8707;2
52958;3107;3
52959;5219;5
52960;8668;6
52961;2850;2
52962;4905;4
52963;5638;5
52964;6877;2
52965;7695;7
52966;3298;4
52967;4274;7
52968;2665;7
52969;6124;4
52970;2823;1
52971;7753;5
52972;8598;6
52973;2256;3
52974;5035;3
52975;6476;4
52976;7012;1
52977;4087;3
52978;8689;6
52979;1557;2
52980;7796;1
52981;2524;1
52982;6030;7
52983;6832;2
52984;4699;5
52985;4795;7
52986;4646;6
52987;7438;7
52988;8189;5
52989;8279;4
52990;5845;1
52991;3828;3
52992;4749;4
52993;6652;7
52994;4427;3
52995;4687;1
52996;8202;1
52997;7228;5
52998;6023;3
52999;4838;5
53000;3859;2
53001;1714;2
53002;3069;6
53003;4925;6
53004;1996;2
53005;4506;7
53006;5929;3
53007;3086;1
53008;2900;3
53009;7324;5
53010;2607;3
53011;6807;4
53012;7416;7
53013;1179;5
53014;7444;4
53015;1470;6
53016;4922;2
53017;5363;5
53018;2143;4
53019;4207;5
53020;6267;7
53021;1523;6
53022;4138;4
53023;5734;6
53024;6232;4
53025;6144;2
53026;1784;6
53027;3903;5
53028;7088;3
53029;8904;7
53030;1113;7
53031;7255;4
53032;3435;5
53033;8398;6
53034;2106;3
53035;6696;3
53036;3647;2
53037;2601;1
53038;5297;1
53039;1672;1
53040;2072;5
53041;4903;2
53042;4911;3
53043;4470;2
53044;1559;7
53045;6622;1
53046;6983;5
53047;5152;2
53048;3976;6
53049;1229;5
53050;3283;5
53051;8814;5
53052;3566;7
53053;3928;7
53054;1698;2
53055;1362;5
53056;6848;7
53057;7321;6
53058;1473;6
53059;3986;4
53060;4191;6
53061;8883;7
53062;8213;4
53063;3016;2
53064;2202;5
53065;1057;4
53066;3518;6
53067;2762;4
53068;1754;4
53069;5097;6
53070;6527;4
53071;8686;3
53072;5130;4
53073;8087;6
53074;6870;7
53075;5990;7
53076;2501;5
53077;7378;4
53078;3127;6
53079;2701;6
53080;4248;7
53081;8711;5
53082;3064;4
53083;2787;2
53084;6149;2
53085;7701;4
53086;8352;3
53087;4169;7
53088;3571;6
53089;5071;6
53090;8787;7
53091;4963;5
53092;4028;2
53093;7185;4
53094;1761;1
53095;3273;6
53096;8643;2
53097;1616;4
53098;5240;3
53099;2983;1
53100;4965;7
53101;3547;3
53102;1181;4
53103;5402;4
53104;9000;7
53105;3137;7
53106;2809;7
53107;4623;1
53108;2190;4
53109;8257;7
53110;4643;4
53111;3974;7
53112;8920;7
53113;3888;3
53114;8804;7
53115;7903;2
53116;8328;1
53117;2771;7
53118;8811;7
53119;4490;2
53120;7585;6
53121;2653;2
53122;1614;7
53123;2405;4
53124;6677;7
53125;6249;4
53126;8497;2
53127;5683;5
53128;5418;3
53129;6285;3
53130;1722;6
53131;4712;2
53132;7619;4
53133;4775;4
53134;4640;6
53135;6146;7
53136;4535;2
53137;4879;7
53138;7231;7
53139;8093;5
53140;1079;3
53141;6075;1
53142;1413;2
53143;7220;4
53144;8679;5
53145;1916;5
53146;5590;7
53147;1733;4
53148;6220;3
53149;5528;6
53150;8156;1
53151;3392;7
53152;4420;1
53153;1066;7
53154;4080;7
53155;1848;1
53156;3442;2
53157;4948;6
53158;3913;2
53159;7800;3
53160;3983;2
53161;5483;3
53162;7932;5
53163;3134;1
53164;5652;2
53165;7851;3
53166;6090;4
53167;6112;4
53168;2966;5
53169;7321;5
53170;8365;3
53171;6946;4
53172;3284;2
53173;3153;1
53174;7025;3
53175;6778;1
53176;5627;2
53177;2059;4
53178;5359;7
53179;2898;1
53180;3923;1
53181;5041;2
53182;7296;6
53183;7318;2
53184;5126;4
53185;3327;6
53186;6739;3
53187;8273;4
53188;1934;4
53189;1453;6
53190;8482;5
53191;7300;2
53192;7827;3
53193;4596;2
53194;8652;7
53195;8045;2
53196;7156;5
53197;6050;6
53198;8099;6
53199;1060;4
53200;7697;1
53201;8490;3
53202;7241;6
53203;6601;4
53204;6537;6
53205;6375;3
53206;1667;5
53207;4689;7
53208;5065;7
53209;2015;2
53210;6962;2
53211;8639;2
53212;5774;3
53213;7508;2
53214;1765;1
53215;7185;6
53216;3128;2
53217;7542;7
53218;6907;5
53219;6740;4
53220;3172;6
53221;5141;7
53222;3947;3
53223;5656;2
53224;7262;5
53225;6076;7
53226;6345;7
53227;5756;6
53228;6677;6
53229;8987;3
53230;6054;3
53231;1356;1
53232;5215;7
53233;1343;2
53234;4419;7
53235;8222;5
53236;1901;7
53237;6510;4
53238;1446;3
53239;7701;1
53240;8310;1
53241;3291;1
53242;8444;6
53243;4706;3
53244;5315;3
53245;3050;5
53246;6589;2
53247;2012;4
53248;4657;6
53249;5811;6
53250;6686;2
53251;1143;5
53252;7093;4
53253;8058;4
53254;2149;3
53255;3768;2
53256;2912;6
53257;7295;1
53258;1682;3
53259;5296;3
53260;4059;5
53261;3860;3
53262;1386;3
53263;6358;7
53264;7114;5
53265;4380;7
53266;5673;6
53267;2241;2
53268;3963;4
53269;3544;2
53270;6545;4
53271;7078;1
53272;8621;1
53273;2648;3
53274;6432;7
53275;1516;7
53276;2607;6
53277;5809;3
53278;6717;4
53279;1096;3
53280;6066;5
53281;8240;6
53282;8343;4
53283;2377;2
53284;7114;6
53285;2283;2
53286;3661;2
53287;4097;6
53288;8613;7
53289;3638;3
53290;6138;4
53291;7855;6
53292;4729;3
53293;1491;3
53294;8092;2
53295;7605;1
53296;2804;3
53297;7571;4
53298;5494;3
53299;1235;4
53300;3757;2
53301;7630;5
53302;3587;4
53303;8594;6
53304;4402;1
53305;8099;1
53306;5978;5
53307;2599;5
53308;4813;7
53309;2080;2
53310;3200;1
53311;2152;7
53312;6966;6
53313;1707;2
53314;7747;1
53315;8094;5
53316;6313;3
53317;6082;3
53318;1817;6
53319;8008;3
53320;3924;7
53321;7552;7
53322;2533;4
53323;5520;4
53324;2582;3
53325;7467;3
53326;5334;4
53327;3589;6
53328;2997;5
53329;6359;4
53330;5258;4
53331;1067;2
53332;8788;4
53333;1038;3
53334;4214;4
53335;3190;7
53336;8203;7
53337;1827;4
53338;8810;7
53339;8471;3
53340;4951;1
53341;2631;2
53342;7464;6
53343;4312;1
53344;4807;4
53345;7829;4
53346;1729;3
53347;3543;6
53348;2976;3
53349;2927;7
53350;2432;4
53351;6616;7
53352;4324;6
53353;7288;7
53354;8080;4
53355;6779;5
53356;3633;2
53357;2146;3
53358;6961;5
53359;3669;1
53360;5483;6
53361;2131;7
53362;7031;3
53363;7343;7
53364;8100;7
53365;8608;5
53366;5625;3
53367;1047;7
53368;6093;5
53369;2929;1
53370;1849;3
53371;7039;5
53372;4089;1
53373;3287;6
53374;5198;6
53375;2695;6
53376;1620;5
53377;4427;4
53378;8221;2
53379;5257;3
53380;6744;3
53381;7218;5
53382;1643;3
53383;8016;4
53384;7321;3
53385;5088;1
53386;2373;7
53387;7191;4
53388;5574;5
53389;4990;6
53390;4206;5
53391;7874;4
53392;5009;7
53393;5840;6
53394;6170;7
53395;5186;2
53396;3058;4
53397;4965;4
53398;6998;5
53399;3347;7
53400;6886;7
53401;3963;4
53402;2262;1
53403;4513;7
53404;2924;4
53405;2207;4
53406;6598;2
53407;4627;3
53408;8035;1
53409;3102;5
53410;5457;4
53411;2741;3
53412;6354;7
53413;6874;7
53414;2894;3
53415;5392;6
53416;5910;2
53417;3446;3
53418;8196;6
53419;4273;3
53420;8328;3
53421;5807;1
53422;1515;5
53423;1648;3
53424;8602;4
53425;2414;4
53426;7892;2
53427;4986;7
53428;8464;7
53429;5294;7
53430;1424;3
53431;3475;3
53432;1688;7
53433;1991;4
53434;8194;5
53435;2060;4
53436;3944;5
53437;7987;3
53438;7109;3
53439;5358;1
53440;6659;1
53441;8629;7
53442;1481;6
53443;5684;1
53444;3701;7
53445;1072;6
53446;5667;5
53447;6699;2
53448;6168;4
53449;2390;6
53450;2409;3
53451;6156;4
53452;7118;7
53453;5835;7
53454;7771;5
53455;1596;2
53456;1357;4
53457;2996;7
53458;1515;1
53459;4418;4
53460;1316;5
53461;5687;7
53462;7757;6
53463;4210;4
53464;5495;2
53465;5641;7
53466;6850;4
53467;8152;3
53468;1423;2
53469;6801;5
53470;8679;4
53471;8744;5
53472;3832;7
53473;4014;3
53474;8815;6
53475;4668;1
53476;7066;5
53477;8966;1
53478;2097;1
53479;3581;1
53480;4958;7
53481;6272;3
53482;7169;7
53483;8470;7
53484;2543;1
53485;4992;3
53486;4025;1
53487;7994;5
53488;1202;6
53489;5059;2
53490;4203;7
53491;4392;5
53492;1661;4
53493;8486;5
53494;3512;4
53495;3217;5
53496;8057;3
53497;4521;6
53498;3376;3
53499;2870;7
53500;8604;4
53501;4067;7
53502;5192;3
53503;2386;6
53504;8256;6
53505;5466;4
53506;6708;6
53507;5448;3
53508;1414;5
53509;1824;3
53510;3769;2
53511;1742;1
53512;4436;3
53513;8439;6
53514;8975;6
53515;6887;6
53516;2049;7
53517;2812;1
53518;6545;4
53519;8741;5
53520;6415;1
53521;5246;6
53522;8808;6
53523;4822;1
53524;3114;2
53525;8602;6
53526;3572;2
53527;5217;4
53528;6795;2
53529;4006;4
53530;5504;1
53531;5382;4
53532;7351;3
53533;5313;3
53534;8620;2
53535;8495;5
53536;6323;4
53537;1509;7
53538;3694;5
53539;6646;7
53540;6398;1
53541;5766;4
53542;2871;3
53543;4033;7
53544;4027;1
53545;4925;1
53546;8302;5
53547;8779;3
53548;3081;3
53549;5365;4
53550;6890;2
53551;8031;6
53552;6672;5
53553;7368;2
53554;2931;3
53555;6097;4
53556;4939;1
53557;8192;6
53558;2588;3
53559;5831;3
53560;7304;6
53561;1526;6
53562;3929;5
53563;6014;6
53564;5543;2
53565;7252;2
53566;6108;7
53567;4386;5
53568;7257;6
53569;1369;2
53570;3454;6
53571;1330;6
53572;1572;3
53573;5394;2
53574;5973;4
53575;7684;7
53576;5937;6
53577;4090;1
53578;6395;5
53579;2504;6
53580;4863;4
53581;5519;4
53582;5332;1
53583;6468;6
53584;7919;3
53585;7631;7
53586;7725;6
53587;8428;6
53588;8084;4
53589;1031;6
53590;4921;2
53591;6162;2
53592;8136;6
53593;7936;3
53594;5184;4
53595;7546;3
53596;3108;2
53597;1164;6
53598;1399;5
53599;6576;7
53600;6062;3
53601;5841;4
53602;5127;4
53603;3299;4
53604;1228;7
53605;5250;7
53606;4505;2
53607;5879;1
53608;1045;2
53609;7113;3
53610;8051;7
53611;3806;4
53612;7319;3
53613;7141;3
53614;6098;1
53615;7550;6
53616;4963;5
53617;6095;5
53618;8636;3
53619;7520;3
53620;1037;3
53621;3902;7
53622;1239;5
53623;5961;6
53624;8239;4
53625;5260;5
53626;7623;5
53627;6550;3
53628;8985;3
53629;3854;5
53630;6063;2
53631;8915;3
53632;2527;6
53633;4608;1
53634;7030;7
53635;3595;5
53636;4410;4
53637;2788;4
53638;3214;6
53639;5424;1
53640;4553;4
53641;3752;2
53642;6620;7
53643;5578;6
53644;6018;7
53645;4209;4
53646;4856;1
53647;1061;7
53648;2747;7
53649;8411;6
53650;1710;6
53651;6908;7
53652;6980;4
53653;4291;3
53654;5426;3
53655;7120;7
53656;6456;6
53657;2832;7
53658;1868;6
53659;4144;3
53660;6829;4
53661;3040;3
53662;6329;7
53663;1224;5
53664;5658;2
53665;7693;2
53666;4217;5
53667;4190;6
53668;4723;1
53669;5176;6
53670;8471;3
53671;4829;3
53672;8575;4
53673;1463;4
53674;8181;5
53675;1668;2
53676;8632;5
53677;6336;4
53678;6456;4
53679;2364;7
53680;1831;1
53681;6592;1
53682;3842;3
53683;5460;1
53684;3178;1
53685;2198;1
53686;8840;6
53687;4578;3
53688;4452;2
53689;5303;3
53690;5350;2
53691;7060;5
53692;3545;6
53693;8897;6
53694;1114;6
53695;7192;6
53696;7246;1
53697;1631;2
53698;8025;6
53699;1117;2
53700;7514;7
53701;1113;1
53702;8915;7
53703;4354;7
53704;8857;7
53705;4331;2
53706;1525;4
53707;5647;1
53708;3748;7
53709;8157;3
53710;8928;2
53711;2494;7
53712;8110;5
53713;5482;7
53714;2205;1
53715;3457;4
53716;8983;1
53717;4344;4
53718;2310;6
53719;4759;3
53720;4362;2
53721;1059;2
53722;5805;2
53723;2213;6
53724;8522;6
53725;5810;2
53726;5248;6
53727;7633;3
53728;8094;7
53729;2355;4
53730;4251;7
53731;4502;5
53732;3399;1
53733;1832;4
53734;1870;4
53735;4529;1
53736;8279;3
53737;5414;1
53738;4863;6
53739;1622;7
53740;1798;1
53741;3691;3
53742;1696;2
53743;5701;2
53744;6892;5
53745;5750;2
53746;8737;1
53747;8026;7
53748;4408;2
53749;1596;1
53750;4251;7
53751;8962;1
53752;7845;2
53753;6841;4
53754;1404;7
53755;2634;7
53756;6412;1
53757;8200;3
53758;7595;5
53759;6554;1
53760;2667;7
53761;8741;6
53762;8312;3
53763;5139;1
53764;6033;2
53765;7107;6
53766;2683;5
53767;3425;4
53768;1065;3
53769;6867;1
53770;7225;2
53771;2574;2
53772;1077;5
53773;3506;3
53774;1433;2
53775;7409;3
53776;6596;5
53777;3802;5
53778;2449;2
53779;4177;2
53780;5337;1
53781;4901;2
53782;3889;5
53783;8575;2
53784;6830;1
53785;5130;3
53786;6511;1
53787;6978;6
53788;4841;5
53789;4058;6
53790;5477;1
53791;7534;1
53792;3760;4
53793;1502;3
53794;8643;4
53795;7098;4
53796;6599;7
53797;2971;3
53798;7701;7
53799;7908;6
53800;7900;2
53801;5825;3
53802;5786;7
53803;2944;5
53804;3689;6
53805;4439;2
53806;8488;2
53807;2858;3
53808;4791;1
53809;2776;4
53810;2029;7
53811;3502;1
53812;8238;3
53813;3962;4
53814;4511;4
53815;6259;5
53816;1886;5
53817;1698;4
53818;5834;1
53819;8901;2
53820;6322;6
53821;6508;3
53822;1471;6
53823;8729;4
53824;7448;6
53825;8149;6
53826;1574;6
53827;7698;7
53828;5722;4
53829;5823;4
53830;2950;5
53831;8211;3
53832;7810;6
53833;2470;3
53834;6753;2
53835;4163;1
53836;7658;6
53837;2614;2
53838;3614;7
53839;8003;4
53840;1210;3
53841;7948;4
53842;7990;5
53843;5424;7
53844;1762;1
53845;1729;5
53846;5449;7
53847;3140;4
53848;6997;5
53849;3841;7
53850;5446;7
53851;4922;2
53852;3586;4
53853;8647;4
53854;8896;3
53855;1936;3
53856;7544;1
53857;2209;4
53858;8770;7
53859;6275;2
53860;7027;4
53861;5927;2
53862;3430;5
53863;5214;4
53864;3925;1
53865;7117;6
53866;8129;6
53867;4701;3
53868;5356;5
53869;4814;5
53870;8273;1
53871;6267;5
53872;1129;7
53873;5663;4
53874;1174;4
53875;7749;3
53876;4041;5
53877;7870;7
53878;7766;1
53879;5924;7
53880;3719;3
53881;8999;4
53882;3822;3
53883;5071;6
53884;6558;5
53885;2598;4
53886;6697;2
53887;1830;3
53888;2791;5
53889;4713;5
53890;3749;4
53891;3347;4
53892;7270;1
53893;2942;1
53894;2282;1
53895;8904;3
53896;8643;5
53897;7312;7
53898;6543;2
53899;7581;6
53900;5824;2
53901;6012;1
53902;4787;4
53903;4767;4
53904;6065;3
53905;4338;3
53906;1529;1
53907;4614;2
53908;2107;3
53909;7286;6
53910;8617;3
53911;7281;1
53912;5771;6
53913;3367;4
53914;3634;5
53915;8355;2
53916;7334;5
53917;3277;5
53918;3356;7
53919;7496;1
53920;2492;2
53921;5120;3
53922;2799;4
53923;7773;7
53924;7909;5
53925;5045;3
53926;2334;7
53927;3791;6
53928;4809;5
53929;7873;6
53930;6395;3
53931;8150;1
53932;2443;6
53933;5095;2
53934;6680;4
53935;2342;4
53936;8134;1
53937;6399;1
53938;5038;5
53939;3702;4
53940;2323;5
53941;5763;6
53942;6073;6
53943;5474;1
53944;4509;5
53945;4400;3
53946;8631;1
53947;3015;6
53948;5534;2
53949;1701;7
53950;2136;4
53951;1632;1
53952;3780;3
53953;4950;6
53954;1929;6
53955;7099;2
53956;8216;1
53957;1583;6
53958;8298;1
53959;1216;5
53960;7497;6
53961;4255;2
53962;3510;3
53963;4754;7
53964;5139;3
53965;7807;2
53966;6716;6
53967;7931;4
53968;3345;7
53969;8758;2
53970;7638;4
53971;8321;7
53972;7842;7
53973;5127;7
53974;7687;1
53975;1605;6
53976;7241;7
53977;4256;4
53978;7149;5
53979;2345;7
53980;5590;7
53981;3509;4
53982;3467;4
53983;3132;3
53984;7120;7
53985;8804;6
53986;7711;5
53987;7049;3
53988;4101;6
53989;4941;5
53990;3616;5
53991;5463;3
53992;1699;3
53993;7410;1
53994;8650;5
53995;6437;7
53996;7739;6
53997;1955;1
53998;8172;1
53999;3374;5
54000;3940;1
54001;2046;2
54002;8564;2
54003;8362;1
54004;2652;2
54005;8895;3
54006;5727;1
54007;2036;4
54008;3887;2
54009;1994;1
54010;7997;6
54011;4807;5
54012;8019;6
54013;7019;1
54014;1760;6
54015;8882;1
54016;1009;2
54017;1598;3
54018;7654;1
54019;4466;1
54020;6409;6
54021;1093;3
54022;4274;5
54023;5967;4
54024;4763;2
54025;3336;3
54026;8136;1
54027;2773;4
54028;3060;2
54029;1358;2
54030;6230;7
54031;5561;2
54032;3754;3
54033;6220;3
54034;8783;5
54035;1879;1
54036;8907;7
54037;4956;3
54038;6757;4
54039;6303;5
54040;2039;5
54041;6716;3
54042;8997;2
54043;3002;3
54044;3736;2
54045;8670;3
54046;8477;7
54047;8092;3
54048;4659;2
54049;3452;6
54050;6918;3
54051;5402;1
54052;3718;4
54053;4999;5
54054;8990;7
54055;1717;3
54056;2684;2
54057;4815;6
54058;1992;6
54059;3201;4
54060;3246;1
54061;3699;2
54062;8161;5
54063;4485;2
54064;1059;5
54065;4055;7
54066;8964;5
54067;7423;7
54068;4118;7
54069;3415;3
54070;4145;7
54071;6090;3
54072;6436;3
54073;4771;2
54074;5458;1
54075;4074;6
54076;8755;1
54077;6919;5
54078;3542;4
54079;3722;4
54080;8080;7
54081;2299;7
54082;8519;2
54083;4050;1
54084;7718;3
54085;4034;7
54086;3000;3
54087;8954;1
54088;2166;7
54089;7142;4
54090;6538;3
54091;7088;4
54092;5867;2
54093;3166;6
54094;8068;2
54095;5963;6
54096;8990;3
54097;7159;3
54098;4452;3
54099;6144;7
54100;2872;1
54101;8969;1
54102;7201;4
54103;7395;2
54104;6500;2
54105;3586;1
54106;3994;2
54107;7183;7
54108;7761;5
54109;4546;6
54110;7488;2
54111;3289;4
54112;5877;1
54113;7549;4
54114;4151;6
54115;7132;1
54116;5855;4
54117;6140;3
54118;8882;2
54119;3087;4
54120;1152;6
54121;7560;7
54122;1305;5
54123;7320;7
54124;6252;1
54125;2966;5
54126;5056;7
54127;1083;1
54128;3161;4
54129;7977;4
54130;8577;3
54131;3437;1
54132;4110;2
54133;7241;6
54134;7535;4
54135;6088;5
54136;6203;3
54137;7919;5
54138;7870;3
54139;5567;1
54140;4309;4
54141;6269;7
54142;1230;6
54143;3979;5
54144;7058;4
54145;4234;2
54146;5182;6
54147;8022;5
54148;2585;6
54149;4771;4
54150;6432;2
54151;1396;6
54152;4265;5
54153;1703;3
54154;5781;4
54155;3354;5
54156;1505;5
54157;2046;7
54158;1753;4
54159;3978;1
54160;8936;7
54161;4153;7
54162;1164;1
54163;1879;7
54164;6982;4
54165;4210;3
54166;5678;4
54167;3553;2
54168;5535;4
54169;7522;1
54170;3315;3
54171;3082;7
54172;1901;5
54173;7257;2
54174;3585;1
54175;4138;1
54176;1551;5
54177;4444;2
54178;4687;2
54179;6349;5
54180;2585;7
54181;7086;7
54182;7221;1
54183;1008;2
54184;3552;1
54185;3504;2
54186;2967;2
54187;8685;2
54188;2741;1
54189;3212;4
54190;5129;7
54191;5435;1
54192;4081;7
54193;8473;2
54194;4491;5
54195;3819;7
54196;2887;6
54197;8477;6
54198;2567;2
54199;4637;5
54200;8601;6
54201;2457;3
54202;4402;6
54203;1430;1
54204;5485;6
54205;4867;6
54206;3280;1
54207;7838;4
54208;1220;1
54209;1969;1
54210;4227;3
54211;5361;3
54212;7315;3
54213;3671;7
54214;6644;3
54215;3976;5
54216;2826;4
54217;7390;4
54218;3826;1
54219;2997;3
54220;3239;4
54221;3362;2
54222;3491;4
54223;8370;3
54224;2522;3
54225;6033;4
54226;3088;7
54227;6966;6
54228;2995;4
54229;2759;5
54230;3500;5
54231;8801;3
54232;8667;1
54233;6641;6
54234;5709;5
54235;3510;5
54236;4143;4
54237;5353;3
54238;5739;5
54239;6267;1
54240;1762;5
54241;1944;3
54242;7245;1
54243;8310;2
54244;4297;7
54245;3156;3
54246;1852;5
54247;7033;2
54248;3761;7
54249;7150;4
54250;7236;1
54251;3002;4
54252;3664;3
54253;8963;1
54254;2950;5
54255;4620;2
54256;8624;6
54257;7040;4
54258;4163;5
54259;1632;1
54260;5559;5
54261;6318;4
54262;4197;1
54263;8637;4
54264;6736;3
54265;4439;7
54266;4498;5
54267;2732;3
54268;8818;2
54269;6692;1
54270;5978;3
54271;8442;6
54272;5939;2
54273;5418;3
54274;4693;7
54275;6976;3
54276;6422;2
54277;7967;5
54278;3018;2
54279;8635;2
54280;4354;2
54281;8937;3
54282;8410;1
54283;3703;2
54284;8051;4
54285;2691;3
54286;5463;2
54287;7686;3
54288;1680;3
54289;6022;3
54290;6413;2
54291;8389;3
54292;5992;1
54293;8191;6
54294;1720;2
54295;2605;7
54296;1921;6
54297;6040;2
54298;2972;4
54299;3363;5
54300;1391;5
54301;8220;6
54302;4218;2
54303;4345;3
54304;3753;7
54305;3047;2
54306;6442;6
54307;3130;1
54308;2613;5
54309;1124;7
54310;3371;4
54311;5167;1
54312;8353;6
54313;1953;6
54314;2137;7
54315;6884;3
54316;3461;2
54317;3441;2
54318;8270;3
54319;2805;5
54320;6296;1
54321;8457;6
54322;6160;7
54323;2764;1
54324;6299;5
54325;8612;2
54326;8675;3
54327;6132;6
54328;5982;1
54329;5890;3
54330;5289;4
54331;8152;7
54332;6706;4
54333;7015;2
54334;2272;7
54335;1733;6
54336;6761;1
54337;4087;6
54338;8475;6
54339;7666;3
54340;3066;7
54341;8899;3
54342;7757;4
54343;3938;2
54344;7538;2
54345;5301;2
54346;3656;5
54347;6570;6
54348;7238;4
54349;2160;6
54350;2340;3
54351;6973;7
54352;3248;6
54353;8942;5
54354;2830;2
54355;8849;3
54356;4576;4
54357;3647;7
54358;3678;2
54359;3683;4
54360;8808;7
54361;5642;2
54362;8664;5
54363;1828;2
54364;2531;4
54365;2986;4
54366;1316;4
54367;8424;7
54368;8306;3
54369;6835;7
54370;2702;2
54371;7861;3
54372;2296;5
54373;1102;6
54374;1321;2
54375;1268;5
54376;7101;2
54377;5072;3
54378;5451;3
54379;4895;3
54380;7745;3
54381;5921;4
54382;8345;6
54383;4711;5
54384;5258;4
54385;3643;3
54386;6658;1
54387;2589;7
54388;2433;5
54389;3774;1
54390;6772;5
54391;8571;7
54392;5813;3
54393;1437;6
54394;2899;1
54395;4939;5
54396;2587;7
54397;2759;3
54398;8976;7
54399;1409;4
54400;6530;1
54401;1408;2
54402;4200;4
54403;8745;2
54404;1346;3
54405;8836;6
54406;6842;3
54407;7031;1
54408;4371;7
54409;3431;5
54410;8670;6
54411;7235;4
54412;1060;5
54413;7897;7
54414;4280;7
54415;8128;2
54416;5511;5
54417;5000;4
54418;3610;6
54419;8365;3
54420;7795;2
54421;4491;4
54422;3319;2
54423;3817;5
54424;3668;7
54425;4361;6
54426;3957;1
54427;4811;6
54428;2761;6
54429;6295;5
54430;6896;4
54431;7307;2
54432;7964;5
54433;6663;7
54434;8868;7
54435;1442;4
54436;5545;4
54437;3718;1
54438;1827;5
54439;4779;3
54440;5094;7
54441;4633;5
54442;4683;2
54443;2735;7
54444;3420;5
54445;2224;5
54446;3758;2
54447;8805;1
54448;1732;2
54449;1644;4
54450;1155;2
54451;4711;4
54452;3130;5
54453;2195;1
54454;5847;6
54455;8025;2
54456;6033;1
54457;4060;4
54458;6004;4
54459;5786;1
54460;4773;3
54461;3265;1
54462;2560;7
54463;2591;3
54464;6857;6
54465;5745;7
54466;1086;5
54467;2290;3
54468;1199;1
54469;6564;5
54470;3356;1
54471;3755;2
54472;5999;7
54473;1561;2
54474;8862;6
54475;7437;3
54476;1932;6
54477;3984;7
54478;8441;7
54479;6855;4
54480;4328;6
54481;4664;7
54482;5196;4
54483;8810;3
54484;5175;6
54485;1403;5
54486;7862;6
54487;7473;7
54488;6744;3
54489;1764;7
54490;4538;7
54491;3383;5
54492;5056;1
54493;3030;6
54494;5626;2
54495;8847;1
54496;2259;4
54497;2732;7
54498;4142;3
54499;5918;3
54500;4983;1
54501;6400;3
54502;2609;3
54503;2109;6
54504;4787;3
54505;7592;7
54506;1214;2
54507;1061;7
54508;7873;6
54509;4045;6
54510;1965;6
54511;4780;3
54512;4861;2
54513;3925;3
54514;3210;4
54515;7018;2
54516;2548;7
54517;3997;3
54518;6710;3
54519;2157;4
54520;6877;2
54521;4416;7
54522;2130;2
54523;5024;5
54524;6562;5
54525;1422;4
54526;7676;5
54527;3841;3
54528;8378;7
54529;3247;4
54530;8078;7
54531;3836;5
54532;7162;3
54533;8047;5
54534;7842;7
54535;5470;5
54536;5335;1
54537;5618;4
54538;4520;2
54539;8847;1
54540;6452;2
54541;3613;3
54542;2864;5
54543;5932;1
54544;5213;5
54545;2197;6
54546;5688;3
54547;6510;5
54548;3439;1
54549;8463;2
54550;8816;4
54551;3537;1
54552;1231;7
54553;4931;6
54554;8347;6
54555;5729;4
54556;5004;4
54557;7144;3
54558;2593;2
54559;3396;6
54560;5500;5
54561;5858;5
54562;3592;3
54563;8111;2
54564;1964;6
54565;5546;5
54566;1958;7
54567;5526;2
54568;8021;1
54569;2201;4
54570;8662;3
54571;2672;5
54572;3410;3
54573;4462;2
54574;3678;3
54575;8317;5
54576;4906;6
54577;3563;6
54578;8196;4
54579;6161;7
54580;7695;2
54581;8323;7
54582;1467;2
54583;2958;1
54584;3164;2
54585;5686;1
54586;6467;6
54587;3481;5
54588;1321;5
54589;6522;1
54590;4966;7
54591;5322;1
54592;4764;3
54593;1777;5
54594;3307;2
54595;2577;2
54596;2826;6
54597;1195;2
54598;4013;5
54599;7773;3
54600;4462;4
54601;7392;2
54602;7114;5
54603;1418;3
54604;6677;1
54605;2675;5
54606;4201;7
54607;4400;2
54608;3669;4
54609;8848;4
54610;7164;3
54611;6175;3
54612;4545;1
54613;2131;4
54614;1973;4
54615;8755;1
54616;6288;3
54617;2655;4
54618;7509;5
54619;7438;5
54620;8560;6
54621;3221;5
54622;1525;1
54623;6470;4
54624;8001;3
54625;1342;2
54626;3814;4
54627;8084;3
54628;6197;7
54629;4361;3
54630;1037;6
54631;4635;6
54632;6648;7
54633;5464;6
54634;7574;1
54635;8125;2
54636;5414;7
54637;6503;5
54638;4474;7
54639;7066;2
54640;6263;6
54641;3213;1
54642;4780;3
54643;2996;5
54644;8121;6
54645;4806;2
54646;7191;3
54647;7195;5
54648;2451;7
54649;3354;1
54650;4939;6
54651;1862;1
54652;2758;3
54653;5318;5
54654;1121;5
54655;6074;5
54656;4604;4
54657;3524;2
54658;4772;3
54659;1653;7
54660;5484;2
54661;6099;5
54662;6736;5
54663;5308;1
54664;4570;1
54665;1205;3
54666;1241;2
54667;8089;2
54668;8682;2
54669;2611;6
54670;5834;4
54671;3138;5
54672;6131;4
54673;1637;2
54674;2849;6
54675;1083;2
54676;3134;7
54677;7820;7
54678;3750;4
54679;4441;2
54680;6323;7
54681;4624;1
54682;6663;2
54683;2329;3
54684;7605;1
54685;4694;7
54686;8083;1
54687;4797;5
54688;1546;6
54689;7588;4
54690;6300;2
54691;1250;4
54692;7361;7
54693;2897;1
54694;2492;6
54695;8165;4
54696;3935;1
54697;8215;4
54698;5439;3
54699;5600;1
54700;5423;4
54701;2979;6
54702;6141;5
54703;5948;4
54704;1892;2
54705;5978;1
54706;3382;3
54707;5714;3
54708;4658;7
54709;6864;5
54710;3010;3
54711;7306;1
54712;2065;5
54713;8445;4
54714;6675;6
54715;8981;7
54716;8360;5
54717;2124;3
54718;8146;1
54719;4069;3
54720;8652;4
54721;8027;3
54722;5756;6
54723;4877;5
54724;7840;3
54725;3709;3
54726;3097;7
54727;1118;4
54728;6154;3
54729;8051;4
54730;5990;2
54731;8267;7
54732;6000;7
54733;7453;4
54734;3116;6
54735;3165;2
54736;6201;1
54737;1036;7
54738;8528;7
54739;7115;1
54740;3654;3
54741;1835;5
54742;5173;3
54743;4722;7
54744;1510;1
54745;6022;4
54746;6390;2
54747;5800;1
54748;5143;7
54749;7036;6
54750;8592;5
54751;4940;6
54752;3733;4
54753;3129;2
54754;6358;3
54755;4498;7
54756;1841;5
54757;4085;6
54758;5517;1
54759;3847;5
54760;6416;1
54761;6478;4
54762;3594;5
54763;4976;7
54764;1292;6
54765;3163;7
54766;6981;7
54767;5748;7
54768;5139;2
54769;6437;5
54770;1072;7
54771;4306;6
54772;1391;6
54773;3142;3
54774;8727;7
54775;1113;5
54776;7582;5
54777;7440;3
54778;2058;3
54779;8407;3
54780;5068;2
54781;1308;7
54782;2160;2
54783;1153;6
54784;1583;2
54785;7003;4
54786;5737;3
54787;8090;4
54788;1337;7
54789;2930;5
54790;7504;3
54791;5412;3
54792;1797;3
54793;2429;6
54794;1817;6
54795;6160;5
54796;8486;6
54797;3388;4
54798;1402;2
54799;4230;3
54800;2570;2
54801;8703;3
54802;1164;3
54803;1007;6
54804;2926;6
54805;1614;7
54806;1363;7
54807;6461;5
54808;3825;7
54809;1625;5
54810;6617;3
54811;4858;6
54812;7973;7
54813;4431;6
54814;4415;5
54815;7114;2
54816;7344;7
54817;2818;6
54818;6621;7
54819;3323;1
54820;2429;4
54821;1259;6
54822;4903;2
54823;5519;1
54824;7775;1
54825;6029;5
54826;8437;1
54827;5415;6
54828;6515;2
54829;4269;6
54830;6562;3
54831;1854;4
54832;4165;4
54833;3299;1
54834;1430;2
54835;3249;2
54836;5140;6
54837;1394;1
54838;6910;5
54839;5343;7
54840;2170;2
54841;4894;2
54842;8104;5
54843;7297;3
54844;6886;4
54845;6565;5
54846;7807;3
54847;8496;5
54848;5696;4
54849;6366;7
54850;3744;3
54851;5729;7
54852;2947;1
54853;2724;3
54854;3121;5
54855;4931;1
54856;2655;3
54857;3992;5
54858;2042;3
54859;2144;4
54860;7277;6
54861;2086;1
54862;4400;1
54863;1466;3
54864;7014;1
54865;6690;2
54866;8391;7
54867;1557;2
54868;6508;5
54869;1258;1
54870;6787;2
54871;6802;3
54872;4670;1
54873;3006;2
54874;3126;7
54875;7059;3
54876;3532;1
54877;6101;4
54878;1268;1
54879;1824;6
54880;4492;4
54881;2801;4
54882;5193;1
54883;4914;6
54884;7914;7
54885;2420;3
54886;2054;3
54887;2982;4
54888;3044;7
54889;8831;6
54890;8542;6
54891;4767;1
54892;7087;7
54893;8672;4
54894;3890;2
54895;4663;7
54896;2050;4
54897;3833;4
54898;8020;2
54899;3882;7
54900;8165;2
54901;5623;3
54902;2441;1
54903;3628;1
54904;5075;1
54905;8734;7
54906;4964;5
54907;8463;3
54908;1417;2
54909;1890;6
54910;7852;5
54911;3837;5
54912;1361;7
54913;1705;1
54914;1996;4
54915;5691;1
54916;4881;6
54917;4194;2
54918;3429;6
54919;6534;1
54920;8765;3
54921;3073;5
54922;1327;1
54923;5076;4
54924;7339;2
54925;2607;5
54926;8810;4
54927;1609;4
54928;6962;5
54929;3777;5
54930;8255;3
54931;1230;4
54932;6941;7
54933;5603;4
54934;5666;5
54935;4641;7
54936;7686;1
54937;5007;3
54938;7840;6
54939;6394;7
54940;5866;5
54941;8419;6
54942;1134;4
54943;3813;5
54944;4206;6
54945;2865;2
54946;2472;7
54947;4398;7
54948;5405;3
54949;8078;5
54950;2012;3
54951;5370;5
54952;7469;6
54953;8778;4
54954;1734;1
54955;4444;7
54956;2723;4
54957;1240;7
54958;3944;1
54959;8239;1
54960;4988;2
54961;5477;2
54962;4187;1
54963;6804;1
54964;4077;6
54965;7731;6
54966;5000;3
54967;8397;3
54968;2583;5
54969;7104;5
54970;3941;5
54971;6026;4
54972;8926;4
54973;6311;1
54974;6066;4
54975;4369;6
54976;3297;5
54977;3791;2
54978;3517;2
54979;1724;3
54980;8547;6
54981;4236;7
54982;4272;2
54983;1376;2
54984;6906;5
54985;4902;1
54986;7763;7
54987;8026;3
54988;1634;4
54989;1839;1
54990;3771;3
54991;8699;4
54992;4426;1
54993;2714;6
54994;2904;1
54995;1200;1
54996;1211;7
54997;2789;1
54998;3834;5
54999;8833;5
55000;2329;7
55001;2195;6
55002;6036;7
55003;2242;5
55004;1300;4
55005;6613;3
55006;4214;7
55007;8733;5
55008;7176;1
55009;5822;1
55010;7985;3
55011;3750;4
55012;5958;7
55013;5667;5
55014;4572;3
55015;2962;2
55016;7265;6
55017;3370;3
55018;8371;3
55019;3765;4
55020;5102;4
55021;8532;4
55022;2329;4
55023;6861;4
55024;6515;7
55025;8407;4
55026;4282;1
55027;6580;6
55028;8703;5
55029;3029;5
55030;4435;4
55031;5696;5
55032;7183;6
55033;2901;2
55034;1137;3
55035;4381;4
55036;2923;7
55037;8176;4
55038;4979;6
55039;1178;2
55040;5981;4
55041;5686;6
55042;1603;1
55043;3910;1
55044;7368;5
55045;6542;2
55046;6652;5
55047;1637;3
55048;2789;2
55049;2536;7
55050;6667;3
55051;3419;2
55052;7280;7
55053;1555;4
55054;1298;7
55055;6869;6
55056;5337;7
55057;2952;3
55058;4557;6
55059;2598;4
55060;8755;5
55061;7969;3
55062;8470;6
55063;5818;7
55064;5448;7
55065;5750;5
55066;1451;4
55067;7259;5
55068;5869;5
55069;2341;5
55070;6556;1
55071;1512;6
55072;1317;4
55073;1694;7
55074;5082;6
55075;1317;5
55076;1472;3
55077;2775;2
55078;1688;6
55079;6682;3
55080;6440;7
55081;6864;3
55082;6257;7
55083;8328;6
55084;7907;7
55085;4905;4
55086;4454;2
55087;3594;4
55088;2294;2
55089;7094;1
55090;2672;6
55091;4397;4
55092;4517;1
55093;2903;4
55094;5313;1
55095;1780;7
55096;7091;2
55097;2100;7
55098;1019;4
55099;5215;4
55100;3446;7
55101;2658;6
55102;7665;7
55103;2268;6
55104;5973;7
55105;8537;5
55106;6605;1
55107;4641;4
55108;6866;2
55109;6843;3
55110;7270;2
55111;5613;2
55112;6999;1
55113;5293;2
55114;5333;4
55115;2960;6
55116;6515;3
55117;1769;1
55118;4733;6
55119;3804;1
55120;6422;2
55121;2019;7
55122;7218;5
55123;3783;5
55124;7382;4
55125;8437;2
55126;8634;6
55127;5933;5
55128;4705;2
55129;3219;5
55130;3737;6
55131;8301;1
55132;4133;3
55133;7175;6
55134;4949;4
55135;6109;5
55136;8114;1
55137;4131;7
55138;7605;6
55139;1785;3
55140;2590;7
55141;6168;1
55142;1399;1
55143;6853;6
55144;6780;6
55145;3239;2
55146;6369;6
55147;6650;6
55148;1003;1
55149;5083;3
55150;1830;5
55151;3886;3
55152;1592;5
55153;7457;2
55154;3466;2
55155;4257;5
55156;3694;7
55157;7484;7
55158;5472;4
55159;1730;2
55160;7543;7
55161;3777;5
55162;1139;4
55163;1656;3
55164;8494;5
55165;8301;7
55166;5609;1
55167;3485;1
55168;6207;6
55169;2487;2
55170;4914;1
55171;8845;3
55172;8721;5
55173;5975;1
55174;7134;3
55175;5215;7
55176;1528;1
55177;8362;5
55178;2809;4
55179;6539;4
55180;2943;4
55181;4129;5
55182;1611;3
55183;1900;4
55184;3899;6
55185;5368;2
55186;3963;4
55187;4426;2
55188;5883;5
55189;1039;5
55190;7338;6
55191;5497;4
55192;5669;6
55193;7560;1
55194;2865;3
55195;3486;7
55196;8988;1
55197;8871;7
55198;8469;7
55199;1125;2
55200;7427;7
55201;1414;1
55202;6824;6
55203;6637;4
55204;6117;6
55205;1063;2
55206;6445;2
55207;5768;4
55208;1268;1
55209;5651;7
55210;7695;4
55211;3169;3
55212;4747;1
55213;3719;2
55214;4619;3
55215;4105;6
55216;7357;2
55217;3251;1
55218;6786;1
55219;1307;2
55220;6641;5
55221;4155;6
55222;4447;7
55223;6647;3
55224;1119;7
55225;2922;5
55226;2141;5
55227;2197;4
55228;1713;7
55229;4116;2
55230;4832;5
55231;4875;2
55232;1146;2
55233;7022;4
55234;1436;3
55235;3165;7
55236;8050;7
55237;7473;2
55238;1349;5
55239;5540;1
55240;6973;2
55241;7948;1
55242;1517;3
55243;5910;1
55244;2862;2
55245;4191;5
55246;2179;7
55247;6349;2
55248;7211;7
55249;2570;2
55250;2886;5
55251;4143;6
55252;7279;7
55253;1435;4
55254;5992;1
55255;6472;1
55256;3889;5
55257;3771;1
55258;8584;6
55259;3643;7
55260;7836;2
55261;7460;6
55262;6622;5
55263;3860;5
55264;4479;7
55265;6132;4
55266;6066;4
55267;2375;3
55268;7737;6
55269;4526;7
55270;8896;5
55271;5789;1
55272;1201;7
55273;4959;6
55274;5512;6
55275;3944;7
55276;6261;2
55277;6011;3
55278;5268;3
55279;7481;2
55280;6160;3
55281;7394;2
55282;3649;3
55283;6009;3
55284;2203;3
55285;7263;6
55286;2404;3
55287;8668;2
55288;3080;5
55289;1691;6
55290;7766;2
55291;2270;2
55292;2201;3
55293;1486;4
55294;8072;4
55295;8332;1
55296;5049;3
55297;5044;1
55298;7642;6
55299;6472;1
55300;5994;5
55301;8836;7
55302;4366;5
55303;6887;2
55304;4955;4
55305;4111;7
55306;2750;6
55307;8741;3
55308;8905;2
55309;2594;1
55310;1887;4
55311;4517;3
55312;2247;6
55313;5370;6
55314;3040;6
55315;1556;5
55316;6654;2
55317;5460;1
55318;7800;1
55319;3689;7
55320;8441;2
55321;6999;3
55322;3672;3
55323;1841;2
55324;3257;2
55325;8702;1
55326;5565;1
55327;4557;6
55328;6815;2
55329;3306;7
55330;6310;1
55331;6625;2
55332;5332;7
55333;2362;4
55334;4897;5
55335;6233;5
55336;7417;2
55337;6342;5
55338;4937;4
55339;1363;2
55340;7035;5
55341;2932;2
55342;8037;6
55343;1381;4
55344;2796;5
55345;1905;4
55346;6274;1
55347;5156;4
55348;1756;1
55349;6602;3
55350;1865;3
55351;8779;4
55352;5624;4
55353;3699;1
55354;2990;6
55355;6496;6
55356;5673;4
55357;4238;1
55358;4061;5
55359;2855;2
55360;4171;3
55361;2853;3
55362;6722;2
55363;3349;6
55364;1829;5
55365;8842;4
55366;8056;2
55367;2501;7
55368;5418;2
55369;3420;7
55370;3948;6
55371;2920;1
55372;4598;3
55373;8589;1
55374;6821;4
55375;3598;1
55376;2393;6
55377;3984;4
55378;2119;3
55379;1832;3
55380;4413;6
55381;1457;5
55382;5342;7
55383;6185;7
55384;8312;2
55385;3896;7
55386;2121;5
55387;1085;2
55388;8344;1
55389;4405;7
55390;7168;5
55391;6633;5
55392;7828;4
55393;7421;1
55394;2208;1
55395;7549;5
55396;8365;5
55397;6136;6
55398;2314;3
55399;5237;3
55400;3161;6
55401;2410;4
55402;4209;4
55403;6212;5
55404;1179;5
55405;8264;3
55406;6205;6
55407;1471;3
55408;4567;6
55409;7197;3
55410;2319;6
55411;6836;2
55412;4035;7
55413;7018;4
55414;4044;6
55415;5182;1
55416;3729;1
55417;3530;7
55418;3689;3
55419;4370;4
55420;7548;2
55421;8785;5
55422;8554;4
55423;1221;1
55424;4664;5
55425;2121;5
55426;4692;6
55427;1610;7
55428;3932;3
55429;8724;4
55430;7829;2
55431;8134;1
55432;8243;2
55433;7538;4
55434;7407;7
55435;2373;7
55436;8950;3
55437;8071;6
55438;4162;5
55439;8899;6
55440;5990;6
55441;2375;4
55442;7848;3
55443;1949;3
55444;8831;5
55445;8480;4
55446;8992;7
55447;1079;1
55448;2136;6
55449;7278;5
55450;7873;7
55451;5138;6
55452;2054;6
55453;8124;5
55454;6000;6
55455;4478;6
55456;3834;6
55457;4711;3
55458;8289;1
55459;7122;3
55460;7829;6
55461;5796;4
55462;4166;3
55463;1408;2
55464;1279;1
55465;4896;5
55466;7274;6
55467;2079;1
55468;4982;2
55469;2644;2
55470;6736;5
55471;1147;4
55472;8670;1
55473;3935;2
55474;8122;5
55475;4218;6
55476;7407;3
55477;2355;6
55478;3195;7
55479;8278;5
55480;3713;6
55481;2302;6
55482;4448;5
55483;3097;7
55484;6542;7
55485;6386;1
55486;1496;2
55487;4689;4
55488;2702;1
55489;4680;5
55490;5069;7
55491;8735;5
55492;3763;4
55493;1703;7
55494;6345;6
55495;7718;7
55496;8927;2
55497;7598;1
55498;5388;7
55499;8036;7
55500;1950;3
55501;7043;4
55502;2839;2
55503;7881;7
55504;1394;2
55505;3726;6
55506;1336;6
55507;2970;3
55508;1231;1
55509;2412;2
55510;4066;7
55511;4978;2
55512;1539;1
55513;4461;7
55514;1008;5
55515;5575;6
55516;1880;5
55517;3163;5
55518;3194;5
55519;3644;3
55520;2855;4
55521;6013;6
55522;5731;5
55523;3581;5
55524;5180;5
55525;7206;7
55526;7298;4
55527;4934;7
55528;8243;5
55529;4295;2
55530;3774;4
55531;8911;3
55532;3088;2
55533;8163;3
55534;4957;1
55535;3921;2
55536;4289;7
55537;8449;2
55538;5121;2
55539;1008;1
55540;6988;4
55541;7925;5
55542;6036;1
55543;7809;3
55544;8530;6
55545;1614;2
55546;1910;6
55547;1765;1
55548;3545;6
55549;4521;7
55550;2413;6
55551;6366;7
55552;2578;3
55553;7892;1
55554;8772;6
55555;5448;7
55556;3948;2
55557;6492;5
55558;8765;5
55559;5391;7
55560;1098;4
55561;3517;1
55562;2844;6
55563;4692;3
55564;1476;7
55565;8779;6
55566;2845;1
55567;6421;5
55568;7222;3
55569;7729;5
55570;3814;5
55571;3834;1
55572;2367;4
55573;5045;3
55574;5372;1
55575;6192;1
55576;2296;7
55577;6108;1
55578;5039;3
55579;7922;5
55580;2616;5
55581;7213;3
55582;5461;1
55583;8167;5
55584;7128;2
55585;5074;5
55586;6295;3
55587;3774;7
55588;8307;2
55589;3929;1
55590;6989;6
55591;3737;1
55592;8046;1
55593;5675;4
55594;7687;6
55595;1819;2
55596;1013;6
55597;2589;6
55598;6748;5
55599;1433;7
55600;7003;7
55601;7089;7
55602;6920;3
55603;5338;5
55604;7726;2
55605;3077;1
55606;7295;1
55607;1309;5
55608;3195;4
55609;3097;6
55610;3210;7
55611;3888;6
55612;2880;2
55613;5143;2
55614;4836;1
55615;5885;6
55616;3217;2
55617;2792;7
55618;2134;1
55619;4717;3
55620;6777;7
55621;6678;7
55622;5552;1
55623;6995;5
55624;3745;1
55625;4230;1
55626;8808;1
55627;8912;7
55628;2160;5
55629;8951;4
55630;8335;2
55631;5600;1
55632;3884;2
55633;7885;7
55634;2425;7
55635;1186;4
55636;3520;7
55637;4533;5
55638;4204;2
55639;5764;6
55640;2772;2
55641;2010;7
55642;6859;1
55643;8957;7
55644;3413;1
55645;7030;1
55646;3127;2
55647;4091;4
55648;6764;4
55649;6771;1
55650;4202;3
55651;8274;7
55652;3050;2
55653;3664;6
55654;2135;1
55655;5884;1
55656;7684;5
55657;4223;1
55658;3831;7
55659;6481;6
55660;7211;1
55661;1860;3
55662;5402;6
55663;3510;5
55664;8938;1
55665;1631;1
55666;2425;6
55667;5337;6
55668;5641;7
55669;7108;2
55670;5638;4
55671;1118;5
55672;1241;6
55673;5179;4
55674;3323;7
55675;4316;6
55676;8471;3
55677;4550;3
55678;1129;1
55679;1308;3
55680;1496;5
55681;4735;4
55682;5558;3
55683;1842;5
55684;3442;2
55685;6879;6
55686;8262;7
55687;7656;1
55688;5983;1
55689;1006;1
55690;6057;5
55691;1182;4
55692;2847;2
55693;6181;1
55694;5220;4
55695;6614;4
55696;8721;6
55697;5180;3
55698;1558;3
55699;4924;7
55700;8293;5
55701;5680;6
55702;2812;2
55703;5561;3
55704;7975;5
55705;2183;7
55706;8885;1
55707;1192;3
55708;4319;1
55709;2110;1
55710;3755;1
55711;8325;5
55712;7035;3
55713;8455;3
55714;1103;6
55715;1921;6
55716;1044;3
55717;5689;7
55718;2584;1
55719;6749;2
55720;1791;5
55721;7792;7
55722;2021;1
55723;3837;1
55724;8121;6
55725;2361;5
55726;4846;5
55727;4315;5
55728;7529;2
55729;7989;3
55730;2500;7
55731;7709;5
55732;5746;3
55733;4662;2
55734;3304;3
55735;8591;2
55736;7615;3
55737;4199;3
55738;6272;7
55739;7660;7
55740;7651;5
55741;8638;5
55742;6490;4
55743;6131;2
55744;5045;2
55745;2833;2
55746;8596;1
55747;4671;4
55748;6076;2
55749;6216;2
55750;4064;5
55751;3294;5
55752;6894;7
55753;1573;7
55754;8190;5
55755;2490;5
55756;1063;2
55757;2106;4
55758;6902;5
55759;2155;6
55760;1774;3
55761;3775;7
55762;2763;7
55763;7644;6
55764;6538;2
55765;4370;2
55766;8643;1
55767;8960;3
55768;8269;6
55769;7338;3
55770;5097;5
55771;8883;1
55772;5958;1
55773;7677;1
55774;1706;2
55775;3676;1
55776;8867;7
55777;6162;6
55778;4620;7
55779;7566;6
55780;6357;3
55781;4850;4
55782;3706;5
55783;7147;4
55784;1724;7
55785;3802;4
55786;5575;7
55787;8596;5
55788;1968;4
55789;7306;5
55790;2474;3
55791;8281;7
55792;6102;5
55793;8441;7
55794;3891;5
55795;5370;7
55796;6857;1
55797;4618;1
55798;2708;7
55799;8964;1
55800;5224;5
55801;4244;4
55802;4718;6
55803;4143;1
55804;4143;7
55805;3612;2
55806;8518;2
55807;2197;4
55808;1319;2
55809;2979;2
55810;5590;4
55811;8995;2
55812;3787;7
55813;1390;3
55814;1026;5
55815;5892;6
55816;7107;2
55817;8603;5
55818;7048;1
55819;4361;5
55820;5980;4
55821;5039;7
55822;4064;5
55823;7735;7
55824;2216;6
55825;6632;5
55826;1374;2
55827;3374;7
55828;3033;4
55829;3837;4
55830;8648;1
55831;5470;3
55832;5120;5
55833;4539;3
55834;5877;1
55835;7727;5
55836;6748;3
55837;4147;4
55838;8742;2
55839;5597;4
55840;6568;2
55841;4228;4
55842;5017;7
55843;2235;3
55844;4488;3
55845;2040;2
55846;2766;5
55847;2417;5
55848;5303;3
55849;3739;5
55850;5653;3
55851;7396;6
55852;4360;4
55853;1930;4
55854;6621;3
55855;8044;4
55856;2610;4
55857;5187;3
55858;4912;6
55859;8877;7
55860;6436;3
55861;1963;2
55862;8979;3
55863;1563;7
55864;1292;4
55865;1584;6
55866;1183;5
55867;3445;4
55868;5365;2
55869;4085;1
55870;5129;6
55871;5966;5
55872;3127;1
55873;8447;3
55874;8789;6
55875;6805;3
55876;2755;7
55877;1465;6
55878;8968;5
55879;1942;4
55880;1202;2
55881;4517;1
55882;8235;6
55883;5084;1
55884;8024;1
55885;1200;5
55886;8260;6
55887;8672;4
55888;8540;5
55889;1702;6
55890;6810;7
55891;1465;2
55892;3954;4
55893;8276;3
55894;7090;2
55895;4138;3
55896;5334;6
55897;2076;4
55898;5056;4
55899;4744;4
55900;2280;7
55901;5213;7
55902;2052;4
55903;7834;1
55904;1145;2
55905;4783;6
55906;6065;5
55907;2232;3
55908;6741;5
55909;2273;7
55910;1913;4
55911;8455;7
55912;8027;6
55913;6732;6
55914;3247;4
55915;2859;4
55916;3175;2
55917;8726;2
55918;3252;6
55919;4884;7
55920;4918;3
55921;4676;6
55922;7269;5
55923;6739;7
55924;7548;2
55925;5067;5
55926;8309;2
55927;7388;1
55928;4927;5
55929;3369;6
55930;2572;7
55931;4922;3
55932;8117;6
55933;5101;6
55934;7343;5
55935;4576;1
55936;4855;3
55937;4712;6
55938;3753;2
55939;1788;6
55940;6195;6
55941;1635;7
55942;8490;2
55943;6698;7
55944;6965;3
55945;5990;3
55946;4414;1
55947;8395;4
55948;4235;1
55949;5701;2
55950;2793;4
55951;2588;7
55952;6937;1
55953;3186;7
55954;3497;1
55955;2387;1
55956;5039;5
55957;4124;6
55958;2738;1
55959;4539;7
55960;2834;5
55961;8889;7
55962;4348;5
55963;6798;7
55964;6703;7
55965;2033;6
55966;1030;6
55967;1591;5
55968;4973;6
55969;1590;7
55970;7707;1
55971;6620;3
55972;4760;7
55973;3159;1
55974;8141;7
55975;2363;2
55976;7245;2
55977;6464;6
55978;3012;3
55979;5209;4
55980;6598;5
55981;3280;3
55982;8715;6
55983;3190;4
55984;7782;3
55985;1805;1
55986;6298;1
55987;1839;6
55988;5065;2
55989;8562;5
55990;2426;5
55991;7262;5
55992;6272;2
55993;2775;4
55994;4058;4
55995;8630;1
55996;5954;5
55997;2858;5
55998;7117;7
55999;8187;7
56000;4812;2
56001;6027;1
56002;8511;3
56003;5437;6
56004;8155;4
56005;4107;6
56006;4252;5
56007;4161;3
56008;5783;5
56009;2906;3
56010;2270;5
56011;1260;6
56012;5323;6
56013;1372;1
56014;8494;1
56015;1595;4
56016;7379;6
56017;6168;2
56018;8360;1
56019;5099;5
56020;2767;3
56021;3253;5
56022;3487;4
56023;8715;7
56024;3670;3
56025;1608;5
56026;5586;5
56027;1619;7
56028;2724;2
56029;7306;1
56030;7130;1
56031;8626;1
56032;1314;6
56033;6949;2
56034;8699;3
56035;5792;6
56036;1898;4
56037;3938;3
56038;5193;3
56039;4180;3
56040;5886;1
56041;5977;7
56042;6603;4
56043;3770;4
56044;1340;6
56045;7366;4
56046;3845;2
56047;8873;5
56048;5294;2
56049;1267;6
56050;5944;7
56051;2072;3
56052;8731;6
56053;5932;4
56054;8527;2
56055;1045;2
56056;1901;6
56057;5729;3
56058;2246;1
56059;8627;6
56060;8288;2
56061;7120;6
56062;6649;7
56063;5670;5
56064;6058;1
56065;1267;6
56066;1910;4
56067;8305;1
56068;5716;7
56069;6228;6
56070;3236;3
56071;6934;2
56072;7409;6
56073;3764;2
56074;5820;7
56075;8106;5
56076;1905;1
56077;6796;5
56078;4597;1
56079;2316;7
56080;6178;2
56081;2462;5
56082;1436;3
56083;2421;2
56084;2727;2
56085;7690;5
56086;1321;6
56087;6891;4
56088;8009;5
56089;1195;7
56090;8459;4
56091;5960;4
56092;7793;4
56093;2858;7
56094;8748;6
56095;4086;3
56096;6275;5
56097;2360;5
56098;1074;7
56099;8626;5
56100;1842;3
56101;4375;6
56102;4557;6
56103;5933;1
56104;8740;7
56105;5996;7
56106;3838;4
56107;5790;4
56108;3817;3
56109;8304;1
56110;8702;3
56111;8536;7
56112;1284;3
56113;6373;6
56114;8202;5
56115;4442;5
56116;7544;5
56117;8743;6
56118;8004;3
56119;7379;5
56120;2378;4
56121;2247;5
56122;2278;5
56123;7209;1
56124;6988;4
56125;7416;4
56126;7799;1
56127;7028;3
56128;3117;4
56129;6754;3
56130;1671;3
56131;5831;5
56132;2643;7
56133;5880;7
56134;6624;3
56135;1661;6
56136;5630;6
56137;5693;4
56138;5571;5
56139;7752;2
56140;6234;3
56141;4505;5
56142;3158;7
56143;1349;4
56144;7152;5
56145;6709;5
56146;2260;2
56147;8754;5
56148;7391;4
56149;4118;4
56150;1474;2
56151;6259;1
56152;8656;3
56153;6094;7
56154;6291;7
56155;8232;4
56156;1583;3
56157;2583;3
56158;6533;1
56159;5192;1
56160;6622;6
56161;3618;5
56162;5694;4
56163;6394;3
56164;1198;1
56165;2852;4
56166;5737;7
56167;8152;4
56168;4983;6
56169;5949;7
56170;3461;4
56171;3326;2
56172;5141;6
56173;7957;2
56174;1849;4
56175;8037;7
56176;7641;5
56177;7694;2
56178;1660;2
56179;7450;6
56180;3585;7
56181;8309;3
56182;8760;2
56183;3916;5
56184;7534;6
56185;4323;1
56186;3562;1
56187;2426;3
56188;5169;2
56189;6518;1
56190;4320;4
56191;2328;5
56192;8327;7
56193;1048;3
56194;3341;4
56195;3293;7
56196;2769;3
56197;2780;7
56198;5848;4
56199;6504;7
56200;6326;1
56201;1859;7
56202;3723;4
56203;1590;4
56204;3685;1
56205;7264;3
56206;2439;4
56207;8982;2
56208;4819;6
56209;6203;6
56210;6825;5
56211;4617;4
56212;4815;1
56213;3232;4
56214;5816;1
56215;7366;1
56216;1300;1
56217;8250;7
56218;4520;2
56219;6359;5
56220;1513;3
56221;1028;1
56222;1554;3
56223;2667;4
56224;6772;5
56225;3773;4
56226;5793;5
56227;4860;5
56228;3597;7
56229;4444;1
56230;7898;1
56231;7657;4
56232;7450;5
56233;4208;2
56234;1606;2
56235;8317;2
56236;7474;4
56237;1498;6
56238;8332;7
56239;3843;6
56240;3886;1
56241;5454;4
56242;1163;5
56243;1783;1
56244;5589;6
56245;1039;2
56246;4392;2
56247;3205;5
56248;8557;3
56249;1966;4
56250;5695;3
56251;8778;4
56252;1441;4
56253;5747;6
56254;1217;3
56255;5750;5
56256;4234;7
56257;2277;6
56258;8531;7
56259;5210;6
56260;2013;4
56261;2381;1
56262;1165;4
56263;2195;7
56264;1042;5
56265;7012;5
56266;8380;3
56267;2389;7
56268;2619;6
56269;3717;1
56270;8592;2
56271;4437;3
56272;8798;5
56273;1165;1
56274;3745;1
56275;7080;1
56276;2980;2
56277;2794;3
56278;2671;5
56279;1297;2
56280;5979;2
56281;1429;6
56282;2479;3
56283;3235;6
56284;8561;1
56285;7663;5
56286;7689;4
56287;2526;5
56288;2476;4
56289;6625;5
56290;4543;4
56291;4246;2
56292;7025;2
56293;7177;5
56294;8376;5
56295;7914;4
56296;8000;1
56297;7533;1
56298;7286;1
56299;5157;5
56300;5596;3
56301;3940;1
56302;7880;1
56303;6834;7
56304;4053;2
56305;7949;4
56306;2601;7
56307;7070;5
56308;6385;3
56309;7997;2
56310;1142;6
56311;4146;1
56312;2268;7
56313;6544;4
56314;4349;1
56315;5081;3
56316;3350;7
56317;2964;2
56318;1708;1
56319;5842;2
56320;3036;1
56321;8512;6
56322;8145;1
56323;6072;2
56324;7563;7
56325;6729;3
56326;3412;6
56327;4331;7
56328;8367;6
56329;6143;2
56330;5469;7
56331;5714;3
56332;8318;3
56333;2900;6
56334;3814;2
56335;5089;2
56336;8937;6
56337;6254;1
56338;6397;6
56339;7539;3
56340;3891;7
56341;1133;4
56342;2503;3
56343;3903;7
56344;2181;7
56345;8166;6
56346;1860;7
56347;8965;3
56348;7455;5
56349;2301;7
56350;3515;3
56351;1141;4
56352;6335;6
56353;6491;4
56354;8238;6
56355;4894;6
56356;6147;1
56357;3891;5
56358;8909;2
56359;3159;6
56360;1614;6
56361;1436;7
56362;4047;2
56363;7139;7
56364;8950;3
56365;8173;7
56366;2046;6
56367;3716;6
56368;8316;7
56369;7117;6
56370;1312;4
56371;4152;7
56372;5015;7
56373;5904;5
56374;4315;1
56375;4075;2
56376;2832;6
56377;2014;3
56378;3597;1
56379;6674;4
56380;3217;6
56381;6265;6
56382;8619;3
56383;6689;4
56384;8481;7
56385;4763;5
56386;8058;5
56387;7075;5
56388;8823;2
56389;7862;6
56390;3775;2
56391;6507;3
56392;5400;4
56393;8276;5
56394;8322;5
56395;8333;6
56396;7142;3
56397;7812;6
56398;3475;2
56399;5211;6
56400;7757;1
56401;2033;6
56402;6198;1
56403;8953;2
56404;4138;7
56405;5317;5
56406;3227;6
56407;7465;4
56408;6803;5
56409;5430;1
56410;8327;2
56411;3645;3
56412;6125;5
56413;4534;3
56414;4552;2
56415;6334;2
56416;6639;5
56417;1477;3
56418;8504;5
56419;8313;5
56420;8154;5
56421;5303;7
56422;5442;6
56423;6591;7
56424;7912;1
56425;6053;7
56426;7574;2
56427;6615;5
56428;4404;2
56429;5386;7
56430;4281;4
56431;7428;5
56432;8937;2
56433;8578;7
56434;4235;1
56435;8526;7
56436;8760;7
56437;6244;3
56438;1026;1
56439;6458;2
56440;4332;5
56441;8539;6
56442;4453;7
56443;7204;7
56444;2795;5
56445;8686;7
56446;4563;3
56447;2219;7
56448;2652;4
56449;7694;6
56450;6669;3
56451;3267;2
56452;8120;3
56453;7771;2
56454;6997;1
56455;2535;4
56456;5657;4
56457;2761;4
56458;6179;4
56459;3632;6
56460;8725;4
56461;2245;1
56462;2812;6
56463;6089;6
56464;2071;6
56465;6168;3
56466;3446;3
56467;8307;3
56468;5657;1
56469;1278;3
56470;7054;7
56471;7944;1
56472;8843;2
56473;5439;7
56474;8625;4
56475;8130;3
56476;2103;2
56477;8167;5
56478;1664;6
56479;7669;3
56480;3592;6
56481;5856;1
56482;6255;4
56483;4051;2
56484;6891;7
56485;5439;1
56486;8422;5
56487;2888;2
56488;8126;2
56489;4092;4
56490;1752;5
56491;1846;3
56492;6609;3
56493;8276;3
56494;5423;4
56495;5014;7
56496;6600;5
56497;3085;3
56498;1840;7
56499;7618;3
56500;1661;2
56501;8324;5
56502;6473;3
56503;4999;1
56504;5148;1
56505;3249;5
56506;1578;2
56507;2549;2
56508;6993;2
56509;1479;1
56510;7950;5
56511;7040;4
56512;1680;4
56513;2909;1
56514;3389;5
56515;4845;3
56516;5580;5
56517;5051;1
56518;4986;4
56519;7764;5
56520;8243;2
56521;8628;2
56522;7285;6
56523;4964;4
56524;4026;4
56525;1790;4
56526;7703;6
56527;3125;7
56528;6500;5
56529;1887;7
56530;7675;3
56531;3416;4
56532;6716;5
56533;5254;5
56534;8838;4
56535;8785;6
56536;3782;1
56537;4899;3
56538;3581;2
56539;5670;4
56540;5133;3
56541;2609;3
56542;1974;1
56543;8208;4
56544;3594;1
56545;5094;2
56546;7660;2
56547;7409;5
56548;6472;3
56549;2159;3
56550;7693;3
56551;4044;3
56552;2637;4
56553;4272;1
56554;6172;1
56555;6295;4
56556;2402;7
56557;8840;2
56558;1432;4
56559;2803;3
56560;3680;7
56561;7119;3
56562;1850;6
56563;1970;2
56564;5652;6
56565;4542;6
56566;1639;1
56567;7832;3
56568;1971;5
56569;1579;5
56570;8680;1
56571;3788;2
56572;1734;4
56573;7853;4
56574;7480;4
56575;8814;7
56576;1573;3
56577;7759;4
56578;8017;3
56579;8727;6
56580;5250;1
56581;7102;7
56582;5166;6
56583;4696;1
56584;2694;4
56585;2972;7
56586;8475;4
56587;2451;6
56588;4559;4
56589;5345;6
56590;5052;2
56591;1910;1
56592;4190;3
56593;4680;4
56594;3585;4
56595;5570;2
56596;4711;7
56597;3569;2
56598;5344;6
56599;4283;6
56600;8780;1
56601;1711;5
56602;5477;1
56603;2703;2
56604;6595;2
56605;4409;2
56606;2787;2
56607;8221;3
56608;6187;1
56609;8132;4
56610;1649;5
56611;5680;3
56612;8887;2
56613;2326;4
56614;1112;3
56615;1135;4
56616;4718;2
56617;1085;6
56618;4076;4
56619;6515;6
56620;7211;4
56621;7436;6
56622;1881;5
56623;1440;1
56624;7615;2
56625;2485;5
56626;1954;6
56627;2808;6
56628;5377;1
56629;3370;6
56630;3048;5
56631;7412;1
56632;2083;1
56633;4224;7
56634;5650;5
56635;5454;2
56636;2332;3
56637;8853;7
56638;2914;1
56639;7218;1
56640;4595;7
56641;6279;3
56642;2157;2
56643;3791;7
56644;8910;2
56645;5658;7
56646;3437;2
56647;8929;1
56648;5161;6
56649;2292;5
56650;1109;6
56651;1570;5
56652;3234;4
56653;8708;4
56654;6507;2
56655;3828;6
56656;4415;1
56657;4108;4
56658;2681;3
56659;3039;7
56660;7195;6
56661;3464;2
56662;3300;4
56663;8436;6
56664;8047;7
56665;4923;2
56666;2198;1
56667;6968;5
56668;6804;6
56669;8256;3
56670;5764;3
56671;8814;3
56672;6408;4
56673;2155;1
56674;8642;3
56675;6495;6
56676;1720;4
56677;3237;7
56678;4064;2
56679;8384;1
56680;8940;1
56681;1876;2
56682;1720;3
56683;4410;2
56684;4134;6
56685;3621;5
56686;6137;7
56687;3682;7
56688;1240;6
56689;6660;7
56690;7386;6
56691;1814;7
56692;2457;6
56693;3705;3
56694;4790;1
56695;5286;2
56696;3317;7
56697;4776;2
56698;8598;3
56699;1748;7
56700;6490;3
56701;1843;5
56702;1881;4
56703;8257;5
56704;3305;6
56705;7695;5
56706;1071;3
56707;8005;1
56708;1508;6
56709;7177;2
56710;7771;5
56711;4098;6
56712;8968;2
56713;3249;5
56714;7590;2
56715;8472;4
56716;4244;7
56717;3338;7
56718;2130;2
56719;3412;2
56720;8698;4
56721;3500;4
56722;8334;1
56723;8489;7
56724;5127;7
56725;7639;7
56726;6433;2
56727;4725;1
56728;6642;4
56729;4238;6
56730;2611;5
56731;2879;2
56732;5143;3
56733;3362;6
56734;2460;5
56735;1892;4
56736;1159;1
56737;3111;6
56738;3703;4
56739;7725;3
56740;2804;5
56741;8336;1
56742;1725;4
56743;1440;4
56744;7590;7
56745;4120;1
56746;3226;4
56747;6696;1
56748;2261;1
56749;1706;6
56750;6501;5
56751;8164;3
56752;8476;6
56753;4886;7
56754;3704;4
56755;3270;1
56756;6039;5
56757;6619;3
56758;6355;6
56759;3656;2
56760;6468;7
56761;6476;5
56762;4220;4
56763;2602;1
56764;1029;4
56765;8724;6
56766;6232;5
56767;3994;3
56768;2830;5
56769;3612;2
56770;5852;2
56771;5157;1
56772;5040;2
56773;4800;1
56774;3838;6
56775;2549;1
56776;7615;1
56777;6997;1
56778;1568;6
56779;6857;4
56780;3906;1
56781;7462;1
56782;5013;5
56783;8989;7
56784;6607;7
56785;4357;7
56786;7457;2
56787;6474;4
56788;8611;4
56789;6669;4
56790;7505;2
56791;2126;7
56792;2607;4
56793;2289;1
56794;3805;7
56795;1909;5
56796;8934;3
56797;3150;4
56798;5812;5
56799;3867;5
56800;6620;4
56801;5505;4
56802;4587;7
56803;8668;3
56804;4824;7
56805;4959;6
56806;5391;7
56807;8033;1
56808;7086;2
56809;8598;3
56810;7415;5
56811;6359;6
56812;5871;2
56813;8017;3
56814;4128;6
56815;5310;4
56816;7547;4
56817;7698;1
56818;3271;4
56819;4124;2
56820;5137;3
56821;5932;6
56822;8887;3
56823;5821;5
56824;2128;3
56825;7028;4
56826;6988;1
56827;7041;2
56828;8478;6
56829;4246;3
56830;6671;7
56831;7354;4
56832;3619;7
56833;4678;7
56834;5030;2
56835;5316;2
56836;6333;4
56837;2609;7
56838;6422;2
56839;3158;5
56840;6260;4
56841;2678;1
56842;8971;6
56843;3060;1
56844;2830;1
56845;7526;3
56846;1114;2
56847;5181;6
56848;2014;2
56849;5907;2
56850;4250;2
56851;7413;2
56852;1159;6
56853;3400;1
56854;5285;6
56855;5660;6
56856;6890;1
56857;8957;4
56858;5971;6
56859;5997;6
56860;6496;2
56861;3078;1
56862;2091;1
56863;1710;7
56864;7116;7
56865;8788;5
56866;8345;7
56867;6455;3
56868;4020;3
56869;2595;7
56870;3537;7
56871;1018;2
56872;3625;4
56873;3009;3
56874;7871;1
56875;7720;2
56876;6081;4
56877;8576;1
56878;7985;5
56879;4703;3
56880;7333;6
56881;5833;2
56882;4448;1
56883;6154;2
56884;1375;4
56885;1410;6
56886;8095;3
56887;5192;1
56888;6514;2
56889;7694;1
56890;4718;7
56891;1467;3
56892;6065;2
56893;7556;7
56894;3111;3
56895;4702;1
56896;2298;6
56897;7751;6
56898;6667;2
56899;2289;2
56900;2028;4
56901;5388;6
56902;8890;2
56903;2702;5
56904;4189;2
56905;7475;1
56906;1638;2
56907;4656;6
56908;5950;1
56909;1266;4
56910;5737;4
56911;4586;4
56912;3536;7
56913;4865;5
56914;2513;7
56915;6489;3
56916;8104;5
56917;6834;7
56918;8403;5
56919;8944;4
56920;5600;7
56921;6719;3
56922;3894;3
56923;4484;4
56924;5045;6
56925;1305;5
56926;6487;5
56927;4779;3
56928;8857;3
56929;3302;6
56930;5129;5
56931;1199;5
56932;6430;4
56933;2220;5
56934;3143;7
56935;3494;3
56936;1244;1
56937;8579;1
56938;6806;3
56939;3851;3
56940;1551;1
56941;7445;6
56942;3139;3
56943;1256;6
56944;3485;7
56945;7658;3
56946;2201;7
56947;5678;7
56948;2294;7
56949;3293;3
56950;5317;6
56951;6977;4
56952;4965;6
56953;5140;7
56954;3132;1
56955;8431;6
56956;5604;2
56957;6068;4
56958;1846;3
56959;4101;6
56960;8009;6
56961;3650;7
56962;8486;7
56963;7744;3
56964;2565;2
56965;6333;7
56966;5539;6
56967;5235;2
56968;6485;4
56969;8595;3
56970;2784;3
56971;2476;3
56972;7694;5
56973;3189;1
56974;8010;5
56975;1518;3
56976;5293;4
56977;4381;7
56978;4380;2
56979;1635;7
56980;7688;1
56981;7793;6
56982;8763;4
56983;7251;1
56984;4852;3
56985;5675;1
56986;2509;7
56987;4372;2
56988;6541;1
56989;2182;6
56990;3882;3
56991;5746;1
56992;5609;5
56993;7693;4
56994;2664;3
56995;3219;5
56996;3441;2
56997;4618;3
56998;1546;6
56999;6944;5
57000;6725;1
57001;2032;3
57002;2056;5
57003;8685;2
57004;4425;6
57005;4783;5
57006;6486;4
57007;8994;2
57008;8546;3
57009;5483;6
57010;1678;4
57011;5782;1
57012;1871;3
57013;2789;7
57014;2653;4
57015;2395;1
57016;2529;6
57017;6356;3
57018;7050;4
57019;6983;7
57020;3180;5
57021;5680;2
57022;6922;3
57023;4653;4
57024;6859;3
57025;1139;4
57026;1512;3
57027;7650;3
57028;8734;1
57029;3717;7
57030;2900;5
57031;4352;4
57032;5106;2
57033;2526;1
57034;3903;5
57035;7299;3
57036;5774;3
57037;4791;7
57038;7861;4
57039;8206;4
57040;8613;1
57041;8412;5
57042;3632;6
57043;8959;5
57044;3861;3
57045;4797;2
57046;5341;5
57047;8646;7
57048;4640;2
57049;3987;5
57050;4906;4
57051;8697;3
57052;7350;7
57053;7652;1
57054;7751;6
57055;8968;1
57056;6912;1
57057;5000;1
57058;4798;6
57059;5863;3
57060;7122;3
57061;1731;2
57062;5644;7
57063;1717;1
57064;8197;4
57065;6769;3
57066;8576;6
57067;7450;6
57068;4046;5
57069;3698;5
57070;7129;1
57071;4166;4
57072;8694;6
57073;3251;7
57074;8664;5
57075;7549;4
57076;8932;4
57077;6373;3
57078;2000;5
57079;8113;4
57080;2367;7
57081;3590;6
57082;5532;3
57083;4192;5
57084;6412;2
57085;6640;6
57086;4095;6
57087;7047;6
57088;3618;1
57089;1563;4
57090;2111;4
57091;1263;4
57092;5828;6
57093;6736;2
57094;4974;7
57095;2456;5
57096;8830;5
57097;4194;4
57098;5371;2
57099;7158;4
57100;4700;1
57101;4467;2
57102;2708;4
57103;4592;3
57104;3764;1
57105;7150;5
57106;1081;3
57107;8198;1
57108;3713;5
57109;7314;3
57110;5490;5
57111;3305;1
57112;6063;5
57113;5169;6
57114;5236;5
57115;8457;4
57116;7038;2
57117;2954;3
57118;7128;4
57119;8583;2
57120;2267;4
57121;4014;6
57122;5357;5
57123;1712;4
57124;4239;7
57125;7744;3
57126;5220;7
57127;8613;1
57128;8997;5
57129;7949;6
57130;3065;1
57131;1903;1
57132;2821;4
57133;2097;2
57134;1785;4
57135;4559;3
57136;1595;5
57137;7073;3
57138;8975;6
57139;6816;2
57140;5755;2
57141;3669;5
57142;8498;5
57143;8259;5
57144;6985;3
57145;3394;6
57146;1600;6
57147;7784;1
57148;1667;7
57149;3909;3
57150;2015;7
57151;5026;7
57152;3500;7
57153;8467;6
57154;5345;1
57155;6693;3
57156;7980;1
57157;7707;6
57158;1127;1
57159;8229;7
57160;5569;5
57161;2287;1
57162;5668;7
57163;8523;2
57164;4591;7
57165;6840;6
57166;1251;1
57167;8248;5
57168;8151;2
57169;2965;2
57170;2988;7
57171;6739;5
57172;1273;6
57173;5415;5
57174;3354;5
57175;6765;4
57176;4443;5
57177;1285;5
57178;7167;5
57179;6290;5
57180;8403;6
57181;1417;7
57182;3122;7
57183;2952;2
57184;3113;7
57185;7436;6
57186;5624;7
57187;1808;1
57188;5825;4
57189;2655;1
57190;7058;4
57191;4229;3
57192;1360;1
57193;7315;2
57194;4069;5
57195;7569;1
57196;7041;6
57197;1183;3
57198;1457;6
57199;4082;2
57200;7893;2
57201;4210;2
57202;5469;5
57203;2378;3
57204;6347;3
57205;1623;2
57206;7935;2
57207;6874;7
57208;7174;1
57209;6910;2
57210;3095;7
57211;5221;1
57212;4247;1
57213;3215;4
57214;8679;6
57215;2633;6
57216;3602;6
57217;4307;2
57218;6566;5
57219;5570;5
57220;1214;6
57221;7655;2
57222;1836;6
57223;5777;2
57224;3998;5
57225;3602;3
57226;5547;5
57227;4623;3
57228;6357;1
57229;1756;2
57230;6582;6
57231;6057;5
57232;1735;5
57233;5377;3
57234;1124;6
57235;6106;4
57236;7560;1
57237;2981;6
57238;2186;5
57239;3416;3
57240;3033;1
57241;8164;7
57242;8560;2
57243;2412;6
57244;1873;5
57245;7749;1
57246;1255;3
57247;8368;3
57248;4056;2
57249;4442;3
57250;8632;5
57251;1455;7
57252;6146;4
57253;3414;3
57254;5282;4
57255;5700;2
57256;7714;5
57257;5252;1
57258;8741;3
57259;3005;7
57260;7791;1
57261;3699;4
57262;5998;6
57263;5331;2
57264;4913;7
57265;8906;2
57266;8546;4
57267;1852;6
57268;6758;2
57269;5127;7
57270;5949;2
57271;5471;2
57272;2004;3
57273;8628;3
57274;6701;2
57275;8413;5
57276;8360;1
57277;7518;7
57278;1226;6
57279;8220;4
57280;5211;6
57281;1704;4
57282;6587;5
57283;1399;2
57284;4964;4
57285;8820;7
57286;4316;3
57287;7476;7
57288;7001;3
57289;8661;6
57290;5184;5
57291;8541;7
57292;7506;7
57293;1129;2
57294;6665;7
57295;5888;7
57296;1524;1
57297;6580;6
57298;3241;5
57299;5608;3
57300;1880;3
57301;4277;3
57302;8232;7
57303;4113;4
57304;4894;6
57305;8548;3
57306;3496;6
57307;7754;3
57308;5982;3
57309;3948;3
57310;5725;6
57311;3669;5
57312;4729;7
57313;7432;1
57314;1603;6
57315;2962;5
57316;3956;3
57317;5601;5
57318;8989;7
57319;5623;7
57320;7140;1
57321;3258;5
57322;6504;2
57323;4033;1
57324;4718;6
57325;3775;3
57326;2886;2
57327;6619;5
57328;3542;5
57329;6301;2
57330;6245;2
57331;1687;5
57332;8555;5
57333;4614;6
57334;3212;5
57335;1470;1
57336;5857;6
57337;3924;6
57338;5834;5
57339;7466;1
57340;4944;6
57341;6584;5
57342;4722;1
57343;3435;6
57344;5413;1
57345;2094;6
57346;4537;7
57347;4034;7
57348;6316;2
57349;6041;1
57350;3772;5
57351;5354;1
57352;7825;7
57353;1435;1
57354;3189;2
57355;2031;2
57356;8723;7
57357;6952;1
57358;1872;4
57359;6646;3
57360;6072;3
57361;4881;6
57362;7966;1
57363;1263;7
57364;6697;1
57365;5320;3
57366;5597;7
57367;8589;5
57368;6633;2
57369;3792;4
57370;5403;1
57371;6771;2
57372;8929;5
57373;1991;1
57374;1949;3
57375;5876;2
57376;3826;1
57377;3974;2
57378;4761;3
57379;8951;5
57380;1353;6
57381;1806;5
57382;1049;5
57383;2605;4
57384;2190;4
57385;8463;2
57386;6150;1
57387;7807;5
57388;2180;4
57389;6125;7
57390;3522;2
57391;8381;4
57392;8728;4
57393;1251;6
57394;3436;4
57395;5335;6
57396;5541;2
57397;6286;3
57398;3283;5
57399;1892;3
57400;6551;2
57401;2684;2
57402;3520;3
57403;7336;1
57404;3529;2
57405;7800;7
57406;6988;6
57407;3104;4
57408;3089;4
57409;8675;5
57410;1939;7
57411;1785;2
57412;6846;3
57413;4450;6
57414;2517;3
57415;6206;1
57416;5007;2
57417;7782;4
57418;5481;3
57419;1713;7
57420;4829;1
57421;8960;3
57422;6885;3
57423;8303;3
57424;1509;5
57425;4877;7
57426;8375;1
57427;8756;7
57428;7774;2
57429;5394;3
57430;5194;1
57431;1319;7
57432;5572;2
57433;8220;3
57434;7159;2
57435;7157;6
57436;3590;5
57437;8361;5
57438;7800;3
57439;5905;1
57440;3757;6
57441;2248;3
57442;4890;6
57443;1899;1
57444;2725;6
57445;5050;5
57446;7906;6
57447;6492;1
57448;8569;2
57449;7282;4
57450;5579;6
57451;8598;2
57452;7294;4
57453;8839;4
57454;5498;6
57455;4004;4
57456;6202;5
57457;4557;5
57458;6975;6
57459;3795;2
57460;6114;6
57461;5007;4
57462;2017;5
57463;5172;1
57464;5661;4
57465;5179;5
57466;4052;3
57467;1946;3
57468;5468;4
57469;6438;2
57470;4915;5
57471;1765;4
57472;2143;1
57473;8658;1
57474;4695;1
57475;2759;4
57476;8404;6
57477;6448;1
57478;5338;4
57479;7400;7
57480;8181;2
57481;8664;1
57482;7395;5
57483;3390;7
57484;6918;2
57485;4765;1
57486;2596;2
57487;2328;7
57488;2338;5
57489;1406;3
57490;5946;1
57491;8201;2
57492;8216;6
57493;4853;7
57494;7767;6
57495;6753;5
57496;5486;2
57497;5742;2
57498;7766;5
57499;3031;6
57500;5236;3
57501;6492;3
57502;4083;6
57503;1495;5
57504;2628;5
57505;1824;6
57506;3880;4
57507;8629;2
57508;5755;1
57509;8638;4
57510;7749;7
57511;3219;6
57512;2036;5
57513;5040;6
57514;2190;1
57515;4895;4
57516;5453;4
57517;1559;5
57518;2291;1
57519;3693;2
57520;6243;4
57521;7860;6
57522;5822;4
57523;4349;5
57524;1503;4
57525;2071;7
57526;4238;6
57527;2891;4
57528;6207;2
57529;7375;4
57530;1230;4
57531;2631;1
57532;5489;6
57533;7479;5
57534;4154;7
57535;6484;5
57536;4950;2
57537;8926;2
57538;7634;5
57539;5824;3
57540;1555;5
57541;8266;6
57542;7215;6
57543;5389;5
57544;8749;2
57545;7600;2
57546;5492;3
57547;5950;6
57548;5710;3
57549;6200;4
57550;7045;6
57551;7598;5
57552;7886;2
57553;8540;2
57554;4745;1
57555;7036;7
57556;5498;3
57557;7630;6
57558;7535;4
57559;2414;7
57560;8285;5
57561;3854;2
57562;3898;2
57563;8324;5
57564;5861;1
57565;2351;6
57566;2184;1
57567;7569;4
57568;4997;6
57569;4723;1
57570;6385;1
57571;5282;3
57572;1523;6
57573;6641;5
57574;4019;1
57575;3065;6
57576;7344;3
57577;2486;7
57578;5542;6
57579;7877;6
57580;4313;6
57581;5177;5
57582;3336;2
57583;1159;2
57584;3205;1
57585;3577;1
57586;6581;6
57587;2716;6
57588;2353;3
57589;6397;5
57590;6546;5
57591;5330;5
57592;4829;5
57593;6320;7
57594;7727;6
57595;1456;1
57596;1388;5
57597;1514;4
57598;1131;5
57599;8802;4
57600;4270;6
57601;2030;2
57602;4680;6
57603;6756;2
57604;2292;1
57605;5703;6
57606;6250;2
57607;6565;4
57608;4081;6
57609;2443;3
57610;8533;3
57611;8279;7
57612;7360;6
57613;4447;6
57614;6083;5
57615;2115;1
57616;6273;6
57617;8035;6
57618;6512;5
57619;3799;5
57620;2703;3
57621;4006;7
57622;1208;4
57623;8173;6
57624;8619;5
57625;2428;7
57626;5313;6
57627;4675;7
57628;4379;7
57629;4623;4
57630;2916;2
57631;2016;2
57632;6446;6
57633;5308;4
57634;4271;3
57635;2176;5
57636;4258;6
57637;2321;5
57638;1417;4
57639;6384;5
57640;3628;5
57641;3028;2
57642;4017;6
57643;6777;3
57644;3030;5
57645;3417;6
57646;2716;7
57647;2677;3
57648;6863;4
57649;3067;2
57650;2397;5
57651;6882;6
57652;5712;7
57653;3759;4
57654;1929;4
57655;8616;1
57656;7984;2
57657;7595;3
57658;4071;1
57659;1411;3
57660;8531;1
57661;8069;3
57662;7041;6
57663;4151;4
57664;8137;5
57665;7102;2
57666;1349;6
57667;8615;4
57668;8593;2
57669;5341;5
57670;3926;2
57671;8606;6
57672;7202;7
57673;7993;7
57674;5503;1
57675;6171;1
57676;8265;3
57677;8146;7
57678;8284;1
57679;3010;3
57680;7176;5
57681;8132;1
57682;7830;2
57683;2203;6
57684;1074;1
57685;7119;6
57686;3859;5
57687;8404;2
57688;4463;3
57689;8499;7
57690;5762;5
57691;4422;4
57692;7270;6
57693;2335;1
57694;4417;2
57695;2762;5
57696;7094;5
57697;1473;7
57698;7606;3
57699;4648;7
57700;1653;6
57701;5032;4
57702;7532;2
57703;7640;4
57704;5789;5
57705;2833;3
57706;5576;4
57707;2357;3
57708;7575;4
57709;7272;2
57710;3624;7
57711;7871;4
57712;7507;4
57713;7677;6
57714;6762;4
57715;2497;7
57716;3064;5
57717;2452;7
57718;5763;2
57719;1257;2
57720;4606;3
57721;3561;7
57722;8301;5
57723;1062;2
57724;3962;6
57725;1552;4
57726;1741;7
57727;3123;6
57728;5340;5
57729;8663;3
57730;3510;1
57731;6356;3
57732;5527;2
57733;4614;1
57734;6097;7
57735;7785;4
57736;4085;4
57737;1907;4
57738;7566;6
57739;1403;7
57740;8825;2
57741;8823;1
57742;7767;2
57743;5598;5
57744;5866;5
57745;6630;4
57746;7754;3
57747;5283;5
57748;3514;5
57749;1165;1
57750;5531;2
57751;2779;7
57752;3157;3
57753;5998;4
57754;2425;2
57755;6134;5
57756;5431;2
57757;1455;7
57758;3968;3
57759;5907;6
57760;8534;2
57761;7171;4
57762;1831;3
57763;3721;5
57764;1288;7
57765;2776;4
57766;5304;7
57767;7277;6
57768;5448;4
57769;4280;5
57770;5954;1
57771;2611;3
57772;7016;7
57773;8584;1
57774;8497;2
57775;1632;7
57776;3627;6
57777;7126;2
57778;4752;3
57779;4317;7
57780;1114;3
57781;2437;5
57782;2343;5
57783;7952;1
57784;6651;4
57785;5251;6
57786;1254;7
57787;7645;6
57788;7722;2
57789;8765;5
57790;4837;1
57791;5683;7
57792;5940;3
57793;3732;4
57794;7061;4
57795;7247;4
57796;8792;2
57797;7542;6
57798;4982;4
57799;7640;3
57800;2975;2
57801;8547;2
57802;5572;5
57803;2194;6
57804;5535;7
57805;8702;5
57806;5312;4
57807;1906;4
57808;5116;7
57809;7979;4
57810;8830;2
57811;7009;3
57812;7086;3
57813;7904;5
57814;6701;5
57815;6113;3
57816;1236;7
57817;5002;6
57818;2576;6
57819;7787;4
57820;3984;3
57821;5478;7
57822;4226;3
57823;8876;7
57824;5889;1
57825;5288;6
57826;2443;7
57827;7386;6
57828;5734;6
57829;6952;7
57830;8829;3
57831;5085;6
57832;8343;3
57833;7825;2
57834;7035;5
57835;3979;5
57836;8584;5
57837;1863;6
57838;8019;3
57839;3610;5
57840;2758;1
57841;7910;5
57842;7382;7
57843;1933;5
57844;3992;6
57845;2490;5
57846;3110;3
57847;8934;3
57848;3284;4
57849;1139;4
57850;8678;3
57851;8113;5
57852;2565;4
57853;1909;1
57854;6904;5
57855;3409;4
57856;8297;6
57857;4471;7
57858;1191;2
57859;4572;7
57860;6964;1
57861;3386;3
57862;2119;6
57863;2053;6
57864;5505;6
57865;8329;1
57866;4389;6
57867;6843;1
57868;5232;3
57869;7513;4
57870;8437;3
57871;5246;7
57872;4581;6
57873;2030;7
57874;7694;7
57875;2097;3
57876;7458;5
57877;1890;1
57878;4273;5
57879;4757;6
57880;3429;2
57881;5969;5
57882;7000;5
57883;8668;4
57884;4984;5
57885;6074;3
57886;1919;4
57887;4592;6
57888;7122;6
57889;3135;3
57890;1830;5
57891;4354;2
57892;7286;2
57893;1967;5
57894;3660;2
57895;6298;6
57896;4807;2
57897;7974;6
57898;8422;2
57899;3816;5
57900;5182;6
57901;3060;3
57902;7914;3
57903;1969;5
57904;4296;1
57905;3709;3
57906;2394;2
57907;2911;2
57908;3698;3
57909;6704;4
57910;1000;5
57911;3572;3
57912;2518;6
57913;7213;1
57914;7324;6
57915;3069;5
57916;2691;1
57917;4317;1
57918;3668;7
57919;6063;7
57920;1126;4
57921;1146;6
57922;7397;5
57923;2160;4
57924;7739;7
57925;5026;6
57926;5655;5
57927;8800;7
57928;8269;7
57929;8464;4
57930;3292;3
57931;2897;3
57932;3843;2
57933;1956;1
57934;7126;7
57935;6184;4
57936;3987;1
57937;5422;3
57938;2587;6
57939;3038;6
57940;5240;5
57941;8146;7
57942;5717;1
57943;2356;6
57944;5547;5
57945;1501;2
57946;1362;4
57947;2769;5
57948;1994;3
57949;2160;6
57950;7696;6
57951;1462;6
57952;5156;5
57953;2873;7
57954;1078;3
57955;5468;4
57956;1511;4
57957;7833;3
57958;6624;3
57959;2192;5
57960;6775;7
57961;1867;4
57962;8895;4
57963;4358;7
57964;8768;1
57965;3547;3
57966;4311;7
57967;4470;6
57968;6723;5
57969;8265;2
57970;6663;6
57971;2779;3
57972;1042;5
57973;2491;3
57974;2827;6
57975;1399;6
57976;3723;5
57977;8457;7
57978;2686;5
57979;4458;4
57980;6611;5
57981;1458;5
57982;3897;5
57983;8362;4
57984;8720;7
57985;2173;1
57986;8764;7
57987;1999;4
57988;5505;3
57989;8457;4
57990;2367;2
57991;3348;6
57992;5548;5
57993;1571;7
57994;1855;3
57995;8731;1
57996;2187;7
57997;1170;6
57998;4489;1
57999;3820;2
58000;6776;3
58001;4389;4
58002;8553;6
58003;4655;3
58004;6991;7
58005;2226;4
58006;3344;2
58007;6428;1
58008;7566;3
58009;8537;6
58010;8454;5
58011;4222;7
58012;8638;3
58013;8301;2
58014;7824;5
58015;1248;1
58016;4767;2
58017;8269;7
58018;1971;5
58019;4581;7
58020;1765;5
58021;7076;1
58022;5480;6
58023;1503;4
58024;4038;2
58025;4540;5
58026;6112;6
58027;3134;3
58028;1648;7
58029;5544;3
58030;4758;5
58031;1136;4
58032;3199;1
58033;2071;3
58034;8193;4
58035;1848;2
58036;8243;7
58037;6927;1
58038;7979;7
58039;5828;3
58040;6166;3
58041;5806;1
58042;2143;6
58043;6924;2
58044;7252;5
58045;5560;7
58046;2751;1
58047;1829;7
58048;8330;2
58049;1807;7
58050;3690;3
58051;3731;7
58052;7583;1
58053;7249;6
58054;2577;7
58055;8382;5
58056;6768;5
58057;7358;1
58058;8853;5
58059;8241;1
58060;8383;7
58061;5567;7
58062;3095;5
58063;5686;1
58064;5046;5
58065;4654;7
58066;8218;7
58067;7371;4
58068;2806;1
58069;2985;2
58070;8597;4
58071;1807;2
58072;4074;1
58073;3667;3
58074;1306;5
58075;7594;7
58076;2878;2
58077;7978;5
58078;8651;4
58079;3863;6
58080;7783;3
58081;2207;3
58082;7032;2
58083;6240;4
58084;1643;5
58085;8910;7
58086;4865;6
58087;8847;6
58088;3798;7
58089;2890;7
58090;5805;7
58091;3096;6
58092;5206;1
58093;3286;3
58094;2384;6
58095;5930;1
58096;6449;5
58097;2548;7
58098;7987;2
58099;8554;7
58100;5496;3
58101;5086;1
58102;2055;2
58103;3964;4
58104;8043;2
58105;7058;4
58106;7804;1
58107;1354;5
58108;5550;3
58109;8331;4
58110;3993;5
58111;4761;1
58112;5212;6
58113;2901;3
58114;2742;6
58115;2617;3
58116;6993;7
58117;2901;4
58118;7141;5
58119;6430;4
58120;6372;1
58121;1796;6
58122;2706;1
58123;3469;6
58124;1415;5
58125;7172;3
58126;8485;6
58127;8975;4
58128;7349;5
58129;2984;5
58130;2769;1
58131;3836;5
58132;1346;1
58133;6264;2
58134;2048;1
58135;6353;6
58136;9000;6
58137;1252;4
58138;3097;6
58139;2544;4
58140;5726;5
58141;3184;3
58142;7266;1
58143;3336;6
58144;1319;3
58145;2175;6
58146;8790;5
58147;7366;6
58148;6264;4
58149;5023;4
58150;8700;1
58151;3859;2
58152;5228;5
58153;7469;7
58154;6995;5
58155;1781;1
58156;8931;5
58157;5852;4
58158;7809;3
58159;6542;3
58160;6872;5
58161;2592;2
58162;5852;6
58163;8622;5
58164;5825;2
58165;7681;4
58166;2696;4
58167;1779;2
58168;3853;3
58169;3927;4
58170;4943;2
58171;5135;1
58172;4967;5
58173;4691;3
58174;7130;3
58175;1023;1
58176;1172;6
58177;1735;3
58178;7797;3
58179;3046;3
58180;6162;2
58181;6136;7
58182;2386;6
58183;3021;2
58184;4907;4
58185;8053;5
58186;6047;5
58187;5776;1
58188;3513;1
58189;1397;5
58190;6457;1
58191;5864;1
58192;1707;6
58193;3869;5
58194;8073;5
58195;2572;4
58196;6886;7
58197;8327;2
58198;1578;2
58199;4683;1
58200;3668;1
58201;2873;6
58202;5142;7
58203;5748;7
58204;1579;5
58205;8907;5
58206;3716;7
58207;4035;1
58208;7740;4
58209;8884;2
58210;8140;6
58211;4781;2
58212;6410;6
58213;8306;2
58214;3634;2
58215;1473;3
58216;6867;3
58217;2311;4
58218;3160;3
58219;3044;6
58220;6125;2
58221;7035;1
58222;8425;3
58223;4417;7
58224;8639;4
58225;7486;1
58226;3999;3
58227;4714;4
58228;5420;2
58229;1110;6
58230;5056;3
58231;5289;7
58232;4686;2
58233;4235;2
58234;8989;7
58235;4666;6
58236;3115;5
58237;6546;2
58238;7294;4
58239;8811;2
58240;5180;4
58241;1821;7
58242;4838;1
58243;1846;6
58244;7048;2
58245;3863;5
58246;6381;6
58247;2213;3
58248;4044;3
58249;3735;5
58250;3412;2
58251;7723;5
58252;4383;5
58253;2645;7
58254;8604;6
58255;8835;6
58256;1858;1
58257;6363;6
58258;2927;2
58259;6828;6
58260;5471;1
58261;8247;1
58262;6611;7
58263;6980;1
58264;1511;2
58265;7105;2
58266;4192;7
58267;3929;6
58268;8385;2
58269;3422;3
58270;8187;2
58271;7298;3
58272;5648;4
58273;8480;3
58274;4633;2
58275;6553;7
58276;8553;6
58277;3709;2
58278;8078;1
58279;7820;1
58280;4474;2
58281;1043;1
58282;5858;3
58283;2676;5
58284;7267;4
58285;1306;7
58286;4372;2
58287;3178;6
58288;5249;1
58289;7495;6
58290;2291;1
58291;8020;3
58292;8497;5
58293;6260;2
58294;8364;4
58295;4651;2
58296;2311;3
58297;5356;7
58298;1142;2
58299;3050;4
58300;8433;7
58301;5628;5
58302;8280;6
58303;7089;3
58304;8180;7
58305;2351;2
58306;2678;7
58307;3831;1
58308;4877;7
58309;7096;3
58310;1349;3
58311;3924;2
58312;3548;1
58313;7049;7
58314;7942;3
58315;1600;3
58316;3356;4
58317;1363;6
58318;6811;1
58319;6131;6
58320;7830;6
58321;5450;3
58322;8195;6
58323;2115;5
58324;5741;1
58325;4377;4
58326;2647;3
58327;8790;4
58328;4634;5
58329;3066;4
58330;2598;7
58331;2283;4
58332;1899;3
58333;3563;1
58334;2319;1
58335;5466;1
58336;2850;3
58337;6093;3
58338;6205;1
58339;1817;4
58340;5740;4
58341;5609;6
58342;2118;4
58343;3771;1
58344;4615;6
58345;1002;2
58346;4718;3
58347;5664;6
58348;3389;6
58349;7404;6
58350;7822;6
58351;5502;5
58352;6872;7
58353;5091;7
58354;1509;7
58355;1700;1
58356;3142;5
58357;2784;2
58358;1789;2
58359;1864;5
58360;6086;1
58361;7805;6
58362;6830;3
58363;5065;7
58364;6878;6
58365;7349;4
58366;7798;7
58367;1714;2
58368;4931;3
58369;2962;2
58370;4954;2
58371;8754;1
58372;5303;7
58373;6068;3
58374;5745;2
58375;7306;6
58376;3377;5
58377;3088;1
58378;5126;6
58379;3941;2
58380;2075;6
58381;6118;4
58382;3430;4
58383;1429;4
58384;6842;4
58385;1129;2
58386;1009;1
58387;2584;4
58388;1791;2
58389;2650;3
58390;2277;4
58391;7317;1
58392;6120;2
58393;7501;2
58394;7151;3
58395;5632;4
58396;8271;5
58397;5818;3
58398;8890;4
58399;6944;4
58400;6904;5
58401;5622;6
58402;4997;2
58403;5986;4
58404;1107;7
58405;2590;6
58406;1770;3
58407;8767;7
58408;3581;6
58409;2188;5
58410;8380;2
58411;3937;7
58412;4254;4
58413;1144;3
58414;6926;5
58415;1451;6
58416;1511;5
58417;3944;1
58418;4752;7
58419;2585;1
58420;7037;7
58421;6638;7
58422;7756;6
58423;8019;3
58424;8877;1
58425;1916;6
58426;1747;4
58427;3012;5
58428;1856;7
58429;5097;1
58430;3312;3
58431;5596;5
58432;8780;7
58433;1733;1
58434;3205;7
58435;6680;7
58436;3332;1
58437;6197;5
58438;5895;7
58439;3187;5
58440;4620;4
58441;8062;6
58442;7753;4
58443;8943;4
58444;8915;4
58445;6128;3
58446;2799;6
58447;7837;1
58448;4497;5
58449;6887;5
58450;7431;4
58451;5205;7
58452;6774;4
58453;6977;5
58454;2036;1
58455;3051;4
58456;7648;1
58457;4790;2
58458;2662;3
58459;4923;7
58460;3184;3
58461;1487;1
58462;3043;4
58463;4115;3
58464;5547;6
58465;3115;3
58466;1367;2
58467;7519;5
58468;5029;4
58469;6696;2
58470;8673;1
58471;2601;7
58472;1178;2
58473;1440;2
58474;2397;6
58475;8331;4
58476;3328;3
58477;8701;3
58478;4322;7
58479;1930;6
58480;7529;1
58481;6210;5
58482;5018;3
58483;5650;4
58484;2057;2
58485;1460;5
58486;2317;7
58487;6174;5
58488;8904;6
58489;1160;4
58490;4781;4
58491;6126;7
58492;2849;6
58493;3169;5
58494;6198;5
58495;6180;2
58496;3076;6
58497;6378;6
58498;5015;6
58499;7734;5
58500;3010;3
58501;3315;4
58502;4150;6
58503;7972;6
58504;4495;5
58505;8342;4
58506;3056;3
58507;4947;7
58508;8845;3
58509;2290;2
58510;2668;7
58511;3073;7
58512;2867;5
58513;3295;6
58514;1642;4
58515;3512;5
58516;4307;6
58517;8910;2
58518;7637;6
58519;6891;2
58520;7932;7
58521;2671;6
58522;6991;4
58523;7032;3
58524;1433;6
58525;6737;6
58526;2774;5
58527;6480;1
58528;5924;1
58529;3863;2
58530;7214;5
58531;2534;4
58532;5578;6
58533;5983;3
58534;2349;5
58535;2829;2
58536;8312;3
58537;3825;3
58538;6146;2
58539;7215;5
58540;6273;1
58541;8189;1
58542;6827;3
58543;1937;1
58544;1351;6
58545;3016;2
58546;3477;5
58547;3605;5
58548;7842;5
58549;1383;2
58550;7705;2
58551;5057;3
58552;8260;4
58553;2110;3
58554;4989;1
58555;4725;7
58556;4662;1
58557;7069;6
58558;6637;7
58559;2898;3
58560;7425;2
58561;2400;5
58562;7977;6
58563;2919;5
58564;6650;5
58565;5374;7
58566;6679;2
58567;7666;1
58568;1395;6
58569;1871;5
58570;3577;3
58571;4170;3
58572;2425;3
58573;5476;6
58574;4823;3
58575;5476;5
58576;8711;6
58577;5259;6
58578;5367;1
58579;4555;5
58580;6131;1
58581;2725;4
58582;6970;1
58583;2853;3
58584;3608;5
58585;2155;2
58586;1236;2
58587;4073;7
58588;4218;5
58589;4947;3
58590;6211;6
58591;8854;1
58592;3536;6
58593;7398;5
58594;4521;3
58595;2181;2
58596;4448;3
58597;7870;3
58598;1988;4
58599;7533;4
58600;4284;1
58601;4703;6
58602;8977;7
58603;6396;5
58604;8173;5
58605;3751;7
58606;6416;2
58607;2909;4
58608;5328;6
58609;5206;4
58610;5054;7
58611;2942;4
58612;2983;5
58613;7094;6
58614;5929;7
58615;4825;2
58616;5406;4
58617;7754;7
58618;3787;6
58619;7970;5
58620;1239;2
58621;5434;5
58622;4862;7
58623;4440;2
58624;6526;7
58625;1117;1
58626;2429;7
58627;3593;3
58628;3030;4
58629;3366;3
58630;3038;5
58631;8690;1
58632;8304;7
58633;1339;4
58634;5185;7
58635;7823;4
58636;8619;2
58637;3382;2
58638;3457;5
58639;8302;5
58640;6346;5
58641;3951;6
58642;4343;4
58643;4682;2
58644;4763;2
58645;8284;5
58646;3108;3
58647;8084;7
58648;7921;5
58649;6189;6
58650;8715;1
58651;4653;5
58652;8833;1
58653;4159;5
58654;8160;4
58655;3928;1
58656;5300;5
58657;2028;7
58658;1237;5
58659;5708;3
58660;3168;2
58661;3049;1
58662;1925;6
58663;7826;3
58664;6294;4
58665;1929;6
58666;1979;2
58667;5793;2
58668;8768;6
58669;5560;4
58670;6045;3
58671;6564;5
58672;5396;7
58673;5842;1
58674;5356;6
58675;2997;7
58676;5171;7
58677;2271;6
58678;5046;1
58679;6169;7
58680;1356;6
58681;1019;5
58682;4243;1
58683;5883;7
58684;8828;3
58685;2347;2
58686;4572;7
58687;3977;2
58688;2958;3
58689;2308;3
58690;5059;4
58691;8300;5
58692;3729;7
58693;8592;7
58694;2568;2
58695;8564;1
58696;6399;2
58697;4357;4
58698;4390;5
58699;3763;3
58700;4756;5
58701;6290;7
58702;6526;5
58703;3154;5
58704;2362;1
58705;1173;6
58706;8360;7
58707;2561;7
58708;4186;6
58709;5916;3
58710;3895;1
58711;4486;5
58712;6541;1
58713;7701;6
58714;8560;4
58715;4790;4
58716;1138;3
58717;3929;6
58718;8816;5
58719;3904;5
58720;8163;1
58721;6016;5
58722;8997;4
58723;8917;7
58724;1935;7
58725;6145;1
58726;1061;4
58727;5189;4
58728;4151;4
58729;4357;2
58730;2393;4
58731;8382;3
58732;5585;2
58733;6213;1
58734;5432;2
58735;7015;3
58736;3645;4
58737;1218;6
58738;7658;5
58739;1804;1
58740;4809;2
58741;3418;2
58742;5788;7
58743;5994;1
58744;5797;6
58745;7038;3
58746;8123;3
58747;3879;1
58748;7030;7
58749;2914;5
58750;8031;4
58751;1818;5
58752;3075;7
58753;5358;2
58754;3959;3
58755;3137;4
58756;5233;2
58757;5966;2
58758;2984;2
58759;4463;7
58760;3662;6
58761;6324;7
58762;2718;1
58763;4162;3
58764;1222;5
58765;3905;5
58766;8547;4
58767;4118;2
58768;3542;7
58769;6152;6
58770;8825;2
58771;1455;2
58772;8088;2
58773;1904;3
58774;8177;3
58775;5535;6
58776;8529;4
58777;1795;3
58778;5915;4
58779;1271;5
58780;4751;2
58781;1038;5
58782;5505;3
58783;2958;3
58784;1479;3
58785;7126;7
58786;6563;3
58787;6483;4
58788;6859;5
58789;7792;7
58790;2324;1
58791;8633;6
58792;2132;2
58793;5733;5
58794;5960;5
58795;2935;3
58796;6405;7
58797;4275;6
58798;8781;2
58799;2200;1
58800;4213;1
58801;4779;3
58802;7353;6
58803;3586;3
58804;3171;2
58805;8204;3
58806;8517;5
58807;6942;5
58808;7866;1
58809;1636;4
58810;3140;5
58811;3838;2
58812;1036;5
58813;4680;7
58814;4665;7
58815;6731;3
58816;8699;2
58817;7643;2
58818;2071;1
58819;6940;1
58820;4671;5
58821;7531;5
58822;5320;6
58823;6066;4
58824;8355;4
58825;6162;3
58826;2211;3
58827;8778;3
58828;7550;6
58829;7400;4
58830;2663;2
58831;7855;6
58832;7467;6
58833;8357;6
58834;7601;6
58835;3439;5
58836;6662;6
58837;4483;6
58838;6792;2
58839;3612;7
58840;2183;1
58841;3869;6
58842;2157;2
58843;8535;6
58844;5594;5
58845;7897;3
58846;3231;5
58847;2580;2
58848;6552;3
58849;6820;6
58850;4562;7
58851;7537;7
58852;2398;5
58853;5083;2
58854;8549;6
58855;5860;3
58856;8371;3
58857;4411;6
58858;8568;2
58859;8322;5
58860;2822;4
58861;1782;2
58862;4974;6
58863;3545;4
58864;6933;3
58865;6910;7
58866;3970;3
58867;4872;3
58868;2431;4
58869;6402;5
58870;3553;5
58871;2155;1
58872;5047;2
58873;4081;7
58874;8602;5
58875;1721;1
58876;3398;5
58877;2001;2
58878;2831;1
58879;8580;3
58880;7901;7
58881;3718;7
58882;1096;4
58883;7581;3
58884;2040;6
58885;3912;2
58886;6601;7
58887;8568;2
58888;2981;6
58889;2921;7
58890;3496;6
58891;3022;1
58892;8641;4
58893;5712;2
58894;1332;5
58895;3806;4
58896;8221;1
58897;7017;1
58898;6866;6
58899;6411;7
58900;1373;2
58901;2964;7
58902;5877;1
58903;5653;2
58904;5725;2
58905;1976;6
58906;4999;1
58907;6683;2
58908;2542;4
58909;5138;2
58910;7106;3
58911;2197;7
58912;6315;5
58913;5650;3
58914;3292;6
58915;3694;5
58916;6641;3
58917;5452;4
58918;5666;4
58919;7857;2
58920;6880;7
58921;3313;4
58922;4896;5
58923;5823;2
58924;7180;4
58925;8166;4
58926;8723;1
58927;4807;2
58928;8492;2
58929;4385;6
58930;3215;4
58931;3686;7
58932;8584;1
58933;2344;4
58934;7631;5
58935;4297;1
58936;8717;1
58937;8764;4
58938;8009;1
58939;2767;3
58940;5275;1
58941;8676;7
58942;2078;4
58943;5972;3
58944;8342;3
58945;1103;6
58946;4101;5
58947;3172;6
58948;5336;7
58949;5541;3
58950;8767;7
58951;3098;1
58952;5348;3
58953;8143;7
58954;4206;6
58955;3291;6
58956;6047;7
58957;6077;5
58958;7600;6
58959;4856;7
58960;8773;1
58961;4949;2
58962;8480;1
58963;3315;3
58964;2960;4
58965;7690;1
58966;5122;5
58967;4055;3
58968;3471;4
58969;5612;6
58970;8793;5
58971;8672;2
58972;4450;5
58973;7934;6
58974;4234;3
58975;2470;6
58976;5993;4
58977;2074;2
58978;8376;4
58979;6023;2
58980;2728;7
58981;1631;4
58982;7403;3
58983;8951;7
58984;8806;7
58985;4599;2
58986;8896;1
58987;5766;6
58988;2791;3
58989;1397;2
58990;7443;1
58991;3941;1
58992;6262;5
58993;8077;7
58994;3358;4
58995;2324;1
58996;2116;1
58997;7247;4
58998;8381;5
58999;3554;5
59000;5431;6
59001;1812;4
59002;5018;5
59003;5481;7
59004;7374;1
59005;4292;6
59006;4402;1
59007;2040;7
59008;7163;6
59009;4842;5
59010;8740;2
59011;2497;1
59012;6028;5
59013;4796;7
59014;2940;5
59015;3039;1
59016;8936;4
59017;7579;2
59018;3175;4
59019;1393;7
59020;2830;4
59021;7939;3
59022;8661;6
59023;2235;6
59024;3030;2
59025;3863;6
59026;3395;5
59027;8569;2
59028;7970;4
59029;8742;2
59030;4684;5
59031;8132;6
59032;3356;5
59033;5280;6
59034;3098;4
59035;1036;5
59036;4679;6
59037;7468;7
59038;7639;5
59039;4264;4
59040;4182;1
59041;7317;3
59042;8945;4
59043;2323;1
59044;4282;2
59045;8850;4
59046;2864;7
59047;8478;5
59048;6918;7
59049;6462;5
59050;3023;6
59051;1620;3
59052;6329;1
59053;7189;1
59054;4263;6
59055;7007;6
59056;2104;3
59057;5970;1
59058;2202;7
59059;8348;7
59060;2696;5
59061;2210;3
59062;6009;6
59063;5189;2
59064;6350;6
59065;1699;1
59066;4326;3
59067;4880;7
59068;6511;6
59069;5038;5
59070;6317;5
59071;6651;2
59072;7914;4
59073;6341;6
59074;2210;6
59075;8601;5
59076;2767;5
59077;6211;2
59078;2578;1
59079;8777;5
59080;3036;7
59081;3625;5
59082;2161;1
59083;2948;5
59084;8064;5
59085;3320;3
59086;1460;4
59087;6667;7
59088;2260;7
59089;4362;6
59090;7009;2
59091;6504;7
59092;2693;6
59093;4161;5
59094;6743;6
59095;6166;6
59096;3685;6
59097;3091;1
59098;3457;1
59099;5551;6
59100;7474;7
59101;1875;2
59102;8190;2
59103;5121;3
59104;5244;2
59105;1549;5
59106;7243;1
59107;8096;6
59108;1562;6
59109;4072;4
59110;2347;3
59111;6542;5
59112;1959;5
59113;8472;6
59114;5335;3
59115;4337;6
59116;5926;3
59117;5070;6
59118;1120;2
59119;1212;5
59120;6078;5
59121;1897;7
59122;4935;4
59123;1245;6
59124;2058;1
59125;5759;1
59126;6545;1
59127;3863;3
59128;6606;1
59129;7034;4
59130;7746;6
59131;2168;3
59132;3677;5
59133;7056;7
59134;1380;4
59135;2502;6
59136;5944;6
59137;1002;4
59138;1341;7
59139;2659;3
59140;1170;1
59141;5018;4
59142;4490;2
59143;1914;1
59144;4160;3
59145;7029;5
59146;8769;5
59147;1707;3
59148;7485;6
59149;6973;3
59150;1414;4
59151;8602;7
59152;3218;7
59153;3009;7
59154;6220;3
59155;5680;3
59156;2300;6
59157;1580;1
59158;3518;3
59159;1642;7
59160;6284;2
59161;4805;6
59162;6830;6
59163;2583;5
59164;2410;3
59165;2903;6
59166;8351;7
59167;8359;1
59168;5530;6
59169;7977;4
59170;1297;2
59171;6946;4
59172;2949;4
59173;3076;1
59174;1149;1
59175;5443;5
59176;6662;2
59177;5427;7
59178;4154;4
59179;6715;6
59180;5356;3
59181;3936;5
59182;3465;4
59183;7551;7
59184;8145;6
59185;8983;3
59186;7910;2
59187;5868;1
59188;1437;7
59189;6323;4
59190;8912;2
59191;5989;6
59192;3624;5
59193;2653;6
59194;2420;4
59195;1713;6
59196;2879;5
59197;7306;3
59198;4243;6
59199;7515;6
59200;4155;7
59201;4519;5
59202;6340;1
59203;3690;2
59204;4885;3
59205;8933;6
59206;1032;1
59207;3440;6
59208;8538;3
59209;8907;2
59210;6520;6
59211;2622;7
59212;4893;2
59213;2274;6
59214;3720;5
59215;8889;3
59216;3409;2
59217;3512;5
59218;2482;4
59219;6790;5
59220;2423;3
59221;1634;4
59222;4618;2
59223;1366;3
59224;5921;5
59225;3872;3
59226;6669;3
59227;3024;1
59228;3500;3
59229;2413;6
59230;3833;4
59231;3476;5
59232;7842;2
59233;8094;5
59234;2920;2
59235;6522;7
59236;8091;7
59237;5730;6
59238;6459;4
59239;5412;2
59240;1064;5
59241;3778;4
59242;3758;6
59243;6800;6
59244;6979;2
59245;5827;3
59246;7638;2
59247;2836;7
59248;4784;6
59249;8193;1
59250;8115;6
59251;8107;6
59252;2924;7
59253;2408;6
59254;4637;5
59255;3016;6
59256;4464;2
59257;3678;5
59258;4696;3
59259;8636;4
59260;5616;4
59261;8926;3
59262;6072;5
59263;1143;7
59264;1381;2
59265;2220;3
59266;6517;1
59267;1693;7
59268;4624;6
59269;6327;2
59270;3670;4
59271;8084;5
59272;5721;1
59273;7521;4
59274;3173;1
59275;3159;2
59276;5117;1
59277;2174;1
59278;5898;6
59279;8921;6
59280;1922;6
59281;7139;3
59282;4644;1
59283;7167;4
59284;5263;5
59285;6656;3
59286;1287;6
59287;2158;3
59288;4027;5
59289;8306;2
59290;6693;4
59291;3055;1
59292;8500;3
59293;5448;1
59294;2822;5
59295;4214;5
59296;6086;2
59297;7580;2
59298;8085;6
59299;3754;3
59300;3779;3
59301;2805;7
59302;4556;5
59303;8699;5
59304;5757;7
59305;4457;2
59306;4115;5
59307;5795;7
59308;3510;4
59309;8021;7
59310;7443;6
59311;3878;3
59312;4262;3
59313;3019;3
59314;1362;4
59315;4685;3
59316;5833;5
59317;5045;4
59318;3536;1
59319;6942;6
59320;1714;5
59321;7143;4
59322;1591;2
59323;7826;2
59324;5121;1
59325;1887;1
59326;5750;4
59327;5889;7
59328;8499;4
59329;1518;6
59330;1107;1
59331;2337;4
59332;7588;4
59333;3254;7
59334;1114;4
59335;1482;1
59336;1403;4
59337;8269;4
59338;8406;3
59339;7937;7
59340;7186;2
59341;3635;1
59342;6015;5
59343;4267;6
59344;3862;2
59345;1441;7
59346;5173;6
59347;6382;5
59348;7829;5
59349;3827;3
59350;7560;5
59351;8740;6
59352;3478;2
59353;3803;1
59354;3013;5
59355;1021;4
59356;3360;5
59357;6870;7
59358;7379;2
59359;3779;5
59360;6113;4
59361;5025;7
59362;2760;6
59363;2457;3
59364;2007;7
59365;4979;1
59366;7669;6
59367;4985;3
59368;5284;4
59369;4772;3
59370;1238;2
59371;1256;4
59372;1154;7
59373;7365;7
59374;6618;1
59375;5890;5
59376;6580;7
59377;3099;3
59378;3325;1
59379;8635;4
59380;6824;6
59381;1310;2
59382;6830;1
59383;3509;5
59384;8330;7
59385;4647;4
59386;8986;7
59387;3798;4
59388;6455;5
59389;4023;3
59390;2980;2
59391;3722;2
59392;3833;7
59393;3447;7
59394;3835;4
59395;5435;2
59396;1584;2
59397;3499;3
59398;8582;7
59399;4191;3
59400;7873;6
59401;3902;5
59402;3337;3
59403;5896;3
59404;7744;7
59405;6532;6
59406;4599;1
59407;6322;1
59408;6481;3
59409;1371;5
59410;3475;6
59411;3977;6
59412;5056;2
59413;7357;5
59414;5328;1
59415;8744;3
59416;7691;6
59417;4639;7
59418;4102;3
59419;3170;1
59420;4005;7
59421;4488;1
59422;2335;4
59423;4527;5
59424;5557;2
59425;4773;1
59426;1668;7
59427;3979;4
59428;2277;2
59429;1245;6
59430;1849;4
59431;6379;5
59432;7443;7
59433;3418;4
59434;3847;5
59435;8531;7
59436;3497;7
59437;1810;2
59438;7886;1
59439;4539;3
59440;8287;2
59441;2038;6
59442;7197;7
59443;8729;2
59444;7743;3
59445;3343;2
59446;3648;5
59447;8426;4
59448;4664;3
59449;6210;7
59450;1400;6
59451;6996;6
59452;1265;4
59453;5992;2
59454;7124;2
59455;8898;5
59456;4524;5
59457;6201;6
59458;6910;3
59459;7720;5
59460;4852;2
59461;3183;3
59462;2347;5
59463;6951;4
59464;7532;7
59465;4824;1
59466;3334;4
59467;2441;7
59468;8940;2
59469;8654;6
59470;7615;5
59471;2221;6
59472;3905;1
59473;7883;3
59474;6787;4
59475;8218;6
59476;4072;2
59477;4478;1
59478;6799;4
59479;7564;5
59480;1881;5
59481;6619;2
59482;8929;5
59483;7437;4
59484;1414;7
59485;1649;2
59486;1312;7
59487;6142;1
59488;7340;1
59489;7585;2
59490;8643;2
59491;3067;1
59492;7953;6
59493;5407;6
59494;2878;7
59495;8548;2
59496;5359;4
59497;8288;5
59498;5960;7
59499;7064;3
59500;5487;1
59501;7676;4
59502;4297;4
59503;2371;6
59504;3511;2
59505;8019;7
59506;3828;2
59507;7484;4
59508;5286;5
59509;8735;7
59510;4419;4
59511;4781;4
59512;2940;3
59513;7622;3
59514;6911;2
59515;7458;4
59516;2982;7
59517;5116;4
59518;4896;6
59519;2723;6
59520;1427;6
59521;6516;3
59522;1644;2
59523;5183;3
59524;3841;5
59525;5164;7
59526;2529;5
59527;4651;3
59528;2572;4
59529;4988;2
59530;3911;5
59531;5074;1
59532;5237;7
59533;8919;2
59534;5152;2
59535;8622;7
59536;8520;2
59537;1276;1
59538;3908;3
59539;4324;5
59540;6883;3
59541;7519;1
59542;1568;1
59543;6938;2
59544;2008;2
59545;8516;6
59546;3903;7
59547;7194;7
59548;3970;4
59549;1140;5
59550;6261;4
59551;2320;1
59552;4518;2
59553;2710;5
59554;3604;4
59555;7417;6
59556;8794;2
59557;2252;4
59558;8576;4
59559;7302;2
59560;7526;3
59561;3132;1
59562;5414;6
59563;7039;3
59564;2383;4
59565;3443;4
59566;6181;5
59567;7872;4
59568;7702;4
59569;4748;2
59570;8553;1
59571;3506;4
59572;6052;6
59573;8553;2
59574;5551;6
59575;2901;1
59576;8519;3
59577;4721;7
59578;4980;5
59579;6753;6
59580;3224;6
59581;7223;4
59582;5731;3
59583;6245;4
59584;1416;2
59585;1441;7
59586;6447;3
59587;8718;1
59588;4325;7
59589;1533;5
59590;1730;5
59591;6694;4
59592;6071;2
59593;8410;3
59594;1111;7
59595;4483;1
59596;3339;7
59597;8758;3
59598;2763;2
59599;8961;6
59600;5968;3
59601;7822;6
59602;2075;1
59603;1529;7
59604;8400;3
59605;7950;2
59606;6322;4
59607;7692;1
59608;3609;4
59609;2203;5
59610;2063;3
59611;8315;5
59612;7778;3
59613;2907;4
59614;3542;1
59615;5756;3
59616;8333;7
59617;3700;1
59618;6007;5
59619;5972;4
59620;6144;6
59621;7632;3
59622;4223;4
59623;5017;4
59624;6073;7
59625;3712;2
59626;6123;7
59627;2719;2
59628;8241;4
59629;5863;7
59630;1176;1
59631;8488;2
59632;8433;2
59633;4689;3
59634;8113;2
59635;7601;3
59636;2643;1
59637;4555;6
59638;6734;7
59639;4316;6
59640;8386;7
59641;5235;4
59642;5187;2
59643;2401;4
59644;4112;6
59645;8643;5
59646;1431;6
59647;4735;2
59648;5700;6
59649;6897;6
59650;6187;2
59651;8001;6
59652;2148;1
59653;4880;3
59654;3667;4
59655;7469;7
59656;8626;7
59657;2606;3
59658;3952;3
59659;6279;5
59660;7174;1
59661;8794;4
59662;6138;3
59663;6477;5
59664;7638;6
59665;7760;1
59666;3243;1
59667;8195;5
59668;3457;2
59669;6461;4
59670;3334;5
59671;3538;1
59672;6913;7
59673;3519;2
59674;6662;4
59675;7536;2
59676;2486;7
59677;8483;3
59678;1205;4
59679;4511;4
59680;5833;2
59681;8251;4
59682;6606;4
59683;6756;3
59684;6509;5
59685;6511;5
59686;5902;2
59687;2748;5
59688;5635;2
59689;8057;2
59690;8232;5
59691;6253;7
59692;7701;7
59693;1634;3
59694;3188;4
59695;5757;1
59696;5699;3
59697;3960;4
59698;4878;1
59699;3851;7
59700;4830;4
59701;1138;3
59702;1324;3
59703;4728;2
59704;7073;7
59705;4224;6
59706;8858;1
59707;2742;7
59708;4194;3
59709;1866;1
59710;7377;7
59711;5049;7
59712;2237;2
59713;8020;2
59714;8971;4
59715;2814;6
59716;1707;3
59717;6133;4
59718;3638;3
59719;3312;1
59720;1437;1
59721;3537;5
59722;1146;4
59723;8102;5
59724;3748;1
59725;5161;1
59726;6050;1
59727;5664;3
59728;3965;5
59729;1924;4
59730;1417;5
59731;8395;1
59732;7321;3
59733;7670;6
59734;1077;7
59735;1501;5
59736;4402;7
59737;6036;5
59738;1598;4
59739;1607;2
59740;6480;2
59741;1947;6
59742;7970;4
59743;4956;6
59744;5591;7
59745;3392;4
59746;2909;6
59747;4515;2
59748;1783;5
59749;3997;3
59750;7089;5
59751;4099;1
59752;1240;2
59753;2590;3
59754;6643;2
59755;3432;7
59756;8278;1
59757;1315;4
59758;3579;7
59759;5112;1
59760;8506;1
59761;5897;3
59762;3608;2
59763;8908;2
59764;1603;7
59765;6024;7
59766;5504;2
59767;2977;4
59768;7077;3
59769;5729;5
59770;7302;3
59771;5012;4
59772;3741;4
59773;5746;5
59774;6554;6
59775;3493;6
59776;3557;7
59777;8477;6
59778;8421;3
59779;8470;6
59780;1718;4
59781;8026;5
59782;7165;3
59783;2482;6
59784;2196;1
59785;7075;2
59786;4079;7
59787;7523;2
59788;1547;1
59789;7186;5
59790;7579;7
59791;8250;7
59792;8934;6
59793;3196;5
59794;2726;6
59795;5890;4
59796;8535;1
59797;2731;6
59798;7651;3
59799;5097;3
59800;4789;3
59801;2241;3
59802;8074;7
59803;5332;5
59804;5634;5
59805;8259;5
59806;4164;7
59807;7325;3
59808;3740;4
59809;7112;1
59810;6351;6
59811;4279;7
59812;3966;1
59813;2673;6
59814;6225;5
59815;8315;1
59816;1774;1
59817;7460;1
59818;1983;6
59819;3293;3
59820;3826;5
59821;1288;3
59822;8722;2
59823;2595;3
59824;5585;6
59825;5310;5
59826;8076;4
59827;2373;2
59828;1542;6
59829;4022;7
59830;6830;7
59831;5670;4
59832;3426;4
59833;6408;1
59834;8141;3
59835;3373;6
59836;6110;7
59837;7432;7
59838;2017;3
59839;1812;3
59840;2676;1
59841;1758;3
59842;7875;6
59843;5471;2
59844;2873;1
59845;6882;7
59846;2648;7
59847;8248;5
59848;3525;7
59849;2921;6
59850;8599;3
59851;2577;5
59852;5883;6
59853;4749;3
59854;1836;4
59855;7071;4
59856;1047;3
59857;6130;7
59858;4247;6
59859;8441;1
59860;4631;7
59861;1167;4
59862;4253;3
59863;5801;5
59864;3897;6
59865;7336;7
59866;4573;6
59867;8549;7
59868;5802;4
59869;7442;3
59870;7273;2
59871;7495;4
59872;2266;3
59873;2102;1
59874;7847;5
59875;5873;5
59876;3270;7
59877;1633;7
59878;5541;3
59879;4341;7
59880;1934;5
59881;7134;1
59882;3746;1
59883;5721;4
59884;2553;5
59885;5295;4
59886;8493;6
59887;2114;7
59888;4794;5
59889;6469;6
59890;3234;6
59891;2209;5
59892;6797;3
59893;1241;2
59894;1988;2
59895;2848;1
59896;1454;2
59897;2107;5
59898;2446;7
59899;3678;7
59900;4136;5
59901;5670;1
59902;4867;2
59903;7695;3
59904;3994;6
59905;1565;2
59906;3066;5
59907;8422;1
59908;7801;3
59909;8230;5
59910;5160;4
59911;8115;4
59912;2056;6
59913;7161;4
59914;8210;7
59915;2154;5
59916;5295;4
59917;4864;1
59918;4663;4
59919;2107;3
59920;8551;6
59921;4259;2
59922;4935;2
59923;7524;5
59924;1403;2
59925;5925;2
59926;3487;2
59927;3578;5
59928;7394;1
59929;5801;6
59930;6567;4
59931;4591;3
59932;2718;3
59933;6897;5
59934;6403;3
59935;4817;4
59936;2079;6
59937;4672;5
59938;8389;7
59939;8866;1
59940;8067;4
59941;3613;6
59942;5823;1
59943;3631;6
59944;1277;1
59945;4508;4
59946;3297;5
59947;5890;5
59948;8457;7
59949;3586;7
59950;2811;4
59951;8183;3
59952;1236;4
59953;4599;2
59954;2220;4
59955;1230;1
59956;6327;2
59957;1848;2
59958;7548;7
59959;7381;1
59960;7843;2
59961;4279;4
59962;7362;4
59963;8313;6
59964;8088;7
59965;5213;4
59966;1668;3
59967;7739;6
59968;8102;2
59969;2655;6
59970;5988;1
59971;6438;6
59972;6615;3
59973;8039;6
59974;1404;4
59975;1609;6
59976;8797;7
59977;3065;6
59978;6529;1
59979;6166;6
59980;3360;3
59981;5749;1
59982;4813;3
59983;4642;4
59984;6870;1
59985;5925;4
59986;7854;7
59987;4443;5
59988;3823;6
59989;8091;4
59990;7698;6
59991;2002;3
59992;1193;3
59993;7749;7
59994;3907;3
59995;2401;3
59996;7356;3
59997;2728;5
59998;3852;6
59999;5053;7
60000;3380;4
60001;8208;7
60002;3098;7
60003;3885;2
60004;1036;6
60005;2278;6
60006;6009;2
60007;5603;5
60008;4019;7
60009;2425;7
60010;7539;3
60011;2713;6
60012;1971;4
60013;2831;2
60014;2717;4
60015;1447;1
60016;1605;6
60017;3647;5
60018;6025;7
60019;3837;2
60020;4332;7
60021;1099;4
60022;4577;6
60023;5869;5
60024;1179;1
60025;1655;4
60026;5704;3
60027;3315;7
60028;5708;7
60029;3858;6
60030;6340;1
60031;5118;4
60032;3770;4
60033;1738;2
60034;2246;5
60035;2089;4
60036;5606;7
60037;5063;1
60038;2567;7
60039;4470;3
60040;5979;3
60041;6632;2
60042;4332;2
60043;5397;1
60044;6933;4
60045;4900;3
60046;3407;4
60047;1049;6
60048;7941;5
60049;6349;2
60050;6328;3
60051;3456;2
60052;2088;7
60053;3067;7
60054;1049;1
60055;7850;6
60056;8289;1
60057;4461;1
60058;5043;4
60059;6185;3
60060;2744;6
60061;7760;4
60062;7586;7
60063;2212;1
60064;7289;7
60065;5856;6
60066;8814;6
60067;4868;7
60068;6043;1
60069;5544;5
60070;8063;2
60071;8995;4
60072;1847;4
60073;2680;1
60074;1485;7
60075;7862;6
60076;2030;1
60077;3126;6
60078;4142;1
60079;6965;1
60080;8778;1
60081;4226;4
60082;8240;3
60083;7421;4
60084;2960;6
60085;6358;1
60086;7396;3
60087;1848;6
60088;3940;1
60089;1408;6
60090;8000;2
60091;5359;6
60092;1980;1
60093;3447;7
60094;8754;3
60095;4775;2
60096;1526;4
60097;4011;7
60098;3046;2
60099;1173;7
60100;2895;3
60101;3344;5
60102;8300;1
60103;6345;2
60104;3341;1
60105;8033;7
60106;2935;6
60107;2726;7
60108;4065;5
60109;2306;3
60110;5543;7
60111;7672;3
60112;4780;3
60113;7910;6
60114;3379;7
60115;8480;5
60116;7771;2
60117;7630;7
60118;2964;4
60119;2576;7
60120;1071;4
60121;4506;6
60122;5025;7
60123;6265;7
60124;5942;3
60125;6071;4
60126;2188;3
60127;1432;6
60128;5568;3
60129;7134;5
60130;1488;3
60131;7002;5
60132;3699;2
60133;1884;3
60134;7287;1
60135;1778;3
60136;6118;6
60137;8181;1
60138;4951;2
60139;8047;3
60140;6409;3
60141;5706;2
60142;1795;1
60143;4712;3
60144;7656;7
60145;8426;7
60146;3737;2
60147;6046;1
60148;1509;6
60149;3520;5
60150;3666;6
60151;8999;6
60152;7985;6
60153;7520;6
60154;5334;4
60155;5200;3
60156;5321;3
60157;3665;1
60158;4610;4
60159;6431;1
60160;7827;5
60161;1890;6
60162;2115;5
60163;3306;3
60164;2161;4
60165;2146;3
60166;3839;1
60167;5208;5
60168;2278;6
60169;1251;5
60170;5844;6
60171;5174;4
60172;4683;3
60173;1790;7
60174;1137;5
60175;3781;4
60176;4064;5
60177;4814;6
60178;3435;7
60179;4629;4
60180;4698;2
60181;8398;2
60182;1852;1
60183;1511;4
60184;6744;2
60185;3883;5
60186;1216;7
60187;5306;3
60188;2046;1
60189;8354;7
60190;7267;2
60191;4111;7
60192;1114;2
60193;4222;2
60194;4080;4
60195;6732;7
60196;4320;2
60197;1151;4
60198;6020;6
60199;4856;5
60200;3037;3
60201;4976;3
60202;1727;6
60203;8793;1
60204;8289;3
60205;1170;5
60206;1653;4
60207;7573;7
60208;8928;4
60209;4528;1
60210;7022;5
60211;5709;3
60212;2712;3
60213;2293;4
60214;1367;3
60215;6296;4
60216;6046;5
60217;4558;2
60218;8354;6
60219;1797;3
60220;6333;4
60221;4968;3
60222;6906;6
60223;2663;1
60224;5177;6
60225;8521;2
60226;3326;3
60227;4701;4
60228;7016;6
60229;6468;2
60230;1991;4
60231;6387;7
60232;6175;4
60233;8552;6
60234;1820;1
60235;8048;3
60236;8537;2
60237;2356;5
60238;2956;5
60239;8360;4
60240;6525;3
60241;1812;3
60242;5955;7
60243;4588;3
60244;6003;5
60245;6941;4
60246;2514;3
60247;8956;3
60248;4926;5
60249;5863;2
60250;5991;3
60251;2504;3
60252;6604;2
60253;4091;6
60254;7188;2
60255;8823;5
60256;5264;4
60257;5599;7
60258;3959;2
60259;2124;7
60260;5656;7
60261;1425;7
60262;1446;6
60263;5173;2
60264;2005;2
60265;2221;2
60266;2679;6
60267;6591;5
60268;7897;1
60269;7507;5
60270;6407;5
60271;3812;5
60272;7534;6
60273;8058;4
60274;4517;3
60275;8557;5
60276;4096;7
60277;5923;1
60278;6199;5
60279;1891;1
60280;8141;2
60281;8700;1
60282;7580;6
60283;4602;7
60284;5210;1
60285;8415;2
60286;2913;1
60287;2736;4
60288;5600;4
60289;8409;2
60290;3328;3
60291;3765;4
60292;6306;2
60293;2969;1
60294;4713;2
60295;7397;1
60296;4100;5
60297;1631;5
60298;1830;5
60299;8403;1
60300;2961;4
60301;1755;6
60302;3143;2
60303;8273;1
60304;3912;1
60305;3466;3
60306;3790;5
60307;3524;3
60308;2078;4
60309;1818;3
60310;2014;2
60311;8587;7
60312;8294;7
60313;3440;4
60314;2466;2
60315;3183;3
60316;7541;6
60317;4997;2
60318;6837;5
60319;4094;3
60320;2825;7
60321;4533;7
60322;4918;2
60323;1884;5
60324;1657;3
60325;2675;1
60326;1477;7
60327;5218;4
60328;5169;2
60329;3744;4
60330;1261;7
60331;6603;6
60332;3645;6
60333;2505;4
60334;1489;2
60335;7187;6
60336;1571;7
60337;2424;7
60338;6661;6
60339;3540;5
60340;2295;2
60341;4170;7
60342;1678;3
60343;4775;6
60344;5679;4
60345;4795;7
60346;7900;2
60347;2255;1
60348;8654;1
60349;5738;2
60350;4272;4
60351;6960;4
60352;7140;2
60353;3676;5
60354;1871;1
60355;1533;6
60356;3894;5
60357;4841;4
60358;1503;4
60359;4555;5
60360;6124;5
60361;7826;6
60362;7962;3
60363;4591;4
60364;5743;2
60365;5559;1
60366;3320;1
60367;1987;6
60368;1040;3
60369;2768;4
60370;5991;2
60371;7683;6
60372;6206;2
60373;6527;1
60374;8140;4
60375;2931;1
60376;2644;1
60377;1113;6
60378;3803;2
60379;8294;1
60380;5092;6
60381;3085;4
60382;1005;3
60383;6714;5
60384;8080;6
60385;5747;7
60386;3455;5
60387;6884;7
60388;8433;7
60389;8775;6
60390;3033;7
60391;5461;4
60392;8807;6
60393;7132;2
60394;2106;2
60395;3306;1
60396;4039;5
60397;7228;5
60398;8420;4
60399;2027;3
60400;5234;3
60401;6177;7
60402;3424;7
60403;5098;4
60404;6768;4
60405;5474;5
60406;2673;2
60407;1586;1
60408;4698;4
60409;7717;3
60410;2164;1
60411;7610;6
60412;5844;5
60413;7565;5
60414;6585;4
60415;4127;4
60416;6071;5
60417;8235;5
60418;6468;5
60419;3685;2
60420;5594;2
60421;8743;5
60422;1664;5
60423;1332;5
60424;5640;2
60425;7901;5
60426;5474;1
60427;4776;1
60428;7004;4
60429;1964;3
60430;1043;5
60431;8762;7
60432;4253;4
60433;8874;4
60434;4643;2
60435;4976;3
60436;4074;4
60437;8656;6
60438;8949;7
60439;3888;4
60440;7274;7
60441;3866;3
60442;8796;7
60443;8160;6
60444;7957;2
60445;5243;2
60446;1941;2
60447;2374;1
60448;8651;1
60449;3566;6
60450;1487;1
60451;7318;3
60452;1311;7
60453;3207;3
60454;6095;2
60455;8708;5
60456;5447;5
60457;3085;3
60458;7122;7
60459;1397;4
60460;5664;6
60461;7674;4
60462;2576;2
60463;2108;2
60464;6386;5
60465;4600;6
60466;2703;7
60467;5311;7
60468;3807;4
60469;4588;2
60470;6672;6
60471;7515;6
60472;2055;7
60473;3035;6
60474;5621;1
60475;1477;5
60476;7042;3
60477;4946;3
60478;3294;2
60479;3298;7
60480;6837;7
60481;3277;4
60482;5671;3
60483;5566;4
60484;8787;4
60485;6839;4
60486;4299;1
60487;1971;7
60488;7144;6
60489;3796;5
60490;6869;5
60491;1440;2
60492;4554;1
60493;4176;3
60494;6925;6
60495;6243;6
60496;1905;5
60497;6699;4
60498;7322;6
60499;3769;3
60500;7876;6
60501;1130;5
60502;1412;2
60503;5817;2
60504;4709;1
60505;7984;3
60506;5494;7
60507;1136;4
60508;1034;1
60509;6965;1
60510;2867;1
60511;3572;6
60512;2808;3
60513;4802;7
60514;4265;3
60515;8174;2
60516;3785;1
60517;6118;6
60518;8413;6
60519;4026;1
60520;4569;2
60521;1217;2
60522;8812;7
60523;6797;2
60524;8868;7
60525;1281;1
60526;5506;3
60527;6153;7
60528;6729;4
60529;3693;6
60530;8322;6
60531;6057;1
60532;8849;3
60533;7942;7
60534;6445;4
60535;2632;6
60536;5546;1
60537;7030;4
60538;1078;5
60539;7591;6
60540;7947;2
60541;4193;5
60542;8862;7
60543;3815;5
60544;3244;3
60545;5071;3
60546;6354;7
60547;7629;3
60548;1446;4
60549;7154;5
60550;2270;7
60551;8786;6
60552;7735;6
60553;4648;7
60554;1484;5
60555;4281;5
60556;7416;1
60557;5309;3
60558;4212;5
60559;8709;5
60560;8095;2
60561;4467;6
60562;2881;2
60563;8066;1
60564;4236;3
60565;6975;1
60566;6461;1
60567;5222;4
60568;8583;4
60569;2654;6
60570;1430;4
60571;1475;6
60572;5180;6
60573;4473;4
60574;8604;6
60575;4175;1
60576;3729;1
60577;6278;2
60578;3713;4
60579;3995;3
60580;4736;2
60581;7883;5
60582;3707;6
60583;3931;1
60584;5802;3
60585;1347;2
60586;6395;1
60587;5488;5
60588;6929;3
60589;2236;6
60590;6894;4
60591;8290;7
60592;6969;2
60593;5937;5
60594;3010;6
60595;3992;5
60596;1741;3
60597;8650;1
60598;7151;2
60599;8321;2
60600;1701;6
60601;7348;7
60602;4400;4
60603;6300;5
60604;6131;1
60605;2383;6
60606;3631;3
60607;8160;1
60608;6813;3
60609;2163;6
60610;7172;7
60611;3409;3
60612;6424;1
60613;5195;3
60614;2812;2
60615;5382;6
60616;8085;1
60617;4646;7
60618;2090;5
60619;4766;2
60620;1923;7
60621;2850;4
60622;3154;5
60623;3914;4
60624;2129;2
60625;4655;7
60626;1578;7
60627;6312;5
60628;6698;7
60629;1921;6
60630;1295;1
60631;8978;3
60632;5602;5
60633;3973;3
60634;2481;7
60635;5959;2
60636;3359;7
60637;5426;2
60638;6436;2
60639;4835;3
60640;2747;3
60641;1882;1
60642;5167;2
60643;8100;6
60644;2531;4
60645;3003;6
60646;4086;3
60647;6192;4
60648;5442;7
60649;7232;5
60650;6715;4
60651;5791;3
60652;6500;7
60653;2476;7
60654;3048;6
60655;7587;5
60656;7973;2
60657;8249;1
60658;7382;1
60659;5890;5
60660;8790;1
60661;7199;3
60662;3393;3
60663;4124;2
60664;2309;5
60665;1571;2
60666;1775;5
60667;1802;5
60668;6933;1
60669;1232;6
60670;7800;6
60671;7284;5
60672;6672;7
60673;5263;1
60674;7177;1
60675;7771;4
60676;3102;5
60677;3864;6
60678;2509;3
60679;1424;5
60680;1007;2
60681;1224;2
60682;5074;2
60683;5507;2
60684;1761;6
60685;4456;5
60686;3767;7
60687;2002;1
60688;5279;1
60689;6093;2
60690;2271;7
60691;3226;3
60692;2990;3
60693;6458;2
60694;5131;1
60695;3382;2
60696;4052;7
60697;1969;7
60698;4390;7
60699;3130;7
60700;7664;3
60701;8352;1
60702;7847;6
60703;5165;1
60704;1463;4
60705;4054;2
60706;6390;1
60707;6478;2
60708;6473;6
60709;5276;6
60710;8773;5
60711;3675;3
60712;3128;3
60713;8265;5
60714;1477;6
60715;1451;6
60716;2126;5
60717;5444;4
60718;6737;4
60719;7979;7
60720;4662;1
60721;5304;6
60722;2224;1
60723;6554;7
60724;3606;3
60725;3348;4
60726;3132;6
60727;6586;7
60728;3148;7
60729;5147;4
60730;1237;5
60731;4197;2
60732;8376;7
60733;5351;7
60734;4673;7
60735;1211;6
60736;1742;3
60737;8664;5
60738;3193;1
60739;7439;4
60740;4523;6
60741;8670;1
60742;7689;2
60743;8013;2
60744;7859;2
60745;8828;4
60746;8980;1
60747;1645;3
60748;1346;5
60749;4366;5
60750;5134;5
60751;2775;2
60752;4239;4
60753;1793;6
60754;3319;3
60755;6020;6
60756;5331;5
60757;4497;7
60758;6013;4
60759;6217;5
60760;4734;4
60761;5397;4
60762;1726;3
60763;8686;5
60764;2972;3
60765;4188;3
60766;1598;4
60767;3977;1
60768;7693;5
60769;8275;2
60770;3573;2
60771;3594;5
60772;4121;6
60773;5328;5
60774;8300;4
60775;4366;2
60776;5798;2
60777;3960;7
60778;6400;7
60779;6318;2
60780;4209;1
60781;2064;7
60782;3791;2
60783;6867;5
60784;1615;7
60785;7649;4
60786;2316;3
60787;7294;1
60788;5099;6
60789;7388;5
60790;7330;2
60791;5500;1
60792;4903;3
60793;8988;3
60794;1455;5
60795;5371;6
60796;2175;4
60797;1136;4
60798;4245;6
60799;4856;6
60800;6094;2
60801;2605;6
60802;5160;6
60803;6374;5
60804;6246;5
60805;3557;2
60806;2182;7
60807;1847;5
60808;5334;1
60809;8201;7
60810;3551;3
60811;8716;4
60812;7013;3
60813;6350;7
60814;2379;3
60815;5324;6
60816;4915;7
60817;4950;1
60818;4181;4
60819;2225;1
60820;4405;4
60821;1968;6
60822;2064;1
60823;7683;2
60824;5653;4
60825;2403;2
60826;7740;1
60827;6513;5
60828;5507;4
60829;1443;3
60830;5702;7
60831;4242;6
60832;8404;2
60833;6509;5
60834;2480;5
60835;6905;5
60836;3837;2
60837;3982;1
60838;7304;7
60839;5224;2
60840;2267;5
60841;8192;3
60842;6453;2
60843;3581;5
60844;7903;6
60845;4740;5
60846;8657;2
60847;6433;6
60848;5771;6
60849;8205;3
60850;5410;4
60851;3264;6
60852;5403;1
60853;1001;6
60854;7279;1
60855;2668;1
60856;2712;6
60857;6160;7
60858;6367;3
60859;7679;4
60860;2207;2
60861;3353;1
60862;1092;3
60863;2122;6
60864;3027;3
60865;3456;3
60866;3648;7
60867;2113;1
60868;6084;6
60869;4514;1
60870;2301;7
60871;3180;1
60872;1010;5
60873;5940;3
60874;2282;7
60875;6825;2
60876;2734;4
60877;5825;4
60878;1751;7
60879;1269;1
60880;7637;4
60881;4741;7
60882;4399;6
60883;5833;7
60884;5969;3
60885;1487;3
60886;2574;4
60887;1807;7
60888;4426;5
60889;6035;3
60890;1004;1
60891;8745;3
60892;3487;6
60893;5260;4
60894;8861;6
60895;4942;4
60896;2716;3
60897;4518;6
60898;1652;5
60899;3747;2
60900;2084;7
60901;1413;2
60902;8764;7
60903;3327;4
60904;4403;5
60905;2718;1
60906;6572;4
60907;7410;3
60908;7856;1
60909;8299;4
60910;4956;4
60911;2201;3
60912;2287;6
60913;7171;7
60914;5419;3
60915;2909;4
60916;6026;5
60917;1374;1
60918;5815;7
60919;1152;2
60920;2828;1
60921;2747;4
60922;5730;7
60923;8598;7
60924;2519;5
60925;1264;6
60926;6310;5
60927;3536;1
60928;2876;6
60929;8910;7
60930;7777;3
60931;3910;3
60932;8852;2
60933;4600;4
60934;5950;6
60935;6771;5
60936;3964;2
60937;7376;7
60938;2463;3
60939;2513;3
60940;6653;3
60941;8665;7
60942;7946;2
60943;7536;5
60944;6200;5
60945;6137;6
60946;2697;2
60947;2490;7
60948;5546;4
60949;2500;3
60950;4828;4
60951;2939;7
60952;8526;5
60953;4970;2
60954;8068;2
60955;3064;3
60956;1505;4
60957;1059;5
60958;7993;7
60959;3713;2
60960;2520;2
60961;2253;7
60962;2799;1
60963;7326;5
60964;5353;2
60965;1901;1
60966;8339;5
60967;5375;3
60968;6952;1
60969;2538;7
60970;4263;6
60971;3346;3
60972;7352;3
60973;4503;4
60974;3101;3
60975;4573;5
60976;2367;6
60977;4512;5
60978;2701;3
60979;8712;1
60980;8440;6
60981;4296;2
60982;4860;1
60983;7501;5
60984;1361;3
60985;5666;7
60986;6658;3
60987;2377;1
60988;2102;7
60989;3035;3
60990;2092;5
60991;5555;4
60992;2045;3
60993;7896;2
60994;3358;1
60995;1484;4
60996;6815;7
60997;4892;2
60998;4591;3
60999;8936;2
61000;2124;2
61001;2462;4
61002;1253;1
61003;1879;4
61004;8620;1
61005;4067;7
61006;5683;7
61007;8164;1
61008;7194;2
61009;8378;2
61010;7751;1
61011;7155;1
61012;6996;3
61013;6210;6
61014;8037;5
61015;2013;6
61016;3557;7
61017;5562;2
61018;4033;6
61019;7689;4
61020;2619;7
61021;5354;2
61022;4734;4
61023;1418;1
61024;1295;2
61025;6601;2
61026;4220;7
61027;8317;6
61028;4881;6
61029;3345;5
61030;3431;7
61031;8801;7
61032;5174;5
61033;6412;5
61034;1013;2
61035;2288;5
61036;6568;7
61037;1816;7
61038;4479;4
61039;8219;3
61040;8378;1
61041;4111;3
61042;8755;1
61043;5005;7
61044;8124;6
61045;7080;7
61046;4502;7
61047;2127;4
61048;6652;3
61049;3585;4
61050;5361;2
61051;6847;1
61052;7180;5
61053;8791;2
61054;3287;7
61055;7891;4
61056;6722;3
61057;1983;5
61058;1345;5
61059;3383;4
61060;4029;7
61061;3899;2
61062;2696;4
61063;2655;2
61064;2891;6
61065;6683;3
61066;6236;2
61067;2634;1
61068;5353;2
61069;6663;1
61070;7883;6
61071;2107;6
61072;1700;6
61073;1030;2
61074;8992;7
61075;7298;7
61076;2861;1
61077;2834;3
61078;2508;2
61079;1704;7
61080;2738;7
61081;1444;7
61082;1732;4
61083;1575;7
61084;4807;2
61085;2504;5
61086;3593;7
61087;1889;6
61088;5871;6
61089;4175;2
61090;6000;6
61091;4904;3
61092;2544;4
61093;4998;6
61094;4371;4
61095;2208;5
61096;1588;4
61097;1661;3
61098;6548;7
61099;7937;2
61100;6463;7
61101;7655;5
61102;3194;2
61103;5436;2
61104;6876;6
61105;6926;2
61106;6974;3
61107;4936;5
61108;7425;1
61109;5161;6
61110;5139;1
61111;7026;4
61112;3856;6
61113;3209;4
61114;6883;3
61115;8327;7
61116;2428;1
61117;5166;5
61118;3920;3
61119;1866;5
61120;5817;6
61121;6779;7
61122;5491;5
61123;7739;7
61124;6110;6
61125;7785;3
61126;3933;6
61127;7419;5
61128;2434;5
61129;1840;7
61130;7206;3
61131;6433;3
61132;5813;2
61133;5842;6
61134;1905;5
61135;7003;4
61136;6123;7
61137;8899;4
61138;6649;1
61139;8760;6
61140;7260;6
61141;5312;1
61142;3685;4
61143;8068;4
61144;7874;3
61145;6527;6
61146;5599;4
61147;5648;5
61148;1056;7
61149;8156;6
61150;2030;6
61151;5113;7
61152;4366;4
61153;8860;2
61154;2618;7
61155;2837;1
61156;4227;1
61157;3784;6
61158;2092;2
61159;2284;1
61160;6014;5
61161;4773;1
61162;7297;6
61163;4085;4
61164;5568;1
61165;7629;3
61166;2675;3
61167;5926;4
61168;3771;1
61169;4982;7
61170;5620;7
61171;7806;1
61172;6363;2
61173;1382;6
61174;4378;5
61175;1708;3
61176;5503;2
61177;6643;6
61178;7384;2
61179;7575;4
61180;3832;4
61181;8756;4
61182;1048;3
61183;1547;5
61184;1690;2
61185;1791;2
61186;4068;1
61187;7166;1
61188;7542;7
61189;2711;5
61190;4855;7
61191;6380;1
61192;4160;2
61193;8764;5
61194;7864;1
61195;2579;6
61196;3596;1
61197;4074;1
61198;3457;1
61199;8330;1
61200;5637;1
61201;5051;1
61202;3434;1
61203;6816;4
61204;8216;1
61205;5749;1
61206;5125;3
61207;1070;2
61208;6726;3
61209;4760;2
61210;3251;3
61211;6174;6
61212;4193;5
61213;6183;6
61214;2278;3
61215;4348;1
61216;7807;7
61217;5123;6
61218;7724;2
61219;6915;3
61220;5208;1
61221;8566;6
61222;2704;2
61223;5803;1
61224;3930;2
61225;6240;5
61226;5943;6
61227;1124;2
61228;6859;4
61229;6350;1
61230;3518;2
61231;5882;4
61232;2839;6
61233;1772;3
61234;5336;7
61235;7116;4
61236;2534;7
61237;6485;4
61238;8265;3
61239;4550;2
61240;6934;5
61241;5988;5
61242;1054;1
61243;4664;7
61244;3825;7
61245;3957;4
61246;1355;2
61247;7375;5
61248;5894;4
61249;1460;5
61250;4446;7
61251;3091;3
61252;8282;3
61253;3700;1
61254;2012;5
61255;7716;4
61256;2944;1
61257;8662;6
61258;8982;3
61259;5344;6
61260;8196;4
61261;4046;1
61262;4253;1
61263;4724;4
61264;2834;1
61265;2086;2
61266;8627;7
61267;3796;7
61268;5393;5
61269;4108;1
61270;2044;3
61271;4561;1
61272;6456;3
61273;6654;4
61274;2599;5
61275;5208;1
61276;8200;1
61277;6692;4
61278;1071;7
61279;4145;5
61280;8317;2
61281;3630;5
61282;3278;6
61283;8821;2
61284;8789;4
61285;6060;5
61286;2372;4
61287;4440;7
61288;3708;3
61289;6278;5
61290;8824;1
61291;6066;4
61292;8200;3
61293;5405;7
61294;5305;3
61295;1990;5
61296;3831;3
61297;8940;3
61298;7370;5
61299;8696;6
61300;3068;3
61301;4600;3
61302;1438;5
61303;3606;1
61304;5499;4
61305;3374;7
61306;4008;6
61307;5033;1
61308;6323;6
61309;7089;7
61310;8177;4
61311;3530;6
61312;7766;2
61313;6462;2
61314;7473;6
61315;5992;6
61316;8223;5
61317;4737;6
61318;8253;4
61319;2540;7
61320;8105;4
61321;1613;6
61322;7680;7
61323;5035;5
61324;1478;4
61325;5690;3
61326;1074;2
61327;6711;7
61328;7016;4
61329;3244;1
61330;3971;7
61331;7298;7
61332;5580;6
61333;8711;6
61334;8359;6
61335;8804;4
61336;5373;5
61337;3560;6
61338;5280;7
61339;5734;7
61340;4941;2
61341;8767;2
61342;3814;7
61343;4939;5
61344;3008;6
61345;5081;4
61346;1141;3
61347;5250;3
61348;6244;5
61349;8796;2
61350;4135;5
61351;3668;5
61352;1752;3
61353;2207;3
61354;3674;1
61355;1495;7
61356;2640;6
61357;1033;6
61358;4881;4
61359;1427;1
61360;2746;7
61361;6813;6
61362;8408;3
61363;3624;7
61364;4896;4
61365;3026;7
61366;6390;7
61367;1788;6
61368;1057;7
61369;5186;6
61370;4055;7
61371;5692;2
61372;1800;6
61373;3351;2
61374;7646;5
61375;3781;1
61376;1863;1
61377;7368;3
61378;7563;7
61379;2655;4
61380;5129;3
61381;6022;4
61382;6186;1
61383;4997;2
61384;5308;7
61385;6819;6
61386;5332;6
61387;4085;7
61388;4979;6
61389;6891;5
61390;1988;6
61391;6919;3
61392;2585;2
61393;2961;2
61394;2517;1
61395;3687;2
61396;8561;2
61397;6801;7
61398;2075;2
61399;6718;2
61400;8542;5
61401;5370;3
61402;8264;7
61403;1536;5
61404;6679;5
61405;7670;5
61406;4827;3
61407;3024;4
61408;5113;5
61409;6446;4
61410;2743;2
61411;5993;6
61412;7791;6
61413;5051;6
61414;1436;4
61415;7262;2
61416;5478;5
61417;1560;1
61418;6470;6
61419;3588;1
61420;1012;6
61421;5823;1
61422;8153;2
61423;6071;5
61424;1278;5
61425;3546;3
61426;1427;2
61427;6701;7
61428;5702;3
61429;6505;1
61430;8206;6
61431;8234;2
61432;4936;7
61433;7178;1
61434;2630;5
61435;4580;7
61436;4675;4
61437;2301;1
61438;1152;4
61439;5323;6
61440;4883;5
61441;2384;6
61442;4140;7
61443;3587;6
61444;7437;1
61445;2175;5
61446;4343;5
61447;8833;7
61448;2314;1
61449;4283;1
61450;2734;5
61451;1591;4
61452;5076;2
61453;4774;2
61454;6997;7
61455;1900;1
61456;5552;5
61457;4534;2
61458;1249;4
61459;4578;4
61460;7740;4
61461;5340;4
61462;4059;1
61463;4161;6
61464;4005;7
61465;3549;4
61466;6405;7
61467;6866;1
61468;6447;7
61469;4629;3
61470;8908;4
61471;3560;7
61472;7638;1
61473;1450;6
61474;7585;2
61475;2873;7
61476;8799;2
61477;7696;6
61478;4257;1
61479;4424;5
61480;1872;4
61481;3515;7
61482;3876;4
61483;6272;5
61484;1390;7
61485;5203;2
61486;8683;5
61487;4471;4
61488;4442;2
61489;2527;3
61490;4567;7
61491;2447;4
61492;2964;6
61493;1373;6
61494;1254;2
61495;7067;2
61496;1421;7
61497;5735;5
61498;4225;1
61499;7479;4
61500;5453;1
61501;7614;1
61502;4992;1
61503;8030;7
61504;7529;6
61505;7279;3
61506;5534;7
61507;8434;1
61508;7462;6
61509;6069;6
61510;8587;5
61511;8314;5
61512;8486;4
61513;5054;1
61514;5452;6
61515;1709;7
61516;8225;4
61517;3527;1
61518;8769;2
61519;3607;6
61520;7474;2
61521;3588;2
61522;7643;5
61523;5813;4
61524;6690;6
61525;7072;5
61526;6046;4
61527;2589;2
61528;2931;4
61529;8893;5
61530;4987;1
61531;2165;2
61532;5644;4
61533;5712;6
61534;1194;5
61535;1033;3
61536;4649;6
61537;5436;2
61538;3333;4
61539;5062;6
61540;5272;7
61541;1515;6
61542;3561;2
61543;2999;6
61544;4825;6
61545;4541;6
61546;2647;5
61547;5219;7
61548;2570;1
61549;3787;1
61550;4371;1
61551;6976;2
61552;7262;2
61553;3722;3
61554;8149;5
61555;6922;4
61556;2230;4
61557;8504;4
61558;6119;1
61559;7042;3
61560;5581;4
61561;7928;2
61562;1511;5
61563;6415;3
61564;4394;7
61565;8169;3
61566;2913;4
61567;5750;6
61568;5005;7
61569;4926;5
61570;4121;1
61571;7368;6
61572;6024;2
61573;3534;2
61574;2464;2
61575;3884;1
61576;4332;3
61577;6253;4
61578;8161;1
61579;7902;6
61580;2289;4
61581;8906;3
61582;4900;6
61583;1355;4
61584;2806;1
61585;1594;1
61586;4168;3
61587;5264;7
61588;8101;3
61589;3925;7
61590;1758;1
61591;8275;1
61592;7980;7
61593;7039;1
61594;1716;6
61595;6986;1
61596;2347;5
61597;5807;7
61598;4456;4
61599;1507;6
61600;7240;5
61601;7417;5
61602;6612;1
61603;7343;6
61604;4247;1
61605;1699;3
61606;1538;5
61607;4747;4
61608;2060;7
61609;4795;6
61610;7819;5
61611;3740;7
61612;7501;3
61613;5216;2
61614;6644;2
61615;1781;4
61616;3121;4
61617;3565;3
61618;3334;7
61619;4883;5
61620;5327;2
61621;1327;7
61622;8962;2
61623;1355;1
61624;7407;5
61625;3141;4
61626;2683;2
61627;3008;4
61628;6843;7
61629;7140;7
61630;6253;6
61631;4248;3
61632;7814;3
61633;3808;4
61634;2394;7
61635;2129;7
61636;1672;4
61637;4639;6
61638;1237;6
61639;5590;6
61640;4260;6
61641;2694;4
61642;4037;5
61643;6001;7
61644;3279;3
61645;2991;7
61646;6849;5
61647;5396;4
61648;2034;1
61649;4378;7
61650;8833;6
61651;7681;3
61652;4959;7
61653;5261;3
61654;5403;3
61655;8329;7
61656;2356;3
61657;5915;7
61658;3329;6
61659;2250;1
61660;8386;1
61661;4734;1
61662;6887;6
61663;7286;3
61664;3818;1
61665;1580;3
61666;5129;2
61667;2461;2
61668;1874;6
61669;6232;5
61670;6263;6
61671;8239;6
61672;3376;2
61673;1689;2
61674;4410;7
61675;2138;3
61676;3471;1
61677;1523;3
61678;3216;5
61679;3699;6
61680;5552;1
61681;5207;2
61682;2198;3
61683;6705;1
61684;7734;5
61685;2555;1
61686;7942;6
61687;1911;1
61688;5651;6
61689;3809;4
61690;5094;1
61691;5994;2
61692;2870;5
61693;7920;2
61694;6808;1
61695;2462;2
61696;5670;5
61697;7844;4
61698;3465;1
61699;8455;4
61700;5384;2
61701;5906;4
61702;7078;7
61703;5503;7
61704;6990;7
61705;4537;3
61706;8644;7
61707;8448;2
61708;1917;4
61709;6084;4
61710;3990;4
61711;2361;7
61712;7543;5
61713;7101;6
61714;1426;7
61715;6781;1
61716;7254;6
61717;2585;1
61718;6336;4
61719;1982;3
61720;6338;2
61721;7512;4
61722;5932;3
61723;4206;6
61724;8077;7
61725;5998;7
61726;7596;5
61727;5893;6
61728;4974;2
61729;1072;4
61730;6273;4
61731;7271;2
61732;4165;3
61733;2523;2
61734;8893;6
61735;3116;3
61736;5958;4
61737;6955;6
61738;1458;7
61739;7015;1
61740;8682;4
61741;8937;3
61742;5135;2
61743;1827;1
61744;5009;2
61745;5285;7
61746;7336;6
61747;6859;6
61748;3811;2
61749;2371;4
61750;7522;5
61751;1002;2
61752;4268;6
61753;7591;1
61754;6809;1
61755;1690;3
61756;2647;3
61757;6923;1
61758;7458;6
61759;6089;4
61760;7684;5
61761;2966;2
61762;1535;7
61763;3216;1
61764;2750;6
61765;8707;6
61766;1763;1
61767;3679;7
61768;5972;6
61769;6255;2
61770;5445;1
61771;6012;6
61772;7279;6
61773;7175;5
61774;2332;5
61775;7224;2
61776;3629;3
61777;2136;2
61778;5304;3
61779;7003;2
61780;3803;6
61781;2489;2
61782;6078;2
61783;4959;6
61784;5262;6
61785;3384;7
61786;1869;1
61787;1781;2
61788;1930;1
61789;6581;5
61790;2062;5
61791;4808;7
61792;2520;1
61793;4576;7
61794;3663;5
61795;6726;4
61796;7792;5
61797;1815;7
61798;7579;5
61799;5445;2
61800;5516;2
61801;3553;4
61802;7315;6
61803;1323;4
61804;8828;4
61805;6063;2
61806;7358;4
61807;5880;3
61808;3193;6
61809;5788;7
61810;6383;4
61811;8811;6
61812;6092;1
61813;2996;7
61814;7107;2
61815;7170;6
61816;4171;2
61817;1072;6
61818;2425;3
61819;2476;2
61820;2061;1
61821;5775;4
61822;7205;7
61823;2652;6
61824;8842;4
61825;1982;7
61826;3417;1
61827;4118;2
61828;5814;6
61829;7270;3
61830;6792;4
61831;7705;1
61832;7020;1
61833;7878;2
61834;1888;4
61835;8117;1
61836;7374;4
61837;2374;1
61838;6955;6
61839;1777;3
61840;6528;2
61841;7236;3
61842;3067;1
61843;1005;5
61844;4142;7
61845;2353;4
61846;4433;4
61847;7368;4
61848;7776;2
61849;3617;1
61850;5869;2
61851;7035;7
61852;4040;5
61853;1707;1
61854;4708;2
61855;1649;6
61856;5444;7
61857;6298;1
61858;2441;1
61859;2708;1
61860;2183;5
61861;8501;2
61862;1942;3
61863;6207;4
61864;6789;6
61865;2315;1
61866;5521;7
61867;4239;6
61868;1079;1
61869;2569;7
61870;4964;1
61871;7405;6
61872;5150;5
61873;7808;4
61874;8333;1
61875;2294;5
61876;6929;1
61877;6826;5
61878;6678;7
61879;4903;7
61880;3224;6
61881;4618;2
61882;6810;7
61883;3858;5
61884;7659;7
61885;8743;5
61886;6979;1
61887;7144;5
61888;3484;5
61889;4521;5
61890;3183;5
61891;1920;3
61892;5788;5
61893;5694;1
61894;2716;4
61895;7724;3
61896;7555;4
61897;6275;4
61898;6153;5
61899;1733;7
61900;7377;7
61901;3345;2
61902;3208;1
61903;8983;5
61904;1826;5
61905;5447;7
61906;1216;6
61907;7031;7
61908;3037;6
61909;6851;1
61910;2071;6
61911;1232;6
61912;8691;1
61913;2947;5
61914;2428;2
61915;7434;1
61916;1182;2
61917;1242;6
61918;4256;5
61919;6412;7
61920;7300;4
61921;5755;3
61922;6821;6
61923;8963;5
61924;1507;1
61925;6531;1
61926;4385;2
61927;7230;6
61928;8467;3
61929;7924;3
61930;3662;5
61931;8584;2
61932;2145;5
61933;6773;1
61934;3051;5
61935;8946;5
61936;8296;6
61937;4027;4
61938;4504;4
61939;2721;1
61940;1308;6
61941;7374;6
61942;4208;4
61943;7657;7
61944;5411;7
61945;6892;5
61946;6121;4
61947;6904;1
61948;8259;2
61949;4179;6
61950;8278;1
61951;4643;3
61952;7287;5
61953;3938;3
61954;6198;6
61955;1776;2
61956;1608;4
61957;8828;7
61958;3971;2
61959;8613;1
61960;8597;1
61961;1766;1
61962;1231;5
61963;4134;7
61964;7564;6
61965;6865;5
61966;7845;5
61967;6124;3
61968;1121;6
61969;2514;6
61970;6015;7
61971;7144;5
61972;4224;2
61973;2234;3
61974;4754;4
61975;7113;5
61976;5172;7
61977;5617;1
61978;5437;4
61979;6690;5
61980;1100;1
61981;8835;3
61982;3179;2
61983;2884;5
61984;8579;5
61985;4710;6
61986;4459;5
61987;6692;1
61988;1262;4
61989;2972;5
61990;4719;1
61991;3242;7
61992;2340;2
61993;7853;3
61994;1725;4
61995;7363;1
61996;1611;5
61997;7538;4
61998;7798;1
61999;1854;6
62000;1760;6
62001;4474;3
62002;7218;2
62003;6583;5
62004;4767;5
62005;8803;6
62006;8515;3
62007;7136;7
62008;6835;2
62009;4558;6
62010;6679;2
62011;2118;7
62012;6575;4
62013;7456;2
62014;2310;1
62015;2796;7
62016;8947;1
62017;7535;6
62018;6897;7
62019;6072;6
62020;1664;3
62021;1695;6
62022;8357;2
62023;1350;6
62024;3499;1
62025;6481;7
62026;1507;4
62027;2318;4
62028;6125;6
62029;6468;6
62030;8586;7
62031;3645;5
62032;1998;2
62033;7713;2
62034;4327;5
62035;8360;2
62036;7700;3
62037;4104;3
62038;7116;5
62039;3673;2
62040;5089;5
62041;7895;7
62042;4414;7
62043;4044;4
62044;3140;3
62045;5987;1
62046;8937;4
62047;5451;2
62048;5470;3
62049;2573;6
62050;2202;6
62051;4446;5
62052;8750;6
62053;2570;1
62054;3211;6
62055;2275;5
62056;7449;2
62057;8324;1
62058;6946;5
62059;1918;1
62060;3689;3
62061;5926;7
62062;3612;4
62063;7143;1
62064;5741;1
62065;1320;5
62066;1655;1
62067;8037;7
62068;5042;6
62069;5555;6
62070;4310;3
62071;8110;7
62072;7085;7
62073;8680;5
62074;8287;7
62075;8150;4
62076;7879;6
62077;4511;2
62078;3689;4
62079;7325;4
62080;1998;6
62081;3710;1
62082;2017;7
62083;2665;4
62084;2284;2
62085;7411;2
62086;1949;5
62087;8076;1
62088;5726;1
62089;2332;7
62090;2069;7
62091;4933;5
62092;4447;1
62093;1855;2
62094;7250;7
62095;1913;7
62096;7817;3
62097;6893;2
62098;3200;2
62099;6493;4
62100;3784;2
62101;2136;6
62102;6809;1
62103;4107;2
62104;7095;6
62105;1648;4
62106;3319;2
62107;1836;7
62108;6713;7
62109;4028;3
62110;1393;4
62111;6063;7
62112;4097;3
62113;1491;1
62114;3650;6
62115;8060;6
62116;8349;7
62117;5762;2
62118;6916;1
62119;4476;5
62120;6631;5
62121;3264;3
62122;8660;6
62123;3167;6
62124;6320;7
62125;8274;5
62126;4669;2
62127;5370;7
62128;3934;7
62129;3482;4
62130;4492;3
62131;6996;2
62132;4371;3
62133;1575;5
62134;3143;6
62135;2234;5
62136;2357;7
62137;6472;7
62138;7840;5
62139;5812;5
62140;7153;3
62141;7295;5
62142;7481;7
62143;5248;4
62144;5841;4
62145;7245;2
62146;8708;5
62147;3908;3
62148;6117;2
62149;7777;3
62150;6357;4
62151;5089;6
62152;1234;2
62153;1175;3
62154;6861;4
62155;3013;5
62156;3405;6
62157;1561;7
62158;3499;4
62159;8967;7
62160;1093;5
62161;6301;1
62162;4606;5
62163;4716;2
62164;1816;5
62165;4134;5
62166;1137;5
62167;2728;3
62168;5186;1
62169;6391;1
62170;6576;7
62171;3865;7
62172;1424;4
62173;1993;3
62174;8753;7
62175;3990;4
62176;8601;7
62177;5987;7
62178;8892;6
62179;8588;1
62180;6453;4
62181;4434;1
62182;6379;5
62183;7904;5
62184;7604;5
62185;4725;6
62186;2486;4
62187;4643;7
62188;8288;3
62189;3756;2
62190;3040;6
62191;6771;1
62192;6496;5
62193;5677;1
62194;3449;3
62195;5368;4
62196;2594;4
62197;4551;2
62198;2747;7
62199;1246;6
62200;3243;7
62201;4383;1
62202;4230;6
62203;7697;7
62204;2340;5
62205;6149;1
62206;5144;5
62207;4553;1
62208;4677;2
62209;1883;5
62210;5389;6
62211;4988;1
62212;3283;6
62213;3074;6
62214;2477;5
62215;8056;5
62216;2628;4
62217;4665;6
62218;7612;1
62219;2006;3
62220;8187;6
62221;7786;7
62222;5705;3
62223;2076;2
62224;7902;2
62225;1368;3
62226;8419;4
62227;8638;1
62228;5193;2
62229;5776;1
62230;2662;6
62231;3002;3
62232;6282;3
62233;8708;5
62234;1283;4
62235;5627;3
62236;4378;6
62237;6184;5
62238;6181;4
62239;5291;7
62240;8903;7
62241;7603;2
62242;2084;1
62243;3825;2
62244;7840;1
62245;7673;4
62246;1129;5
62247;5105;7
62248;3450;6
62249;5870;3
62250;3724;2
62251;1343;4
62252;7180;2
62253;4225;5
62254;3427;6
62255;2486;3
62256;4649;7
62257;6672;1
62258;2064;3
62259;4864;3
62260;7504;4
62261;4392;3
62262;3603;7
62263;7927;1
62264;8188;1
62265;6927;6
62266;4763;2
62267;7030;5
62268;1657;6
62269;3582;3
62270;8170;6
62271;4392;6
62272;6319;3
62273;8308;3
62274;2747;1
62275;6386;7
62276;1094;6
62277;5954;5
62278;7074;7
62279;2936;4
62280;5716;1
62281;7035;4
62282;4815;5
62283;1638;4
62284;7082;1
62285;5389;4
62286;7339;2
62287;5139;1
62288;5050;4
62289;3526;1
62290;2108;2
62291;3360;1
62292;8163;3
62293;7352;5
62294;3936;6
62295;3154;3
62296;2576;1
62297;5277;1
62298;6079;2
62299;1228;4
62300;1603;7
62301;7441;3
62302;1152;1
62303;1693;4
62304;8395;1
62305;8748;1
62306;4522;1
62307;8134;2
62308;5968;7
62309;4151;4
62310;3306;6
62311;4205;1
62312;2891;1
62313;1691;3
62314;3401;4
62315;8612;3
62316;2781;3
62317;7585;7
62318;4811;5
62319;6353;4
62320;8284;2
62321;2675;2
62322;3894;4
62323;7390;1
62324;6002;3
62325;3387;2
62326;7448;2
62327;7244;6
62328;5847;7
62329;3062;3
62330;1959;6
62331;2504;1
62332;5115;5
62333;2883;5
62334;8380;6
62335;3342;4
62336;5392;7
62337;6520;2
62338;5613;5
62339;5838;6
62340;5514;5
62341;7540;2
62342;5025;7
62343;3887;2
62344;4141;4
62345;5406;3
62346;1184;7
62347;5532;5
62348;6054;5
62349;3212;3
62350;2084;5
62351;4858;5
62352;4452;3
62353;7766;6
62354;3478;1
62355;8713;2
62356;1418;1
62357;2007;3
62358;8496;2
62359;5569;7
62360;5917;3
62361;8544;4
62362;4805;1
62363;2830;7
62364;4059;7
62365;6002;1
62366;4659;1
62367;6930;5
62368;3278;5
62369;7905;3
62370;7485;2
62371;7227;7
62372;8716;2
62373;6213;2
62374;8165;7
62375;7730;3
62376;2444;5
62377;2898;6
62378;8123;1
62379;5024;2
62380;2748;7
62381;8075;3
62382;4948;3
62383;1796;2
62384;4446;6
62385;7737;7
62386;4116;7
62387;6783;7
62388;4683;1
62389;1480;3
62390;5759;6
62391;7715;5
62392;4978;7
62393;2344;4
62394;4817;1
62395;1041;3
62396;3708;5
62397;6799;5
62398;6400;6
62399;1217;5
62400;7161;5
62401;1113;7
62402;5087;6
62403;2314;5
62404;3741;2
62405;1444;3
62406;3546;5
62407;5080;1
62408;7754;1
62409;2919;7
62410;1778;4
62411;8674;4
62412;7157;5
62413;3214;3
62414;7674;2
62415;6795;1
62416;1720;1
62417;7020;7
62418;6215;5
62419;6040;2
62420;5841;6
62421;7737;5
62422;1752;5
62423;6969;7
62424;4528;7
62425;2289;7
62426;2332;7
62427;8563;3
62428;5020;2
62429;5280;5
62430;7594;7
62431;1564;1
62432;8016;3
62433;7924;2
62434;6170;4
62435;8922;4
62436;5197;6
62437;7195;3
62438;5442;2
62439;4989;6
62440;3637;3
62441;2048;3
62442;3603;2
62443;6774;2
62444;4687;3
62445;4034;1
62446;4962;1
62447;1772;3
62448;1185;2
62449;4701;3
62450;7931;5
62451;5723;5
62452;5203;6
62453;2963;7
62454;1860;4
62455;2561;7
62456;7653;6
62457;2573;3
62458;2919;3
62459;2478;3
62460;5700;7
62461;5253;7
62462;3849;7
62463;2514;4
62464;8290;1
62465;5509;6
62466;4468;4
62467;3627;5
62468;5668;2
62469;3879;2
62470;8690;5
62471;8640;1
62472;5024;7
62473;5343;2
62474;1413;4
62475;7688;7
62476;8451;1
62477;5198;6
62478;6234;2
62479;8765;2
62480;2241;3
62481;8362;1
62482;7412;3
62483;5544;2
62484;8307;2
62485;7141;4
62486;3395;3
62487;7205;3
62488;7202;2
62489;5994;5
62490;3247;5
62491;2400;2
62492;6946;1
62493;8165;5
62494;7008;3
62495;1833;3
62496;4915;2
62497;5444;6
62498;7521;4
62499;1811;2
62500;3843;2
62501;7989;6
62502;6928;3
62503;5340;7
62504;1765;3
62505;1505;6
62506;6735;3
62507;6101;3
62508;2760;5
62509;2268;2
62510;1732;2
62511;8234;3
62512;7419;5
62513;7369;2
62514;5566;4
62515;6285;7
62516;8936;7
62517;8176;6
62518;4539;7
62519;7128;2
62520;8736;7
62521;8776;1
62522;7146;3
62523;2124;6
62524;6561;5
62525;8614;6
62526;5758;1
62527;5729;1
62528;3113;7
62529;5763;6
62530;3082;4
62531;6271;2
62532;6178;5
62533;5422;6
62534;7518;7
62535;7247;3
62536;7476;3
62537;6516;6
62538;3735;4
62539;7526;1
62540;7766;7
62541;3813;2
62542;2694;1
62543;3422;2
62544;4217;2
62545;1286;2
62546;6117;4
62547;7231;4
62548;5436;6
62549;1092;5
62550;8542;6
62551;2148;4
62552;4452;5
62553;3456;6
62554;4592;7
62555;2527;2
62556;5795;4
62557;5062;3
62558;4022;2
62559;6506;5
62560;7796;4
62561;2771;7
62562;8091;7
62563;6670;7
62564;4348;2
62565;2314;7
62566;3801;6
62567;6767;4
62568;1573;2
62569;3632;6
62570;1437;5
62571;6794;2
62572;4216;6
62573;7397;3
62574;4935;3
62575;5737;1
62576;6542;3
62577;1197;2
62578;5377;3
62579;5690;3
62580;3180;3
62581;3405;3
62582;2718;2
62583;7775;7
62584;6020;4
62585;5218;4
62586;8900;5
62587;4645;1
62588;8291;6
62589;6313;3
62590;4148;7
62591;7831;3
62592;3048;4
62593;7861;6
62594;1430;3
62595;8280;2
62596;1637;1
62597;3754;7
62598;2027;7
62599;3904;6
62600;1327;4
62601;6353;2
62602;3209;7
62603;7522;1
62604;5720;5
62605;1343;4
62606;6403;4
62607;5357;3
62608;2495;1
62609;2214;1
62610;8842;5
62611;4597;6
62612;1923;6
62613;4549;4
62614;1277;2
62615;1348;1
62616;8590;3
62617;3051;2
62618;7206;7
62619;3931;6
62620;3147;4
62621;5766;3
62622;2280;3
62623;1536;1
62624;2304;3
62625;6260;1
62626;5173;2
62627;4899;4
62628;3137;2
62629;2296;2
62630;3841;5
62631;3035;1
62632;1424;2
62633;5328;7
62634;3199;4
62635;2489;6
62636;6946;5
62637;1253;6
62638;6972;7
62639;2457;7
62640;3856;7
62641;3123;2
62642;7879;1
62643;5321;2
62644;3693;6
62645;2160;5
62646;2047;2
62647;6925;2
62648;3774;7
62649;2444;3
62650;6589;4
62651;6469;1
62652;7169;2
62653;8680;6
62654;5256;1
62655;3280;5
62656;3068;5
62657;5673;7
62658;3644;7
62659;4837;7
62660;7292;5
62661;5535;6
62662;4590;2
62663;6389;3
62664;8628;2
62665;1073;5
62666;6746;6
62667;4519;1
62668;5630;5
62669;2954;3
62670;1182;2
62671;6774;2
62672;3807;6
62673;8760;2
62674;5064;7
62675;4210;4
62676;6999;5
62677;1450;5
62678;1461;3
62679;6839;7
62680;1412;3
62681;5021;2
62682;7760;1
62683;4519;5
62684;1629;6
62685;6196;6
62686;6696;6
62687;7066;6
62688;3031;2
62689;4762;1
62690;8780;6
62691;3437;2
62692;1498;3
62693;1007;3
62694;7455;3
62695;1875;5
62696;5327;3
62697;5587;6
62698;6961;5
62699;1829;5
62700;8790;2
62701;2864;5
62702;1005;3
62703;5734;3
62704;3938;7
62705;7389;7
62706;4115;7
62707;3198;3
62708;4827;6
62709;8135;2
62710;4702;2
62711;8215;5
62712;2237;3
62713;1402;4
62714;5663;2
62715;1478;5
62716;7297;6
62717;5594;6
62718;3541;6
62719;7686;4
62720;5396;2
62721;8054;3
62722;5168;1
62723;5791;4
62724;1663;6
62725;2516;5
62726;4164;4
62727;7423;7
62728;2900;1
62729;7424;4
62730;4145;2
62731;4744;6
62732;5041;2
62733;8873;4
62734;1043;7
62735;7556;7
62736;6235;2
62737;8183;1
62738;6563;4
62739;4218;3
62740;1367;4
62741;3296;4
62742;8381;2
62743;6057;5
62744;1861;3
62745;4900;7
62746;8440;6
62747;5168;3
62748;8128;2
62749;4862;2
62750;4792;1
62751;7610;7
62752;3192;5
62753;5078;2
62754;5024;1
62755;8051;3
62756;1374;6
62757;4223;6
62758;1121;5
62759;6578;1
62760;7656;6
62761;8234;7
62762;7251;5
62763;4368;4
62764;1743;7
62765;1654;2
62766;5156;5
62767;4257;7
62768;6313;5
62769;6977;2
62770;1295;3
62771;5918;6
62772;8254;1
62773;7592;4
62774;6175;6
62775;1213;3
62776;3060;4
62777;3911;5
62778;2617;1
62779;6600;4
62780;4885;7
62781;8136;6
62782;3221;1
62783;4712;3
62784;5387;2
62785;3582;5
62786;4686;6
62787;6079;4
62788;4629;1
62789;8005;2
62790;2533;3
62791;4283;6
62792;7048;4
62793;2850;4
62794;3849;4
62795;8329;5
62796;7456;5
62797;4222;2
62798;1632;1
62799;6394;3
62800;7421;1
62801;8118;1
62802;4451;5
62803;6652;1
62804;7645;7
62805;7352;1
62806;4714;2
62807;8284;3
62808;4187;2
62809;6196;6
62810;3624;6
62811;5830;7
62812;2447;6
62813;6499;4
62814;1767;1
62815;4603;3
62816;8126;7
62817;5978;7
62818;1887;2
62819;5877;5
62820;4221;1
62821;7310;3
62822;2787;7
62823;2472;7
62824;1638;3
62825;3826;4
62826;6763;1
62827;5187;1
62828;2327;2
62829;4891;5
62830;1719;5
62831;6907;7
62832;3323;1
62833;6944;7
62834;2608;7
62835;8790;4
62836;8002;1
62837;6375;4
62838;3297;4
62839;8681;7
62840;5928;3
62841;4158;3
62842;7975;5
62843;4028;4
62844;1818;1
62845;1828;6
62846;4876;2
62847;2045;5
62848;7854;6
62849;2896;3
62850;7870;4
62851;1747;3
62852;6194;6
62853;3091;5
62854;6028;5
62855;7666;2
62856;1307;6
62857;1191;7
62858;5612;4
62859;1094;2
62860;6148;1
62861;8307;3
62862;7522;1
62863;4240;4
62864;8177;2
62865;4472;5
62866;1938;5
62867;5163;7
62868;1199;5
62869;2689;2
62870;8767;1
62871;3075;5
62872;5668;4
62873;6374;1
62874;7436;7
62875;8565;4
62876;8177;7
62877;5426;3
62878;5408;5
62879;5268;5
62880;2245;6
62881;8328;4
62882;3383;1
62883;4922;5
62884;7562;3
62885;7271;3
62886;3272;2
62887;8320;3
62888;6462;2
62889;8103;3
62890;7680;4
62891;6410;6
62892;7725;3
62893;6668;4
62894;6620;5
62895;1018;3
62896;2608;7
62897;5055;6
62898;8808;3
62899;8395;6
62900;6381;7
62901;5679;3
62902;8301;5
62903;8577;3
62904;8546;2
62905;2303;7
62906;5414;7
62907;5053;7
62908;6977;1
62909;8957;4
62910;3195;4
62911;2926;3
62912;2229;1
62913;4105;4
62914;7803;4
62915;5795;7
62916;6834;1
62917;8661;2
62918;7460;7
62919;8916;2
62920;1432;2
62921;8903;6
62922;1800;6
62923;7577;5
62924;8522;5
62925;6074;7
62926;3840;2
62927;7320;4
62928;6063;5
62929;5012;5
62930;7286;2
62931;7510;5
62932;2734;6
62933;8320;5
62934;8199;2
62935;3766;4
62936;7347;7
62937;7980;1
62938;2331;5
62939;4659;3
62940;1204;7
62941;4256;1
62942;7927;7
62943;1607;1
62944;1154;2
62945;2940;2
62946;1465;4
62947;7018;6
62948;5100;4
62949;2007;3
62950;7849;3
62951;3751;1
62952;3328;6
62953;1969;1
62954;6983;5
62955;3872;5
62956;7377;5
62957;4717;2
62958;8839;5
62959;2735;5
62960;5293;4
62961;3336;4
62962;8005;5
62963;6580;6
62964;8233;4
62965;8425;4
62966;1023;7
62967;4682;1
62968;5884;3
62969;5151;7
62970;4139;4
62971;6902;5
62972;3432;5
62973;3592;5
62974;6092;5
62975;4295;5
62976;6530;3
62977;2686;7
62978;6666;6
62979;8651;4
62980;1498;3
62981;4224;6
62982;3124;2
62983;1890;4
62984;4907;7
62985;8685;5
62986;4772;3
62987;4007;1
62988;8775;5
62989;3816;2
62990;4198;3
62991;4903;6
62992;2170;3
62993;3942;7
62994;1948;2
62995;5083;3
62996;1648;4
62997;7039;1
62998;7635;4
62999;7265;7
63000;4521;4
63001;6055;6
63002;5799;7
63003;6064;7
63004;4408;7
63005;5159;1
63006;2233;5
63007;3973;1
63008;1395;3
63009;5693;6
63010;6953;3
63011;5469;1
63012;1432;2
63013;2656;2
63014;2071;6
63015;8682;1
63016;5198;1
63017;3907;5
63018;3721;3
63019;7105;6
63020;2717;6
63021;6365;6
63022;6774;6
63023;6120;5
63024;8056;3
63025;7230;1
63026;8008;1
63027;3290;1
63028;8230;5
63029;4114;5
63030;5637;2
63031;1328;3
63032;4836;5
63033;7370;4
63034;4930;1
63035;5423;7
63036;7298;4
63037;2026;5
63038;7763;7
63039;5522;3
63040;5513;7
63041;4733;6
63042;8139;7
63043;4914;6
63044;5855;1
63045;3376;4
63046;8243;2
63047;4568;7
63048;6114;2
63049;6115;4
63050;3174;2
63051;7090;1
63052;3139;4
63053;8755;5
63054;8982;6
63055;1565;6
63056;6309;5
63057;4935;6
63058;2843;6
63059;7694;6
63060;5764;2
63061;5254;4
63062;6580;3
63063;5769;4
63064;3937;2
63065;1767;1
63066;4414;3
63067;5598;2
63068;5488;6
63069;5677;3
63070;6425;2
63071;6237;5
63072;4222;7
63073;5239;1
63074;1014;7
63075;3057;7
63076;7060;5
63077;3271;3
63078;7535;2
63079;1475;5
63080;6283;5
63081;7781;5
63082;2295;5
63083;3560;5
63084;5621;7
63085;7335;4
63086;6497;1
63087;1322;2
63088;7205;6
63089;5082;4
63090;8226;1
63091;3023;2
63092;5385;1
63093;8600;3
63094;6891;6
63095;8262;2
63096;1855;2
63097;7301;4
63098;8525;2
63099;4859;5
63100;5567;1
63101;8268;3
63102;4924;5
63103;4109;2
63104;8387;5
63105;4094;3
63106;4120;5
63107;3800;6
63108;3503;6
63109;7372;5
63110;7195;1
63111;6544;5
63112;6032;2
63113;6949;3
63114;3127;2
63115;4241;5
63116;7084;5
63117;3428;7
63118;2725;5
63119;3885;5
63120;1915;4
63121;3635;1
63122;8146;2
63123;6693;4
63124;5138;4
63125;4995;1
63126;1340;5
63127;6237;7
63128;6237;2
63129;7763;4
63130;4103;5
63131;2964;7
63132;3972;6
63133;1619;7
63134;5144;5
63135;3963;4
63136;2908;4
63137;6579;2
63138;6407;2
63139;4114;7
63140;5797;4
63141;1561;4
63142;8663;3
63143;2239;2
63144;8879;7
63145;2053;5
63146;3878;3
63147;8944;3
63148;3902;4
63149;6446;7
63150;1179;3
63151;3351;5
63152;2304;7
63153;5903;6
63154;5053;3
63155;5022;7
63156;2365;2
63157;1218;7
63158;8311;5
63159;3701;1
63160;8223;3
63161;2462;3
63162;5126;4
63163;5259;7
63164;5968;3
63165;1587;6
63166;8336;3
63167;7911;3
63168;4874;7
63169;7079;2
63170;2478;6
63171;6969;3
63172;8267;6
63173;6926;3
63174;8785;7
63175;5211;7
63176;2778;5
63177;1526;3
63178;1049;4
63179;7297;4
63180;2063;3
63181;7676;3
63182;3227;3
63183;6641;4
63184;2421;6
63185;2840;1
63186;4855;2
63187;8686;1
63188;1768;6
63189;7216;6
63190;1108;1
63191;6964;4
63192;7258;5
63193;1368;1
63194;5047;7
63195;1796;3
63196;3612;3
63197;2274;7
63198;4008;2
63199;5461;4
63200;8810;5
63201;5486;4
63202;6224;4
63203;4388;3
63204;3927;1
63205;5954;1
63206;8427;4
63207;6269;2
63208;7714;6
63209;5698;6
63210;6793;2
63211;4080;2
63212;1632;3
63213;5989;6
63214;4752;6
63215;1521;6
63216;4602;6
63217;3416;7
63218;1475;2
63219;6858;3
63220;1989;6
63221;2849;2
63222;7195;3
63223;3982;2
63224;4912;6
63225;2025;7
63226;3391;2
63227;5392;5
63228;5812;3
63229;7707;6
63230;5665;3
63231;7534;6
63232;4038;2
63233;8677;1
63234;1412;5
63235;3623;1
63236;2970;3
63237;2867;3
63238;5484;5
63239;5010;3
63240;5602;6
63241;6571;3
63242;4376;1
63243;5500;2
63244;8775;5
63245;4371;7
63246;1367;6
63247;1902;4
63248;2503;5
63249;7303;2
63250;3235;1
63251;3687;1
63252;5097;7
63253;8287;5
63254;4001;4
63255;3150;1
63256;4149;1
63257;6468;2
63258;1378;3
63259;4606;6
63260;6594;4
63261;6650;2
63262;6946;1
63263;7435;4
63264;5493;3
63265;3558;1
63266;1019;4
63267;7246;7
63268;4361;4
63269;2660;4
63270;4328;1
63271;3909;3
63272;2887;7
63273;3238;6
63274;7400;6
63275;8845;6
63276;2526;4
63277;1005;2
63278;4181;7
63279;7623;2
63280;1871;6
63281;7772;1
63282;8875;2
63283;5155;7
63284;2005;4
63285;7618;1
63286;7563;2
63287;1807;1
63288;5966;5
63289;1915;7
63290;3077;2
63291;3357;6
63292;5408;1
63293;1156;1
63294;4059;7
63295;7879;3
63296;4060;1
63297;6604;4
63298;6125;3
63299;1142;2
63300;1341;7
63301;3332;5
63302;5026;2
63303;2765;5
63304;3380;3
63305;6603;7
63306;3285;4
63307;5697;6
63308;4135;6
63309;6337;1
63310;5302;3
63311;6735;1
63312;8288;2
63313;3621;1
63314;7321;6
63315;6085;7
63316;6961;6
63317;7377;2
63318;7879;3
63319;3605;3
63320;2192;4
63321;3512;5
63322;2547;3
63323;4638;5
63324;8882;5
63325;5865;6
63326;4232;2
63327;2089;6
63328;6284;1
63329;2007;7
63330;5586;6
63331;7336;3
63332;7481;5
63333;1294;7
63334;4363;3
63335;6405;4
63336;3505;3
63337;4720;2
63338;2481;2
63339;8614;3
63340;8248;5
63341;2707;3
63342;1331;6
63343;8568;3
63344;8976;5
63345;6926;2
63346;7034;5
63347;4436;5
63348;2408;5
63349;1545;3
63350;8718;5
63351;2929;1
63352;5567;2
63353;6716;3
63354;8595;1
63355;1865;5
63356;6687;1
63357;6031;3
63358;2402;2
63359;8068;6
63360;5652;2
63361;7983;3
63362;1793;5
63363;7511;5
63364;7142;7
63365;5237;5
63366;6894;3
63367;4408;4
63368;8698;7
63369;4414;4
63370;7294;4
63371;2974;5
63372;5063;5
63373;1374;4
63374;5681;6
63375;5780;5
63376;1909;3
63377;7300;1
63378;6264;1
63379;5894;5
63380;1125;6
63381;7451;7
63382;5466;7
63383;4329;7
63384;5883;4
63385;3359;4
63386;2448;7
63387;8820;6
63388;4458;3
63389;1690;1
63390;6964;6
63391;6397;1
63392;2144;3
63393;8753;2
63394;7389;2
63395;7571;2
63396;4874;1
63397;8915;4
63398;4086;3
63399;3486;5
63400;4978;5
63401;2263;3
63402;3820;2
63403;3322;7
63404;3035;7
63405;5662;2
63406;5734;7
63407;8519;4
63408;1073;2
63409;1041;5
63410;6448;5
63411;1166;6
63412;8516;1
63413;8981;3
63414;8161;3
63415;5311;1
63416;3844;5
63417;2601;1
63418;1171;7
63419;1555;2
63420;4266;7
63421;6419;3
63422;5882;3
63423;6133;5
63424;7389;2
63425;1910;1
63426;5143;1
63427;2206;5
63428;7468;5
63429;1278;3
63430;5646;4
63431;6705;7
63432;1157;2
63433;3043;3
63434;8168;2
63435;5954;1
63436;1727;7
63437;1252;2
63438;1951;6
63439;1407;5
63440;6280;3
63441;3721;7
63442;3316;5
63443;8014;2
63444;1452;2
63445;1191;4
63446;2367;5
63447;1943;1
63448;4985;1
63449;1455;6
63450;3988;7
63451;3416;1
63452;2756;1
63453;5596;7
63454;3140;7
63455;7335;5
63456;4288;4
63457;3184;7
63458;5958;3
63459;1321;5
63460;1950;5
63461;1006;5
63462;4023;4
63463;6634;6
63464;8485;5
63465;3560;2
63466;8712;3
63467;2785;2
63468;3101;3
63469;8721;5
63470;1237;1
63471;8754;7
63472;3862;2
63473;2438;7
63474;6889;1
63475;2305;6
63476;1035;2
63477;4128;7
63478;2184;6
63479;6067;5
63480;8361;2
63481;4809;3
63482;2624;2
63483;7578;7
63484;5378;1
63485;8423;5
63486;5029;5
63487;2174;3
63488;5229;5
63489;1785;3
63490;4157;6
63491;3050;7
63492;7640;2
63493;8535;6
63494;6976;6
63495;5545;4
63496;2545;7
63497;8665;6
63498;2547;1
63499;2380;5
63500;7960;6
63501;2380;1
63502;1998;5
63503;2152;3
63504;7932;1
63505;1504;4
63506;5458;5
63507;8706;1
63508;5545;4
63509;3873;3
63510;2348;3
63511;6411;5
63512;5194;2
63513;7934;4
63514;7980;7
63515;4954;5
63516;3331;1
63517;8933;4
63518;8849;4
63519;6929;5
63520;4342;2
63521;1790;4
63522;2125;7
63523;1813;1
63524;6569;2
63525;6496;7
63526;5993;3
63527;8523;5
63528;8220;6
63529;7316;1
63530;1764;2
63531;2493;1
63532;7507;7
63533;1748;1
63534;5156;3
63535;7913;2
63536;4331;5
63537;4969;4
63538;7082;5
63539;2862;6
63540;5935;1
63541;3066;2
63542;7652;1
63543;2917;6
63544;7538;3
63545;2070;4
63546;7301;7
63547;1953;2
63548;7848;7
63549;5282;2
63550;7109;7
63551;1430;5
63552;2351;7
63553;3865;5
63554;8873;7
63555;1542;5
63556;3541;7
63557;6422;5
63558;8710;7
63559;2532;7
63560;2002;6
63561;7746;7
63562;8773;7
63563;3306;7
63564;3764;6
63565;5826;4
63566;8197;7
63567;1249;1
63568;3841;3
63569;6299;2
63570;4853;1
63571;6266;2
63572;8658;4
63573;2809;2
63574;1448;2
63575;5658;5
63576;4780;2
63577;2714;5
63578;6808;5
63579;7696;2
63580;3318;7
63581;2646;3
63582;1853;2
63583;4079;7
63584;3300;5
63585;5819;5
63586;3538;7
63587;4763;5
63588;7918;4
63589;3107;7
63590;7274;4
63591;8395;1
63592;5749;3
63593;4775;1
63594;2422;5
63595;1463;7
63596;2001;1
63597;1962;5
63598;4256;2
63599;4961;7
63600;1704;3
63601;1317;5
63602;2819;6
63603;3527;6
63604;5990;5
63605;5584;2
63606;7196;2
63607;1251;1
63608;3636;2
63609;1834;5
63610;1861;4
63611;2153;1
63612;4448;2
63613;7898;1
63614;6539;5
63615;5030;1
63616;6883;5
63617;5223;4
63618;5287;7
63619;6705;4
63620;6583;4
63621;3965;5
63622;8562;5
63623;7266;3
63624;3097;5
63625;6570;7
63626;5291;3
63627;4077;4
63628;8120;1
63629;2646;4
63630;7593;3
63631;8564;3
63632;1619;5
63633;6957;2
63634;7125;2
63635;4497;5
63636;2798;7
63637;7442;4
63638;4730;5
63639;6170;3
63640;3597;6
63641;2566;1
63642;6106;2
63643;1994;4
63644;4415;1
63645;7138;4
63646;8729;5
63647;1157;7
63648;2537;2
63649;7328;3
63650;7960;4
63651;6483;6
63652;2186;4
63653;4278;1
63654;2838;2
63655;3334;1
63656;8039;1
63657;1221;6
63658;8143;5
63659;8128;6
63660;4698;5
63661;4769;7
63662;2963;1
63663;8679;4
63664;4655;2
63665;5940;6
63666;2663;3
63667;1405;3
63668;2391;3
63669;5721;3
63670;5665;7
63671;6432;3
63672;4062;5
63673;3486;5
63674;1515;2
63675;4667;4
63676;6954;6
63677;4404;5
63678;1172;5
63679;4397;5
63680;3402;7
63681;5263;7
63682;5794;4
63683;2972;5
63684;3720;6
63685;4538;5
63686;7745;6
63687;2267;7
63688;8917;1
63689;2947;3
63690;2142;2
63691;1555;1
63692;1895;3
63693;3531;2
63694;8632;7
63695;1246;2
63696;7489;1
63697;8785;5
63698;3927;1
63699;2787;4
63700;8888;3
63701;1858;5
63702;3399;1
63703;5838;3
63704;3632;6
63705;1014;1
63706;8814;7
63707;8437;2
63708;8543;3
63709;2798;5
63710;1980;5
63711;5831;3
63712;7490;2
63713;7986;4
63714;6681;4
63715;8937;1
63716;6309;6
63717;6649;3
63718;2150;7
63719;1256;5
63720;8423;7
63721;2122;3
63722;4134;5
63723;6508;6
63724;8179;2
63725;8678;3
63726;4256;2
63727;3271;3
63728;5788;2
63729;6435;3
63730;8295;7
63731;3277;4
63732;3299;7
63733;3003;2
63734;1500;5
63735;5117;5
63736;4376;2
63737;3723;7
63738;4188;1
63739;7465;5
63740;2607;3
63741;3591;1
63742;1870;3
63743;2412;3
63744;7492;7
63745;4594;3
63746;8645;3
63747;7450;2
63748;8540;2
63749;8875;6
63750;7686;2
63751;1623;4
63752;7512;6
63753;3949;2
63754;2926;3
63755;1673;7
63756;2191;2
63757;3947;2
63758;5380;7
63759;1186;1
63760;1627;7
63761;3325;1
63762;3905;1
63763;1797;4
63764;5730;4
63765;4384;3
63766;6993;2
63767;8142;5
63768;6280;4
63769;2493;6
63770;4676;1
63771;4166;7
63772;1700;3
63773;2634;5
63774;4475;4
63775;4665;6
63776;1658;5
63777;1650;7
63778;3671;2
63779;8872;5
63780;6727;1
63781;7292;6
63782;2324;4
63783;6830;3
63784;2519;5
63785;5986;5
63786;3878;4
63787;4326;4
63788;3385;5
63789;4774;2
63790;4016;4
63791;1501;3
63792;5960;7
63793;1482;2
63794;1095;4
63795;1207;2
63796;6753;6
63797;1776;4
63798;1303;5
63799;6403;2
63800;7307;2
63801;3343;2
63802;6064;3
63803;1721;4
63804;8011;2
63805;8606;5
63806;1151;4
63807;6208;4
63808;6893;5
63809;7655;1
63810;4799;1
63811;7120;4
63812;8852;3
63813;6720;3
63814;4572;6
63815;1890;6
63816;4328;2
63817;4865;2
63818;4959;3
63819;6784;5
63820;6425;3
63821;8585;6
63822;3566;7
63823;4963;6
63824;4067;1
63825;2295;2
63826;8609;4
63827;8073;2
63828;5343;2
63829;6854;2
63830;4830;2
63831;7874;2
63832;1658;1
63833;3473;1
63834;4349;1
63835;5971;5
63836;3528;5
63837;2016;4
63838;1144;5
63839;1588;6
63840;5487;4
63841;2190;7
63842;8874;4
63843;4164;5
63844;4412;2
63845;6071;1
63846;3712;2
63847;2630;6
63848;2918;5
63849;3531;4
63850;5717;3
63851;8742;6
63852;2370;7
63853;3584;7
63854;2448;7
63855;7695;2
63856;2496;2
63857;7468;4
63858;4623;3
63859;5029;2
63860;3903;4
63861;7841;5
63862;4329;3
63863;4227;1
63864;3755;7
63865;2824;1
63866;1696;1
63867;4405;5
63868;1916;7
63869;4789;1
63870;7344;6
63871;7285;6
63872;1159;1
63873;5357;2
63874;5326;5
63875;8171;5
63876;5864;6
63877;3390;6
63878;2855;1
63879;2912;1
63880;8724;6
63881;3120;1
63882;1778;4
63883;5348;4
63884;3638;7
63885;6827;1
63886;5966;3
63887;7166;1
63888;1598;2
63889;6289;2
63890;2121;3
63891;3602;3
63892;7630;5
63893;5203;1
63894;1032;3
63895;3873;7
63896;6668;1
63897;3086;3
63898;5947;2
63899;3247;5
63900;8925;1
63901;8493;1
63902;8445;5
63903;1768;3
63904;2474;3
63905;8949;4
63906;7826;1
63907;3831;4
63908;1515;1
63909;4655;7
63910;7469;7
63911;5998;7
63912;7478;1
63913;4035;6
63914;7894;4
63915;4496;5
63916;3143;6
63917;4650;5
63918;6073;4
63919;3067;1
63920;6816;1
63921;2145;5
63922;3191;5
63923;8276;5
63924;6177;2
63925;6221;5
63926;4894;4
63927;3280;7
63928;4169;4
63929;5217;5
63930;4086;3
63931;6909;1
63932;8962;5
63933;7133;2
63934;8894;6
63935;6797;4
63936;3281;3
63937;6099;2
63938;6463;1
63939;4453;6
63940;6833;3
63941;7725;3
63942;5149;3
63943;1472;1
63944;6783;1
63945;4994;6
63946;8449;7
63947;3175;7
63948;4842;3
63949;2759;3
63950;5595;6
63951;5865;2
63952;5314;5
63953;7482;3
63954;8923;1
63955;5100;5
63956;6383;2
63957;1696;2
63958;1501;4
63959;4075;4
63960;2416;2
63961;4835;5
63962;5171;1
63963;1503;5
63964;6340;1
63965;7775;7
63966;6265;4
63967;6185;7
63968;8927;7
63969;5071;2
63970;6079;4
63971;1288;1
63972;8225;2
63973;1240;1
63974;2463;2
63975;2567;7
63976;2991;2
63977;5080;2
63978;5378;4
63979;5958;6
63980;3360;1
63981;5768;7
63982;7841;1
63983;2854;6
63984;8697;2
63985;3929;3
63986;7662;2
63987;7740;7
63988;8027;3
63989;2493;1
63990;6676;1
63991;6632;2
63992;6056;1
63993;6812;2
63994;7663;3
63995;8505;3
63996;8204;1
63997;1839;2
63998;4595;4
63999;4103;3
64000;8807;3
64001;6213;5
64002;6577;7
64003;4811;6
64004;8015;1
64005;6061;4
64006;1038;7
64007;5183;5
64008;7071;3
64009;3080;5
64010;4336;7
64011;6184;3
64012;1234;5
64013;4779;7
64014;7528;2
64015;8620;3
64016;3795;5
64017;7376;1
64018;3413;1
64019;7114;5
64020;5880;2
64021;4539;4
64022;3316;5
64023;7237;4
64024;5182;2
64025;7096;3
64026;5494;3
64027;4706;4
64028;1328;4
64029;5222;3
64030;4050;6
64031;6527;6
64032;6518;6
64033;5429;7
64034;8610;1
64035;5439;4
64036;3631;4
64037;4600;3
64038;8084;4
64039;1063;5
64040;8346;4
64041;2165;7
64042;3645;6
64043;4863;6
64044;5604;3
64045;6433;6
64046;8550;5
64047;5671;1
64048;8526;2
64049;3376;1
64050;4029;3
64051;3866;5
64052;8070;4
64053;3764;7
64054;4880;2
64055;5604;3
64056;5817;7
64057;7603;7
64058;1531;5
64059;7536;5
64060;3620;4
64061;2966;3
64062;3467;3
64063;1923;3
64064;8146;5
64065;2204;5
64066;5762;4
64067;3517;2
64068;6684;4
64069;6638;7
64070;7290;4
64071;3046;5
64072;8175;5
64073;8692;2
64074;6096;7
64075;8267;3
64076;6678;1
64077;2914;4
64078;2670;5
64079;2390;1
64080;1138;1
64081;2935;4
64082;7006;2
64083;2940;5
64084;1694;4
64085;8935;7
64086;3101;5
64087;6713;1
64088;4726;5
64089;8566;1
64090;7872;7
64091;3633;6
64092;8202;6
64093;6472;5
64094;6293;3
64095;4440;1
64096;5988;6
64097;4668;3
64098;3589;5
64099;6839;6
64100;4150;1
64101;6885;2
64102;8238;1
64103;4077;4
64104;5984;3
64105;3871;5
64106;4090;3
64107;2440;4
64108;1245;4
64109;7636;3
64110;4625;4
64111;8349;7
64112;4827;7
64113;2758;6
64114;5823;7
64115;2512;5
64116;6443;4
64117;4645;4
64118;1810;4
64119;3096;1
64120;6353;2
64121;5675;2
64122;6705;7
64123;6518;1
64124;3250;1
64125;8046;5
64126;7349;4
64127;1273;7
64128;8520;5
64129;7154;7
64130;6988;1
64131;3909;4
64132;4810;1
64133;8253;3
64134;7837;4
64135;4579;5
64136;6453;5
64137;6449;7
64138;1748;1
64139;3735;6
64140;8892;2
64141;2283;7
64142;4515;1
64143;4023;5
64144;3026;1
64145;3029;3
64146;6597;6
64147;7165;1
64148;3923;3
64149;1596;6
64150;6075;6
64151;1429;5
64152;8424;6
64153;6702;3
64154;1906;3
64155;2609;6
64156;8839;7
64157;8009;6
64158;5580;5
64159;4142;2
64160;1183;7
64161;3025;2
64162;5079;2
64163;1580;5
64164;8088;2
64165;5600;6
64166;2703;7
64167;7037;4
64168;4186;4
64169;5264;3
64170;4492;7
64171;5590;7
64172;7854;4
64173;1024;1
64174;5037;2
64175;4871;6
64176;4101;4
64177;5147;7
64178;7724;7
64179;7641;7
64180;1356;4
64181;1520;3
64182;2403;6
64183;8923;1
64184;5263;7
64185;2699;3
64186;3482;1
64187;2223;2
64188;5584;4
64189;2949;2
64190;8676;5
64191;8382;1
64192;6484;7
64193;4947;2
64194;4127;7
64195;6556;4
64196;5180;2
64197;1674;3
64198;8813;1
64199;4304;3
64200;3532;2
64201;8031;3
64202;1331;4
64203;7137;1
64204;1441;4
64205;1653;4
64206;2440;2
64207;4607;6
64208;5415;7
64209;2504;3
64210;8565;7
64211;8735;5
64212;8850;5
64213;4352;2
64214;8264;2
64215;7776;7
64216;3012;7
64217;7381;7
64218;4954;6
64219;1129;2
64220;8572;4
64221;5932;2
64222;3387;3
64223;6765;1
64224;7462;2
64225;4781;1
64226;8517;5
64227;7853;2
64228;4525;6
64229;6273;1
64230;6562;6
64231;4280;5
64232;6932;5
64233;7554;1
64234;7008;3
64235;2831;4
64236;1101;6
64237;3039;1
64238;3184;3
64239;7561;5
64240;1967;1
64241;4889;1
64242;6719;2
64243;8821;2
64244;7002;7
64245;5958;1
64246;1062;5
64247;8456;6
64248;3569;3
64249;2833;2
64250;1505;2
64251;3760;3
64252;1471;5
64253;5117;4
64254;1898;4
64255;7893;1
64256;6682;5
64257;1422;2
64258;8952;6
64259;8534;4
64260;1958;5
64261;8357;1
64262;1766;4
64263;5231;2
64264;1929;6
64265;8530;2
64266;8627;7
64267;2938;3
64268;8972;6
64269;1102;6
64270;8492;7
64271;4823;2
64272;4757;6
64273;8358;6
64274;3415;4
64275;6530;7
64276;4313;3
64277;4891;1
64278;4818;1
64279;8315;6
64280;8269;7
64281;6697;1
64282;4270;6
64283;4738;5
64284;8952;4
64285;5614;5
64286;1303;2
64287;6504;4
64288;5644;5
64289;1458;6
64290;2953;2
64291;8905;7
64292;3204;3
64293;2600;6
64294;7500;2
64295;5257;7
64296;6196;4
64297;8419;2
64298;1955;3
64299;1795;1
64300;7388;4
64301;3079;5
64302;3024;3
64303;5178;7
64304;8538;2
64305;5225;2
64306;1067;7
64307;6620;3
64308;4314;5
64309;6531;7
64310;1123;3
64311;1136;5
64312;7627;6
64313;4283;5
64314;1640;6
64315;7091;2
64316;4660;6
64317;3203;4
64318;4268;4
64319;1123;5
64320;8552;6
64321;3999;1
64322;5275;4
64323;3125;6
64324;8601;6
64325;8455;3
64326;1600;2
64327;7743;1
64328;5061;7
64329;2945;5
64330;8069;2
64331;8027;7
64332;2682;1
64333;6427;2
64334;7001;4
64335;3447;1
64336;1573;6
64337;6173;7
64338;3317;7
64339;3756;7
64340;7181;5
64341;2916;5
64342;5060;4
64343;1053;1
64344;1090;6
64345;4725;6
64346;6060;4
64347;7868;6
64348;7636;4
64349;2259;5
64350;7595;3
64351;3179;4
64352;6566;1
64353;1935;5
64354;1839;7
64355;2816;6
64356;6127;1
64357;7112;6
64358;3244;1
64359;5317;3
64360;8507;1
64361;7806;7
64362;2205;1
64363;7091;5
64364;8627;3
64365;5966;1
64366;8375;6
64367;7454;7
64368;5165;7
64369;8340;5
64370;3350;3
64371;5881;6
64372;2824;7
64373;8994;7
64374;4726;6
64375;5751;2
64376;4678;1
64377;1735;5
64378;7717;4
64379;7731;3
64380;4719;1
64381;7021;3
64382;6226;1
64383;3771;7
64384;8282;2
64385;5803;6
64386;6507;6
64387;4741;7
64388;6568;6
64389;2743;3
64390;8560;1
64391;7976;2
64392;8960;6
64393;3837;6
64394;7177;6
64395;5408;5
64396;6002;2
64397;7417;6
64398;6853;1
64399;7880;4
64400;8912;1
64401;1724;7
64402;3421;1
64403;6916;3
64404;7870;1
64405;2359;4
64406;4125;6
64407;4785;5
64408;2549;2
64409;7714;3
64410;5828;3
64411;2299;3
64412;6529;4
64413;3485;7
64414;6961;5
64415;1083;7
64416;3362;6
64417;7306;1
64418;8091;1
64419;8748;6
64420;1427;4
64421;6556;2
64422;3594;7
64423;3483;1
64424;5859;2
64425;1257;3
64426;4208;2
64427;3305;4
64428;7307;6
64429;8766;6
64430;5410;4
64431;2236;7
64432;8258;5
64433;8885;6
64434;5492;4
64435;2991;2
64436;4304;2
64437;5632;5
64438;7895;1
64439;5234;7
64440;7442;4
64441;3084;4
64442;7978;3
64443;2992;1
64444;6533;2
64445;4777;5
64446;4651;1
64447;5208;6
64448;2389;6
64449;7674;5
64450;1119;5
64451;1116;7
64452;5149;2
64453;4355;7
64454;7578;5
64455;4053;4
64456;8755;6
64457;8181;6
64458;4910;3
64459;7304;5
64460;8966;6
64461;5073;3
64462;4739;6
64463;8557;7
64464;4488;1
64465;5562;4
64466;2120;4
64467;1436;6
64468;4686;3
64469;4862;3
64470;7718;7
64471;5987;6
64472;5598;5
64473;6337;7
64474;8149;3
64475;4702;6
64476;7905;5
64477;4625;3
64478;3645;2
64479;2878;3
64480;2048;6
64481;2612;7
64482;8622;4
64483;3160;4
64484;5619;6
64485;6006;6
64486;3539;7
64487;7870;4
64488;3872;7
64489;6019;4
64490;4966;4
64491;7271;1
64492;7107;7
64493;6320;5
64494;3074;4
64495;7184;7
64496;4666;5
64497;2249;6
64498;4105;1
64499;2458;2
64500;3621;1
64501;5155;2
64502;2967;2
64503;7000;3
64504;1231;3
64505;4106;3
64506;8876;2
64507;5252;7
64508;4549;3
64509;7325;5
64510;4663;7
64511;8950;6
64512;1618;1
64513;8976;6
64514;2306;6
64515;6673;1
64516;7241;3
64517;5903;3
64518;7321;1
64519;5204;6
64520;4076;4
64521;4353;3
64522;8156;5
64523;2866;6
64524;3087;3
64525;3781;2
64526;7889;4
64527;8092;4
64528;7520;6
64529;3145;3
64530;6007;2
64531;3383;4
64532;5383;5
64533;2903;4
64534;6396;7
64535;4666;2
64536;6352;7
64537;7782;5
64538;5942;6
64539;6168;5
64540;2477;4
64541;4585;5
64542;5215;1
64543;2835;2
64544;6323;2
64545;3372;4
64546;2257;2
64547;1914;7
64548;2021;2
64549;1764;4
64550;7879;3
64551;3523;3
64552;6288;1
64553;7666;6
64554;4701;6
64555;3249;4
64556;5092;6
64557;8674;7
64558;8589;7
64559;1153;7
64560;6343;5
64561;5985;3
64562;3900;6
64563;5925;3
64564;7524;4
64565;5051;5
64566;1644;4
64567;1448;2
64568;1614;7
64569;6872;1
64570;4765;3
64571;2877;7
64572;1991;2
64573;3211;5
64574;7000;4
64575;6560;6
64576;2666;3
64577;7405;2
64578;5201;3
64579;2870;2
64580;8825;2
64581;5830;4
64582;2308;6
64583;3433;3
64584;3223;7
64585;6987;2
64586;2178;4
64587;6783;7
64588;8588;7
64589;3259;5
64590;5353;4
64591;4611;7
64592;5099;2
64593;1979;2
64594;1692;1
64595;8130;4
64596;7644;2
64597;6111;1
64598;7416;2
64599;6760;2
64600;7834;4
64601;2458;7
64602;7071;5
64603;5334;6
64604;5247;4
64605;5749;5
64606;6449;4
64607;4158;3
64608;6650;4
64609;4345;3
64610;3970;2
64611;4392;2
64612;8628;7
64613;4724;3
64614;6735;6
64615;5846;7
64616;7037;1
64617;1488;3
64618;3416;7
64619;8885;3
64620;2736;3
64621;7358;1
64622;8088;3
64623;8173;3
64624;8027;3
64625;6006;5
64626;3561;4
64627;7698;6
64628;6352;1
64629;5455;2
64630;1819;7
64631;3671;1
64632;8839;6
64633;5862;3
64634;2416;7
64635;5200;6
64636;7390;6
64637;6713;2
64638;6068;7
64639;8862;7
64640;8573;5
64641;8378;1
64642;4525;6
64643;3394;2
64644;5414;6
64645;7116;3
64646;6011;1
64647;7608;3
64648;2654;7
64649;1089;7
64650;8499;7
64651;5889;7
64652;6950;6
64653;6714;6
64654;3142;4
64655;6009;5
64656;5872;5
64657;1105;5
64658;8196;6
64659;5900;2
64660;3883;3
64661;4949;4
64662;6565;3
64663;1049;4
64664;3656;1
64665;8112;4
64666;5444;1
64667;3225;6
64668;1686;7
64669;1098;6
64670;4004;5
64671;3293;3
64672;6775;2
64673;5601;1
64674;4986;2
64675;8856;6
64676;2988;3
64677;1287;2
64678;2743;3
64679;5676;6
64680;8706;2
64681;8498;4
64682;1280;7
64683;3089;7
64684;2624;6
64685;5144;2
64686;5438;7
64687;4168;6
64688;3025;2
64689;1057;7
64690;6584;7
64691;7659;7
64692;8358;3
64693;2295;3
64694;4255;2
64695;5227;3
64696;6561;4
64697;2168;3
64698;1675;6
64699;1390;1
64700;2380;2
64701;7094;1
64702;4523;7
64703;5220;4
64704;2209;7
64705;2962;4
64706;3100;7
64707;4700;7
64708;5329;6
64709;7387;7
64710;2715;4
64711;4955;4
64712;1907;6
64713;7009;5
64714;3814;1
64715;3497;3
64716;3496;5
64717;1671;5
64718;4170;1
64719;1189;1
64720;8930;2
64721;8549;3
64722;7572;1
64723;3422;1
64724;3029;6
64725;6579;3
64726;2878;3
64727;4812;1
64728;4924;4
64729;3789;3
64730;6486;3
64731;2752;5
64732;8217;4
64733;3590;1
64734;1313;1
64735;2620;6
64736;2661;6
64737;6539;1
64738;6267;5
64739;6453;5
64740;2701;5
64741;7929;1
64742;3585;7
64743;8240;1
64744;4986;5
64745;8990;2
64746;7118;1
64747;7404;6
64748;3060;1
64749;3003;1
64750;6596;1
64751;8230;5
64752;5783;5
64753;4409;2
64754;5912;2
64755;6935;1
64756;7970;4
64757;7421;4
64758;3079;2
64759;3448;4
64760;3931;7
64761;7827;5
64762;2145;7
64763;6050;3
64764;4574;6
64765;1692;5
64766;7528;6
64767;5399;5
64768;7937;6
64769;8755;2
64770;3505;2
64771;7524;6
64772;7390;3
64773;5444;4
64774;4170;2
64775;4804;6
64776;4448;7
64777;3390;5
64778;1498;1
64779;8044;4
64780;2781;1
64781;3254;4
64782;1625;1
64783;6230;5
64784;6638;6
64785;7584;5
64786;2142;7
64787;4694;2
64788;2233;6
64789;7469;4
64790;7186;5
64791;6663;3
64792;5295;4
64793;2767;1
64794;3149;3
64795;7444;4
64796;3441;6
64797;2670;5
64798;6579;4
64799;4292;5
64800;3603;4
64801;3197;7
64802;4992;1
64803;7476;5
64804;2141;1
64805;1160;5
64806;2134;5
64807;4107;5
64808;6638;4
64809;3730;7
64810;3833;7
64811;4979;1
64812;7171;6
64813;7732;7
64814;8562;4
64815;2069;2
64816;5145;3
64817;5786;1
64818;8097;1
64819;5849;2
64820;1579;1
64821;6082;5
64822;1742;3
64823;1602;7
64824;8434;6
64825;1943;6
64826;5350;7
64827;1928;7
64828;5446;1
64829;8889;6
64830;6674;6
64831;4823;4
64832;8904;4
64833;5837;2
64834;2119;5
64835;6013;5
64836;4562;5
64837;3942;1
64838;3853;1
64839;7260;5
64840;5787;3
64841;8840;1
64842;1107;5
64843;8901;2
64844;7675;3
64845;7312;3
64846;3808;7
64847;2852;5
64848;1640;4
64849;2373;1
64850;1488;3
64851;4532;4
64852;7346;5
64853;7173;3
64854;8913;7
64855;5231;6
64856;2762;5
64857;6540;3
64858;5366;6
64859;4123;5
64860;7430;4
64861;2928;1
64862;6515;3
64863;3265;2
64864;3214;6
64865;4674;6
64866;5414;2
64867;7885;1
64868;2460;3
64869;2267;1
64870;5953;4
64871;5267;7
64872;3104;2
64873;6969;7
64874;6669;4
64875;2361;2
64876;8335;6
64877;7842;7
64878;8333;1
64879;1996;7
64880;5083;1
64881;1609;6
64882;1028;4
64883;4285;2
64884;2455;2
64885;6871;4
64886;5884;5
64887;4727;6
64888;5987;3
64889;3989;3
64890;1116;3
64891;3035;6
64892;6085;2
64893;7258;1
64894;3315;3
64895;7158;4
64896;5710;2
64897;8349;1
64898;6737;4
64899;2516;6
64900;1086;3
64901;1411;2
64902;5518;6
64903;6948;2
64904;1369;3
64905;8468;5
64906;8731;1
64907;8405;1
64908;2654;1
64909;6904;2
64910;3390;2
64911;6340;6
64912;6649;7
64913;2715;1
64914;2576;6
64915;7286;4
64916;5064;2
64917;3980;6
64918;6411;6
64919;3512;2
64920;4038;5
64921;1663;5
64922;2909;7
64923;7892;6
64924;7885;1
64925;8051;3
64926;3903;7
64927;4301;4
64928;6714;6
64929;3778;3
64930;6863;4
64931;4528;2
64932;4329;1
64933;5992;6
64934;1731;1
64935;6175;2
64936;5845;3
64937;8078;7
64938;4860;4
64939;4425;2
64940;6786;1
64941;5147;7
64942;3034;3
64943;3306;6
64944;5393;6
64945;3041;1
64946;3607;3
64947;4263;3
64948;2473;7
64949;5115;7
64950;5049;6
64951;3115;4
64952;3593;7
64953;2582;3
64954;6197;5
64955;6123;1
64956;7496;7
64957;7564;6
64958;3975;7
64959;3129;3
64960;6544;3
64961;5944;7
64962;8400;3
64963;6847;7
64964;7770;7
64965;3697;1
64966;8916;2
64967;5251;3
64968;7867;7
64969;8830;2
64970;3585;2
64971;1876;1
64972;2663;3
64973;1826;5
64974;4595;4
64975;1261;4
64976;2088;4
64977;7895;4
64978;8566;5
64979;7082;5
64980;1534;4
64981;3239;6
64982;6291;7
64983;8697;5
64984;3126;2
64985;4121;1
64986;3028;6
64987;6131;7
64988;2507;1
64989;4676;3
64990;2832;2
64991;5459;7
64992;4744;7
64993;2658;2
64994;7400;4
64995;1134;7
64996;3733;1
64997;2135;6
64998;4104;3
64999;4423;2
65000;5939;1
65001;2104;3
65002;4815;1
65003;2971;7
65004;4108;4
65005;5703;2
65006;8606;3
65007;8235;2
65008;3721;3
65009;2309;1
65010;3543;7
65011;1768;6
65012;8429;1
65013;8965;1
65014;7984;4
65015;4716;5
65016;1174;4
65017;7980;3
65018;2861;4
65019;3505;4
65020;1814;2
65021;6912;4
65022;3044;2
65023;3683;1
65024;7737;7
65025;1681;6
65026;2468;4
65027;3887;1
65028;3377;3
65029;6789;6
65030;1547;4
65031;4793;1
65032;7927;1
65033;3427;3
65034;3395;1
65035;3070;5
65036;2501;4
65037;7595;7
65038;5241;6
65039;3759;4
65040;5550;5
65041;5979;6
65042;5247;3
65043;1995;3
65044;1949;5
65045;3289;7
65046;7207;2
65047;5366;4
65048;7442;2
65049;4952;6
65050;6733;2
65051;4073;7
65052;5189;5
65053;4707;6
65054;5696;5
65055;4799;7
65056;2569;7
65057;8530;2
65058;4093;7
65059;2578;7
65060;6327;2
65061;1748;6
65062;1120;2
65063;4355;5
65064;7987;7
65065;4873;6
65066;7079;4
65067;6700;5
65068;4549;3
65069;3989;7
65070;5146;2
65071;7870;7
65072;6272;5
65073;8302;3
65074;6047;3
65075;7577;6
65076;7707;3
65077;8644;4
65078;6605;1
65079;3242;6
65080;5072;2
65081;5364;5
65082;2273;7
65083;5231;3
65084;2741;1
65085;5002;7
65086;8449;5
65087;1334;1
65088;4917;6
65089;2537;2
65090;1264;6
65091;7778;3
65092;8418;7
65093;5565;4
65094;1917;1
65095;4106;6
65096;8980;6
65097;5366;7
65098;5889;5
65099;8314;1
65100;7167;3
65101;1898;7
65102;3059;6
65103;5226;6
65104;6782;7
65105;1468;3
65106;2405;7
65107;3772;4
65108;8695;4
65109;2771;7
65110;2519;4
65111;8895;5
65112;7166;3
65113;3872;2
65114;6176;2
65115;8293;5
65116;7440;1
65117;3275;1
65118;3894;6
65119;5394;2
65120;6509;2
65121;8689;4
65122;2498;7
65123;6636;1
65124;5658;7
65125;8483;3
65126;6454;2
65127;1188;3
65128;7743;3
65129;8939;5
65130;8452;7
65131;8422;3
65132;7252;2
65133;3561;1
65134;4794;5
65135;8020;6
65136;6694;2
65137;1699;3
65138;5529;4
65139;8489;7
65140;3067;2
65141;2502;1
65142;4290;2
65143;3637;1
65144;5477;3
65145;8520;1
65146;3253;7
65147;2512;1
65148;6498;7
65149;1580;1
65150;5798;6
65151;7817;4
65152;4325;2
65153;3793;2
65154;7427;2
65155;8293;3
65156;2484;1
65157;4839;3
65158;3178;7
65159;5114;5
65160;6284;6
65161;7432;6
65162;7410;2
65163;6825;1
65164;1463;4
65165;2101;7
65166;2269;5
65167;8343;5
65168;8429;4
65169;6916;1
65170;8866;5
65171;2565;7
65172;4220;7
65173;3607;1
65174;6303;3
65175;5643;1
65176;4648;2
65177;6478;6
65178;5629;5
65179;4264;3
65180;1266;2
65181;8157;6
65182;5572;5
65183;1582;5
65184;1310;3
65185;7626;4
65186;8954;3
65187;5555;4
65188;2725;2
65189;5600;7
65190;5287;4
65191;3177;5
65192;8116;6
65193;3534;2
65194;4546;6
65195;8382;2
65196;7531;4
65197;7811;6
65198;6084;1
65199;6751;2
65200;6603;2
65201;7321;4
65202;2857;2
65203;4177;7
65204;3092;1
65205;5752;1
65206;1730;4
65207;4054;3
65208;3897;1
65209;1145;3
65210;2277;3
65211;6779;6
65212;6939;3
65213;5687;1
65214;1696;1
65215;1216;7
65216;5152;4
65217;2401;5
65218;7197;7
65219;5951;6
65220;1939;1
65221;6457;3
65222;2952;1
65223;5278;2
65224;4644;2
65225;2217;7
65226;1055;1
65227;2263;3
65228;7439;5
65229;1561;3
65230;4169;2
65231;4637;4
65232;6235;5
65233;7643;3
65234;3450;6
65235;5284;2
65236;1846;2
65237;2426;4
65238;1266;6
65239;5252;7
65240;2079;7
65241;7524;3
65242;3782;7
65243;2775;1
65244;8510;7
65245;2939;1
65246;6485;4
65247;2756;2
65248;3477;2
65249;8912;1
65250;1150;2
65251;4283;2
65252;8619;4
65253;5296;2
65254;7701;1
65255;2063;7
65256;8168;5
65257;7020;3
65258;6974;4
65259;1453;5
65260;8854;5
65261;5255;5
65262;7441;7
65263;7968;6
65264;7870;1
65265;8217;6
65266;4220;5
65267;3800;4
65268;6647;7
65269;1058;7
65270;4957;6
65271;4637;7
65272;3229;7
65273;1724;6
65274;1095;6
65275;5527;2
65276;3800;1
65277;3391;7
65278;8117;4
65279;7104;7
65280;7998;1
65281;7078;7
65282;1714;1
65283;5659;7
65284;2623;5
65285;6661;2
65286;2447;7
65287;3166;2
65288;7949;6
65289;7681;7
65290;3521;1
65291;5006;7
65292;8637;6
65293;5455;2
65294;5636;5
65295;3609;2
65296;2578;5
65297;8088;4
65298;4634;2
65299;3397;7
65300;4949;4
65301;3572;2
65302;7517;3
65303;4443;1
65304;8659;6
65305;6959;6
65306;8079;2
65307;1397;4
65308;1772;3
65309;6939;3
65310;3736;3
65311;3934;6
65312;1356;7
65313;5153;7
65314;2736;6
65315;1029;2
65316;3567;7
65317;7888;6
65318;1345;3
65319;4780;6
65320;4745;5
65321;1513;7
65322;2393;7
65323;8277;2
65324;3558;3
65325;8991;7
65326;6812;3
65327;4519;1
65328;1268;3
65329;6729;2
65330;6077;5
65331;2080;3
65332;3839;1
65333;4109;3
65334;5300;1
65335;4378;1
65336;8808;2
65337;7755;3
65338;5377;1
65339;1796;4
65340;5908;1
65341;2305;3
65342;6054;3
65343;8924;2
65344;2370;3
65345;2669;7
65346;3683;7
65347;2536;2
65348;8850;2
65349;5790;1
65350;8022;3
65351;6977;4
65352;3176;6
65353;6208;4
65354;3707;1
65355;2544;6
65356;6009;2
65357;3270;5
65358;2612;7
65359;7764;4
65360;1473;3
65361;2810;7
65362;6597;6
65363;3108;7
65364;2277;7
65365;6572;6
65366;3653;7
65367;3519;3
65368;8818;4
65369;7667;5
65370;8797;7
65371;3105;5
65372;2197;1
65373;3760;7
65374;3067;7
65375;4748;7
65376;3438;3
65377;8038;3
65378;1615;1
65379;4395;6
65380;2164;4
65381;7071;6
65382;6803;2
65383;6376;3
65384;4316;6
65385;2818;6
65386;4793;3
65387;8663;4
65388;8643;6
65389;4386;5
65390;6794;4
65391;1730;2
65392;8172;4
65393;4295;7
65394;3433;4
65395;6727;6
65396;8066;1
65397;5581;4
65398;2882;6
65399;5530;2
65400;8942;1
65401;6012;6
65402;5376;4
65403;8015;5
65404;6825;1
65405;2818;5
65406;3192;3
65407;4842;4
65408;1018;7
65409;7796;4
65410;8024;5
65411;7469;1
65412;7060;6
65413;1058;6
65414;7859;2
65415;5684;2
65416;8724;4
65417;3453;5
65418;1079;7
65419;8881;5
65420;3507;7
65421;2803;4
65422;8421;1
65423;1816;4
65424;2965;5
65425;3363;6
65426;7160;5
65427;3767;6
65428;6973;1
65429;5274;5
65430;5587;6
65431;3625;4
65432;3064;7
65433;7913;2
65434;4518;1
65435;1898;7
65436;3834;6
65437;4889;7
65438;1539;2
65439;1347;5
65440;5403;3
65441;5421;3
65442;2367;2
65443;4074;6
65444;3199;2
65445;8693;4
65446;2370;3
65447;8079;7
65448;8422;3
65449;1118;2
65450;6869;2
65451;1495;3
65452;4702;1
65453;3981;3
65454;5639;6
65455;3883;2
65456;2889;3
65457;2630;2
65458;6186;1
65459;4197;6
65460;3023;6
65461;5206;4
65462;8244;4
65463;2042;6
65464;1318;7
65465;5256;7
65466;8275;3
65467;5852;4
65468;3142;6
65469;8448;6
65470;7911;5
65471;1358;5
65472;5898;3
65473;4349;7
65474;5525;2
65475;5693;6
65476;4682;5
65477;6213;7
65478;5031;2
65479;4381;6
65480;4772;3
65481;4445;2
65482;2006;7
65483;7150;6
65484;6169;7
65485;6551;7
65486;4822;2
65487;6454;5
65488;8695;4
65489;7133;6
65490;6070;4
65491;1863;4
65492;2007;7
65493;5752;3
65494;7137;1
65495;1184;3
65496;8697;4
65497;1493;1
65498;2890;1
65499;5142;3
65500;6743;3
65501;8916;6
65502;2393;2
65503;7673;1
65504;3922;3
65505;8483;7
65506;3983;4
65507;3878;3
65508;1095;3
65509;7955;5
65510;3581;5
65511;1807;7
65512;6099;4
65513;2444;4
65514;5604;1
65515;7029;7
65516;6369;3
65517;8462;4
65518;3099;1
65519;4651;2
65520;6978;4
65521;8979;5
65522;3164;6
65523;4486;1
65524;5075;6
65525;3357;6
65526;3979;5
65527;6570;3
65528;1190;7
65529;2135;4
65530;4515;7
65531;8856;7
65532;2883;7
65533;2964;6
65534;5608;4
65535;8673;4
65536;6107;1
65537;2260;5
65538;2597;2
65539;4882;7
65540;7622;5
65541;4253;3
65542;5668;2
65543;3689;2
65544;3721;2
65545;8836;4
65546;3870;7
65547;5945;5
65548;4114;4
65549;5489;5
65550;5912;2
65551;6043;4
65552;3709;3
65553;8159;2
65554;1398;4
65555;4495;2
65556;3495;1
65557;5137;6
65558;7799;3
65559;5479;2
65560;5552;2
65561;3990;2
65562;5825;6
65563;7177;5
65564;8428;1
65565;1581;4
65566;5861;2
65567;4068;6
65568;3036;7
65569;8258;6
65570;3642;6
65571;4191;3
65572;3687;7
65573;1793;4
65574;3627;5
65575;3657;6
65576;3975;7
65577;6456;1
65578;8995;5
65579;1362;5
65580;4327;2
65581;2884;4
65582;8371;1
65583;2896;6
65584;7810;2
65585;5814;6
65586;6038;1
65587;8070;4
65588;2669;5
65589;1744;4
65590;2839;6
65591;4373;4
65592;5452;2
65593;7780;4
65594;5325;7
65595;2838;2
65596;1971;3
65597;4770;6
65598;5194;7
65599;3590;3
65600;5829;1
65601;4822;7
65602;5213;5
65603;4972;1
65604;7907;5
65605;5944;3
65606;2034;4
65607;1564;5
65608;3090;7
65609;5539;5
65610;1082;4
65611;8399;5
65612;7072;7
65613;4602;3
65614;3224;2
65615;1687;1
65616;8095;7
65617;7598;1
65618;5186;6
65619;8483;7
65620;5632;7
65621;1931;2
65622;5126;1
65623;8368;5
65624;3444;1
65625;3165;4
65626;7957;4
65627;6181;3
65628;3969;5
65629;3579;2
65630;6278;3
65631;3392;5
65632;3580;4
65633;1521;3
65634;2400;1
65635;2843;3
65636;5329;5
65637;7494;7
65638;3680;3
65639;7861;7
65640;6667;4
65641;2426;6
65642;2301;2
65643;7890;7
65644;6426;3
65645;6226;5
65646;6766;2
65647;2153;6
65648;7982;7
65649;1970;4
65650;2041;3
65651;5891;1
65652;8201;2
65653;6050;2
65654;7927;3
65655;2695;5
65656;6839;5
65657;8745;6
65658;3941;6
65659;2655;2
65660;4966;2
65661;4070;5
65662;7629;3
65663;7763;7
65664;7251;3
65665;6764;4
65666;3192;2
65667;1211;4
65668;4839;6
65669;7147;2
65670;4146;3
65671;4806;2
65672;5241;5
65673;8281;7
65674;5222;6
65675;6850;1
65676;6736;4
65677;6042;4
65678;3388;6
65679;7426;4
65680;5783;7
65681;4605;3
65682;3521;3
65683;3222;7
65684;1770;2
65685;7092;3
65686;8125;6
65687;5356;6
65688;7909;5
65689;2175;5
65690;2387;5
65691;6251;4
65692;1672;2
65693;2853;7
65694;8191;5
65695;8624;1
65696;2727;5
65697;4372;7
65698;1684;2
65699;6253;6
65700;1883;7
65701;2123;1
65702;8916;5
65703;1964;4
65704;2766;7
65705;3027;5
65706;5672;2
65707;5873;6
65708;7306;7
65709;1959;2
65710;2503;2
65711;7383;6
65712;4941;6
65713;7149;4
65714;5974;3
65715;8937;5
65716;8605;1
65717;2292;5
65718;6720;1
65719;5836;7
65720;1033;5
65721;4981;2
65722;2740;3
65723;3965;4
65724;5044;3
65725;3468;6
65726;3135;5
65727;1338;4
65728;8164;3
65729;6124;1
65730;7032;3
65731;8347;6
65732;2741;1
65733;7130;1
65734;7285;1
65735;4998;3
65736;7030;1
65737;6826;2
65738;5804;2
65739;8293;6
65740;3990;5
65741;3413;3
65742;4024;6
65743;6568;4
65744;5289;7
65745;6918;1
65746;7743;3
65747;2257;1
65748;7845;7
65749;6102;3
65750;1722;2
65751;1175;1
65752;7957;4
65753;8547;3
65754;3819;5
65755;7040;6
65756;1390;6
65757;2032;1
65758;1293;4
65759;7207;3
65760;5336;5
65761;5081;4
65762;3664;6
65763;6653;4
65764;6784;3
65765;4766;1
65766;5006;1
65767;7089;4
65768;8878;3
65769;8031;2
65770;2499;7
65771;3401;6
65772;2590;2
65773;7607;6
65774;1087;4
65775;6487;1
65776;1806;4
65777;7667;6
65778;7318;6
65779;4827;2
65780;2077;7
65781;5178;7
65782;2313;1
65783;6404;4
65784;6259;2
65785;4076;4
65786;7200;7
65787;5472;7
65788;7125;4
65789;3772;4
65790;3736;5
65791;3821;5
65792;4974;1
65793;1566;2
65794;7288;2
65795;5482;2
65796;7521;1
65797;5179;6
65798;1274;2
65799;5144;7
65800;3532;7
65801;1492;6
65802;8818;3
65803;4877;4
65804;5926;5
65805;6809;2
65806;5750;2
65807;1853;3
65808;7994;3
65809;3757;6
65810;7998;7
65811;7928;1
65812;4893;6
65813;4703;3
65814;4459;2
65815;7861;5
65816;7286;1
65817;1373;5
65818;1129;6
65819;1855;6
65820;4128;7
65821;2684;6
65822;7684;3
65823;6021;3
65824;8815;3
65825;2832;6
65826;8451;5
65827;3994;5
65828;6267;1
65829;5337;6
65830;2756;2
65831;3205;7
65832;3299;4
65833;1977;5
65834;4770;3
65835;8264;6
65836;6306;5
65837;5138;7
65838;8010;3
65839;6850;4
65840;2549;2
65841;8598;4
65842;2631;1
65843;7270;7
65844;7353;4
65845;2364;7
65846;7503;6
65847;4689;6
65848;4513;4
65849;3193;5
65850;8687;2
65851;7030;7
65852;7493;3
65853;3278;4
65854;6569;2
65855;3494;5
65856;3371;4
65857;5113;3
65858;3186;3
65859;7588;4
65860;3499;2
65861;6607;7
65862;4437;5
65863;1416;6
65864;7869;3
65865;6731;5
65866;2691;2
65867;8241;3
65868;8789;4
65869;2604;1
65870;8240;7
65871;8774;7
65872;8640;1
65873;8942;4
65874;5498;3
65875;5996;3
65876;3535;6
65877;5195;1
65878;5910;7
65879;1411;1
65880;1313;5
65881;8173;4
65882;8998;3
65883;4673;4
65884;8867;4
65885;1846;5
65886;3921;4
65887;1069;3
65888;6337;5
65889;8951;3
65890;8880;2
65891;7720;7
65892;6048;7
65893;4691;2
65894;8796;2
65895;1221;3
65896;6458;1
65897;3749;4
65898;1646;6
65899;4430;7
65900;1188;5
65901;3214;6
65902;1552;5
65903;3442;1
65904;4515;4
65905;2151;6
65906;3119;2
65907;8675;5
65908;7620;2
65909;7172;4
65910;5143;7
65911;3144;7
65912;1774;1
65913;6239;4
65914;3431;4
65915;1924;5
65916;6362;5
65917;3661;4
65918;6632;5
65919;7679;2
65920;8180;2
65921;6044;6
65922;2506;6
65923;6861;4
65924;8201;2
65925;7449;5
65926;5886;2
65927;8390;1
65928;1779;3
65929;5135;2
65930;1590;6
65931;4264;7
65932;7372;5
65933;4215;6
65934;1784;7
65935;2841;7
65936;6723;7
65937;6473;5
65938;2957;6
65939;3847;5
65940;3088;4
65941;6494;1
65942;5140;6
65943;6071;1
65944;8075;1
65945;6653;7
65946;1725;7
65947;4850;1
65948;6334;7
65949;3975;5
65950;7944;3
65951;7974;3
65952;6728;3
65953;4585;5
65954;8073;7
65955;7083;4
65956;5928;6
65957;8656;6
65958;8855;2
65959;7962;7
65960;7850;3
65961;3915;6
65962;8626;7
65963;4163;1
65964;6788;7
65965;2786;6
65966;4750;6
65967;8683;5
65968;4914;2
65969;7311;6
65970;8175;7
65971;7043;6
65972;4798;6
65973;2340;1
65974;7918;2
65975;5696;3
65976;1983;7
65977;6230;7
65978;2964;3
65979;8318;4
65980;3403;7
65981;6821;1
65982;5314;7
65983;6087;7
65984;5089;1
65985;5736;7
65986;5837;3
65987;5659;2
65988;7048;5
65989;3645;5
65990;6713;7
65991;8883;2
65992;8632;4
65993;3128;1
65994;8071;3
65995;5987;2
65996;7629;2
65997;7966;7
65998;6157;3
65999;6231;4
66000;1857;2
66001;6349;6
66002;6533;3
66003;4122;6
66004;5360;1
66005;7443;3
66006;8348;2
66007;8122;7
66008;7110;6
66009;1204;2
66010;4556;1
66011;1053;2
66012;3965;3
66013;1284;2
66014;8638;2
66015;8520;6
66016;4598;5
66017;7986;3
66018;2938;1
66019;8564;7
66020;7120;5
66021;7332;6
66022;8793;6
66023;3763;3
66024;1489;5
66025;1366;1
66026;6002;1
66027;8061;1
66028;3436;5
66029;6183;5
66030;2034;2
66031;2049;3
66032;3615;4
66033;1682;7
66034;7152;3
66035;1974;6
66036;5477;6
66037;8155;3
66038;3233;1
66039;3509;2
66040;1574;6
66041;2861;5
66042;5730;6
66043;4034;6
66044;4807;6
66045;2169;4
66046;3583;1
66047;7303;4
66048;7835;1
66049;8754;6
66050;1086;3
66051;2271;5
66052;5271;5
66053;7972;5
66054;1068;4
66055;8289;6
66056;7612;7
66057;2416;6
66058;8676;3
66059;5531;5
66060;6193;3
66061;6905;7
66062;3509;6
66063;3817;4
66064;7935;6
66065;2634;6
66066;6371;6
66067;5740;4
66068;8613;3
66069;2842;3
66070;5002;5
66071;4546;2
66072;3719;3
66073;3524;5
66074;6695;7
66075;3836;2
66076;1716;6
66077;1054;1
66078;6177;1
66079;2843;1
66080;2477;6
66081;7570;4
66082;5022;2
66083;6072;2
66084;2841;3
66085;5464;4
66086;7287;2
66087;1714;5
66088;3010;1
66089;8268;3
66090;6977;3
66091;4014;3
66092;7023;6
66093;2958;3
66094;4514;2
66095;8521;4
66096;5427;6
66097;1773;4
66098;5221;1
66099;4392;1
66100;7615;6
66101;7273;3
66102;3493;2
66103;4813;4
66104;1426;3
66105;1936;1
66106;2356;7
66107;8553;1
66108;2524;5
66109;6617;5
66110;7629;3
66111;6788;7
66112;3961;2
66113;8261;2
66114;2726;6
66115;5670;2
66116;6705;1
66117;6851;3
66118;1814;1
66119;6153;5
66120;3574;3
66121;4630;1
66122;2103;7
66123;2427;5
66124;1705;3
66125;1343;5
66126;7372;1
66127;4753;3
66128;5784;3
66129;6950;7
66130;1890;4
66131;8142;2
66132;4187;6
66133;3756;6
66134;4584;4
66135;6141;1
66136;4042;2
66137;2677;7
66138;3256;6
66139;1424;6
66140;2953;5
66141;6280;6
66142;6031;1
66143;2941;1
66144;4701;3
66145;1274;3
66146;7103;2
66147;7354;1
66148;6750;6
66149;2293;1
66150;7394;5
66151;1543;5
66152;4983;3
66153;5540;3
66154;7957;4
66155;2942;2
66156;6167;2
66157;1174;7
66158;6175;4
66159;1112;3
66160;7134;5
66161;3700;3
66162;6044;5
66163;7865;3
66164;2304;4
66165;2072;6
66166;5089;6
66167;3072;4
66168;5013;4
66169;1538;5
66170;4844;2
66171;6123;7
66172;3445;6
66173;8605;3
66174;1194;6
66175;6918;6
66176;4703;1
66177;8709;2
66178;4760;2
66179;2280;1
66180;3010;5
66181;6282;1
66182;6847;7
66183;4216;4
66184;3795;7
66185;1296;4
66186;8557;3
66187;7085;7
66188;1629;6
66189;1675;4
66190;2144;5
66191;5227;2
66192;3745;5
66193;6583;3
66194;5940;6
66195;5115;5
66196;5949;4
66197;1345;2
66198;8638;7
66199;8271;5
66200;6549;5
66201;2477;7
66202;8411;5
66203;4895;3
66204;4040;3
66205;4973;4
66206;8415;7
66207;3250;2
66208;4310;2
66209;2075;5
66210;3500;3
66211;8551;3
66212;2846;5
66213;5393;6
66214;6841;6
66215;3038;7
66216;8106;1
66217;7016;4
66218;4382;5
66219;2012;2
66220;5795;2
66221;5591;4
66222;7500;1
66223;6074;7
66224;3440;3
66225;4763;7
66226;8603;7
66227;8219;6
66228;7131;2
66229;3412;3
66230;8448;5
66231;3849;7
66232;2621;4
66233;3986;7
66234;1661;6
66235;8749;4
66236;5184;7
66237;8343;7
66238;2001;5
66239;2927;2
66240;8116;7
66241;4743;5
66242;1948;3
66243;8833;5
66244;5640;7
66245;1134;2
66246;2654;3
66247;5249;1
66248;7604;3
66249;5347;1
66250;4915;4
66251;8068;3
66252;3218;5
66253;1592;4
66254;5617;2
66255;3047;5
66256;2950;3
66257;2942;7
66258;7197;6
66259;2875;1
66260;3821;5
66261;2326;7
66262;1152;2
66263;6410;2
66264;5899;3
66265;5060;5
66266;2383;3
66267;5327;6
66268;8388;6
66269;3895;2
66270;3345;5
66271;7246;6
66272;5977;3
66273;1623;3
66274;5886;2
66275;7456;4
66276;2401;7
66277;5762;1
66278;6558;4
66279;2943;2
66280;1872;3
66281;7592;2
66282;7802;4
66283;3070;3
66284;5287;1
66285;8982;3
66286;4603;1
66287;8658;1
66288;7162;6
66289;7138;2
66290;6408;3
66291;8695;6
66292;5345;1
66293;4384;6
66294;5612;1
66295;4699;5
66296;1976;3
66297;7745;2
66298;3254;2
66299;8586;4
66300;1560;3
66301;5523;4
66302;8140;7
66303;5476;3
66304;8762;1
66305;1854;2
66306;5091;2
66307;7502;5
66308;7771;2
66309;3436;3
66310;5966;6
66311;5194;2
66312;7489;7
66313;3207;2
66314;5879;1
66315;1814;6
66316;6899;3
66317;2691;1
66318;3899;7
66319;8622;3
66320;3102;1
66321;5055;2
66322;8413;2
66323;4151;3
66324;4010;5
66325;2028;3
66326;6651;4
66327;7829;5
66328;1367;5
66329;2500;2
66330;8456;3
66331;6246;7
66332;7106;7
66333;6106;7
66334;6272;6
66335;6708;4
66336;3838;5
66337;7555;5
66338;5839;5
66339;8725;6
66340;1864;4
66341;8483;7
66342;4206;7
66343;3050;3
66344;1174;3
66345;1720;5
66346;2295;4
66347;4703;4
66348;4371;1
66349;6186;1
66350;6523;3
66351;2466;4
66352;3518;3
66353;3956;5
66354;3979;6
66355;4241;1
66356;6420;6
66357;1818;7
66358;6718;2
66359;1251;1
66360;6916;7
66361;2071;3
66362;1459;3
66363;8219;7
66364;3703;6
66365;1073;6
66366;6704;7
66367;7306;3
66368;8182;1
66369;5070;6
66370;3012;6
66371;4062;5
66372;3001;6
66373;1653;4
66374;2449;7
66375;6329;1
66376;4147;1
66377;3965;6
66378;6093;3
66379;3702;2
66380;4502;1
66381;1898;4
66382;8911;3
66383;2829;7
66384;6995;2
66385;7942;3
66386;2734;1
66387;3212;3
66388;5001;2
66389;5602;5
66390;8329;2
66391;1563;7
66392;8065;4
66393;2262;7
66394;7836;1
66395;7701;5
66396;7853;2
66397;7997;1
66398;8808;5
66399;7780;3
66400;1308;6
66401;6148;4
66402;3626;4
66403;7511;5
66404;1260;7
66405;2469;4
66406;4398;7
66407;7342;6
66408;6137;1
66409;4263;1
66410;5304;1
66411;1258;5
66412;4096;5
66413;1546;7
66414;8322;6
66415;1239;4
66416;5806;7
66417;4254;5
66418;8585;5
66419;4718;4
66420;6100;6
66421;2329;4
66422;8558;1
66423;2217;6
66424;6883;1
66425;4772;1
66426;2442;6
66427;7845;7
66428;5423;7
66429;4511;6
66430;1160;1
66431;6438;7
66432;2942;6
66433;6302;4
66434;6291;4
66435;8763;5
66436;2512;5
66437;4112;5
66438;8695;3
66439;3073;2
66440;4861;3
66441;7463;4
66442;5720;3
66443;6568;2
66444;8044;2
66445;4512;2
66446;6160;3
66447;2866;2
66448;5543;3
66449;8444;5
66450;3517;6
66451;6008;3
66452;8780;1
66453;4570;1
66454;5514;2
66455;5342;1
66456;3011;5
66457;1624;6
66458;8492;5
66459;7798;2
66460;3671;2
66461;4711;3
66462;2880;3
66463;6186;2
66464;1333;7
66465;6478;4
66466;3415;7
66467;5636;5
66468;4212;4
66469;8655;6
66470;1543;2
66471;7667;3
66472;2490;4
66473;2891;1
66474;3327;6
66475;3152;1
66476;2303;6
66477;7862;1
66478;8670;6
66479;8011;6
66480;6486;4
66481;7830;2
66482;5729;1
66483;2084;7
66484;6488;3
66485;7149;4
66486;2528;1
66487;1489;2
66488;6716;6
66489;3961;2
66490;1072;4
66491;2474;2
66492;3731;2
66493;4562;7
66494;6417;6
66495;7334;7
66496;5584;7
66497;4868;7
66498;5073;6
66499;6905;5
66500;7399;1
66501;4255;6
66502;6973;5
66503;5252;1
66504;3059;3
66505;2943;7
66506;4537;1
66507;3047;1
66508;4594;6
66509;6627;3
66510;7116;1
66511;6968;5
66512;8424;2
66513;1358;2
66514;5632;6
66515;6528;7
66516;1760;1
66517;7440;3
66518;1622;7
66519;3618;6
66520;5551;5
66521;7029;7
66522;6597;4
66523;2629;7
66524;2995;4
66525;4485;1
66526;4265;5
66527;1592;4
66528;6366;6
66529;1850;7
66530;2151;3
66531;1707;3
66532;6741;4
66533;3189;4
66534;8615;6
66535;2543;1
66536;7822;5
66537;5927;6
66538;8683;5
66539;3686;2
66540;1010;5
66541;7898;7
66542;3924;1
66543;8169;5
66544;7725;5
66545;5581;1
66546;2397;5
66547;4658;2
66548;3476;5
66549;4488;2
66550;6897;3
66551;8369;4
66552;2093;5
66553;2557;5
66554;3167;3
66555;5975;2
66556;2720;6
66557;6884;3
66558;7190;4
66559;1220;2
66560;1493;6
66561;7751;1
66562;8381;2
66563;3623;7
66564;6555;6
66565;5406;3
66566;6373;3
66567;7018;5
66568;1293;1
66569;2524;6
66570;6453;6
66571;6912;4
66572;4854;1
66573;1385;6
66574;5635;7
66575;6491;3
66576;4311;5
66577;7748;6
66578;8680;7
66579;6568;4
66580;1289;3
66581;3915;2
66582;1003;2
66583;8761;6
66584;2023;2
66585;1343;3
66586;4425;4
66587;5880;3
66588;2461;2
66589;8368;1
66590;8135;6
66591;6019;4
66592;3664;6
66593;1845;5
66594;6884;3
66595;1842;4
66596;6690;6
66597;1876;2
66598;8523;6
66599;5070;6
66600;6573;2
66601;1622;4
66602;8880;2
66603;1920;4
66604;1104;6
66605;7411;7
66606;7110;7
66607;8833;1
66608;4719;4
66609;8623;3
66610;6635;1
66611;7903;7
66612;7953;4
66613;5828;4
66614;6007;5
66615;3889;5
66616;3975;3
66617;4936;5
66618;2236;2
66619;6217;7
66620;1231;1
66621;6942;4
66622;8537;5
66623;3583;2
66624;7285;7
66625;7765;6
66626;3818;5
66627;5657;7
66628;6197;3
66629;7722;6
66630;8858;3
66631;2647;7
66632;6579;3
66633;8049;4
66634;3823;4
66635;8519;1
66636;3895;1
66637;4108;3
66638;5245;1
66639;3022;4
66640;5349;4
66641;8990;2
66642;7612;2
66643;7338;2
66644;7553;1
66645;1809;7
66646;6087;1
66647;8754;4
66648;7065;4
66649;5820;7
66650;8769;4
66651;8182;2
66652;2241;5
66653;1234;1
66654;7611;3
66655;6673;3
66656;5609;1
66657;7954;4
66658;4957;6
66659;2180;7
66660;4659;1
66661;4538;2
66662;5294;6
66663;5029;5
66664;1423;1
66665;4651;1
66666;8719;7
66667;1728;3
66668;6636;6
66669;3918;7
66670;8103;2
66671;1479;1
66672;5814;3
66673;1738;5
66674;1040;7
66675;8582;2
66676;4112;4
66677;3337;3
66678;8869;5
66679;3617;6
66680;1091;1
66681;3658;7
66682;7677;5
66683;8806;2
66684;8852;6
66685;2300;6
66686;4317;1
66687;3427;4
66688;6281;1
66689;5318;1
66690;5015;6
66691;7701;5
66692;6059;6
66693;8560;7
66694;3337;3
66695;1034;3
66696;5083;2
66697;3093;7
66698;3667;3
66699;6378;3
66700;7840;4
66701;2894;1
66702;4089;6
66703;5970;2
66704;7143;6
66705;2821;1
66706;6111;6
66707;7088;2
66708;3712;5
66709;5645;2
66710;6085;3
66711;5776;1
66712;5393;6
66713;8046;3
66714;2231;5
66715;5376;5
66716;3010;4
66717;4665;7
66718;3852;3
66719;1835;5
66720;7164;2
66721;1023;4
66722;5854;7
66723;5756;6
66724;5210;6
66725;6213;5
66726;8678;5
66727;3239;7
66728;3250;3
66729;1396;4
66730;6751;1
66731;3434;7
66732;4498;6
66733;4867;2
66734;5536;5
66735;5559;3
66736;4989;6
66737;6364;2
66738;5265;2
66739;5648;1
66740;3674;3
66741;8015;4
66742;5118;5
66743;8929;5
66744;1683;7
66745;6424;1
66746;6249;3
66747;8540;7
66748;2730;1
66749;3713;5
66750;2110;3
66751;2705;6
66752;1560;6
66753;4953;1
66754;7779;4
66755;4052;1
66756;2854;1
66757;6650;5
66758;2985;1
66759;3228;6
66760;2719;3
66761;6503;2
66762;7066;7
66763;3332;7
66764;6282;1
66765;2854;1
66766;8781;5
66767;4600;6
66768;1076;7
66769;5602;3
66770;5550;2
66771;3990;4
66772;4397;1
66773;7147;3
66774;1794;7
66775;6210;4
66776;3988;5
66777;4970;2
66778;8087;6
66779;7387;7
66780;2819;4
66781;6419;7
66782;3229;1
66783;4484;7
66784;7528;3
66785;7454;2
66786;2762;4
66787;5328;5
66788;5116;1
66789;7911;1
66790;3474;2
66791;8826;4
66792;6243;5
66793;8118;6
66794;7427;6
66795;3719;1
66796;8667;3
66797;2455;1
66798;1866;3
66799;5274;6
66800;4505;7
66801;1799;2
66802;8621;4
66803;3795;3
66804;8142;6
66805;7645;5
66806;2155;1
66807;3652;4
66808;5105;3
66809;3289;4
66810;2361;4
66811;5041;7
66812;7824;4
66813;4314;1
66814;8957;5
66815;5772;4
66816;7023;3
66817;5490;2
66818;2602;3
66819;4530;5
66820;5872;7
66821;1112;6
66822;2024;5
66823;5159;6
66824;6633;6
66825;1269;3
66826;2219;3
66827;1768;1
66828;7556;5
66829;7769;7
66830;6421;5
66831;3007;1
66832;4146;3
66833;5838;2
66834;5037;1
66835;4361;2
66836;5267;3
66837;2733;7
66838;4436;2
66839;8215;7
66840;1795;1
66841;4949;3
66842;7116;4
66843;3886;7
66844;7447;2
66845;2628;7
66846;4145;3
66847;7348;2
66848;5733;1
66849;8654;3
66850;1150;4
66851;7215;5
66852;4283;2
66853;6642;2
66854;2338;1
66855;8554;6
66856;6981;3
66857;7821;4
66858;5242;7
66859;6727;2
66860;3559;6
66861;8266;2
66862;3349;3
66863;1548;4
66864;2660;5
66865;3786;1
66866;1283;2
66867;3863;1
66868;5841;4
66869;3174;5
66870;5391;6
66871;7904;1
66872;3101;2
66873;2397;3
66874;7563;1
66875;3945;4
66876;2266;6
66877;7037;5
66878;5600;2
66879;6518;1
66880;3835;4
66881;3560;6
66882;2109;7
66883;3336;6
66884;2910;5
66885;4513;6
66886;8430;2
66887;8786;7
66888;3705;4
66889;7976;6
66890;2505;4
66891;5872;3
66892;2474;2
66893;6013;1
66894;1000;5
66895;7417;3
66896;7687;5
66897;2971;3
66898;8098;4
66899;2380;6
66900;1005;2
66901;2687;5
66902;5520;6
66903;4359;6
66904;8493;5
66905;2821;3
66906;7720;5
66907;5309;3
66908;8189;7
66909;3588;4
66910;5381;3
66911;1594;5
66912;3063;2
66913;5993;2
66914;2934;7
66915;4270;1
66916;6041;7
66917;3270;5
66918;2902;3
66919;5366;2
66920;4155;6
66921;7050;7
66922;7897;4
66923;2947;3
66924;7949;1
66925;8516;1
66926;8190;5
66927;5653;1
66928;1767;6
66929;6190;4
66930;6285;1
66931;2015;5
66932;4203;1
66933;6733;5
66934;6528;4
66935;2711;2
66936;4011;1
66937;1528;1
66938;6420;2
66939;1583;5
66940;5197;6
66941;1856;5
66942;7077;1
66943;7335;3
66944;8932;1
66945;4571;6
66946;8255;3
66947;2357;4
66948;2121;1
66949;6427;2
66950;8237;2
66951;3052;4
66952;1929;3
66953;8626;3
66954;3984;3
66955;3258;3
66956;8164;3
66957;5880;2
66958;6143;2
66959;3083;4
66960;6912;4
66961;7333;6
66962;2651;5
66963;8603;1
66964;6866;5
66965;5694;6
66966;2519;1
66967;8793;3
66968;7573;1
66969;3498;4
66970;1517;4
66971;1143;3
66972;6067;7
66973;8593;4
66974;3704;6
66975;4863;3
66976;2526;2
66977;8448;2
66978;1830;6
66979;1544;1
66980;4103;2
66981;3906;1
66982;6061;3
66983;6238;4
66984;5945;5
66985;8469;1
66986;8491;3
66987;7978;6
66988;3371;6
66989;7656;5
66990;1161;1
66991;5861;5
66992;4831;3
66993;6384;1
66994;1189;3
66995;5749;5
66996;2689;1
66997;2627;2
66998;5120;2
66999;6653;2
67000;7928;3
67001;4413;1
67002;3074;7
67003;1738;2
67004;4455;4
67005;4632;5
67006;3392;2
67007;3865;1
67008;3859;1
67009;1112;7
67010;4705;3
67011;8053;4
67012;2529;3
67013;7092;1
67014;8259;5
67015;5504;1
67016;3341;4
67017;3764;3
67018;6279;7
67019;2272;3
67020;8692;3
67021;6162;7
67022;4062;5
67023;2497;6
67024;4829;2
67025;3135;5
67026;8305;6
67027;6438;6
67028;8439;5
67029;8356;3
67030;3739;7
67031;5912;1
67032;1509;1
67033;3719;7
67034;2950;2
67035;2002;7
67036;6452;3
67037;3779;7
67038;3620;4
67039;4350;3
67040;4192;6
67041;3269;7
67042;2800;4
67043;6136;5
67044;2887;1
67045;5050;7
67046;8059;7
67047;8455;3
67048;3834;7
67049;6207;5
67050;8355;3
67051;2821;7
67052;4243;5
67053;3636;6
67054;5702;1
67055;4252;2
67056;1579;3
67057;6017;1
67058;6400;1
67059;4007;4
67060;2427;6
67061;2322;4
67062;7759;7
67063;5733;4
67064;7887;2
67065;3916;3
67066;3912;6
67067;6785;2
67068;4039;4
67069;5385;7
67070;4673;5
67071;8885;2
67072;3308;7
67073;3096;5
67074;5249;5
67075;2714;1
67076;3455;4
67077;2139;3
67078;3786;6
67079;8910;2
67080;6581;4
67081;8538;2
67082;7300;3
67083;8435;1
67084;6098;5
67085;2508;6
67086;7546;2
67087;7700;2
67088;6833;1
67089;1515;6
67090;6585;3
67091;7890;6
67092;2582;1
67093;7457;1
67094;4420;6
67095;3429;4
67096;4187;6
67097;1561;1
67098;1606;6
67099;5849;4
67100;6894;1
67101;7748;5
67102;1424;2
67103;1902;1
67104;3614;4
67105;6371;6
67106;7630;6
67107;8867;7
67108;5993;2
67109;2055;3
67110;4160;2
67111;2044;6
67112;3851;3
67113;7441;6
67114;6396;3
67115;5591;1
67116;6163;3
67117;6212;7
67118;2874;7
67119;1651;3
67120;8997;4
67121;7292;4
67122;6657;7
67123;7943;1
67124;7048;6
67125;8439;2
67126;4043;7
67127;6357;1
67128;1438;4
67129;5715;5
67130;6376;2
67131;2645;4
67132;5055;4
67133;7808;2
67134;1186;5
67135;7692;2
67136;7575;2
67137;8337;2
67138;1049;1
67139;5646;5
67140;8421;6
67141;5179;2
67142;1703;6
67143;5592;7
67144;8271;5
67145;3151;4
67146;2402;2
67147;2278;1
67148;6853;6
67149;3785;2
67150;1148;1
67151;1392;4
67152;4265;3
67153;3059;5
67154;4107;3
67155;8035;6
67156;5590;4
67157;6579;5
67158;7315;7
67159;2540;1
67160;7022;6
67161;6446;1
67162;4132;3
67163;2640;7
67164;7439;6
67165;8613;4
67166;6419;2
67167;8816;6
67168;2619;2
67169;5264;6
67170;8376;2
67171;3414;2
67172;2612;3
67173;4996;4
67174;7997;4
67175;4248;4
67176;6477;2
67177;1368;5
67178;6583;2
67179;1930;7
67180;5518;3
67181;6079;3
67182;6593;1
67183;2205;3
67184;6152;5
67185;1691;2
67186;5704;2
67187;1789;6
67188;5476;4
67189;2807;6
67190;1701;3
67191;5129;3
67192;4246;3
67193;7542;3
67194;6497;2
67195;4842;5
67196;5596;1
67197;7996;3
67198;6747;7
67199;7183;7
67200;2427;5
67201;5731;5
67202;4134;1
67203;8103;3
67204;3856;4
67205;8040;3
67206;5419;2
67207;4649;7
67208;8549;2
67209;6776;5
67210;4095;6
67211;4382;6
67212;7698;3
67213;3935;6
67214;2921;1
67215;5973;6
67216;3711;6
67217;5900;2
67218;5198;1
67219;3370;7
67220;7228;5
67221;2513;5
67222;1642;6
67223;5254;5
67224;8945;4
67225;5115;2
67226;2719;7
67227;3725;7
67228;1167;3
67229;6051;3
67230;7296;4
67231;2542;6
67232;3035;3
67233;8893;7
67234;7513;5
67235;5949;3
67236;8129;5
67237;7728;2
67238;1994;5
67239;5134;5
67240;2694;1
67241;3327;3
67242;3571;6
67243;6693;5
67244;8153;3
67245;5720;2
67246;4749;2
67247;1745;7
67248;6202;7
67249;2868;2
67250;1786;4
67251;8314;5
67252;1397;2
67253;2708;7
67254;4715;1
67255;7294;7
67256;8669;7
67257;4784;1
67258;3216;4
67259;5102;3
67260;5077;2
67261;7747;7
67262;4629;5
67263;1861;3
67264;7738;5
67265;6615;7
67266;5540;4
67267;4456;3
67268;6757;7
67269;6999;6
67270;1822;6
67271;5970;7
67272;1986;4
67273;1214;4
67274;8587;4
67275;6835;7
67276;1737;2
67277;7023;6
67278;1193;2
67279;1166;4
67280;1637;4
67281;7490;2
67282;4865;2
67283;8975;4
67284;8873;2
67285;1386;3
67286;5632;7
67287;6130;1
67288;4390;2
67289;5569;1
67290;7438;1
67291;3904;5
67292;2576;4
67293;6921;7
67294;5018;6
67295;2742;4
67296;1282;7
67297;3566;2
67298;6242;2
67299;8645;3
67300;2438;1
67301;7712;3
67302;7073;7
67303;3996;1
67304;5580;1
67305;2417;4
67306;4820;6
67307;5836;1
67308;3318;5
67309;7359;7
67310;1641;4
67311;8033;5
67312;1179;4
67313;5348;2
67314;5724;6
67315;2397;7
67316;2242;4
67317;3051;2
67318;1316;5
67319;8960;5
67320;7701;6
67321;4022;2
67322;4015;3
67323;5501;2
67324;8275;4
67325;2251;1
67326;1306;7
67327;2352;2
67328;5069;6
67329;1159;3
67330;1351;1
67331;4187;4
67332;1202;1
67333;8674;3
67334;4378;3
67335;7943;3
67336;8882;7
67337;8592;1
67338;4172;5
67339;1191;7
67340;7836;3
67341;3619;3
67342;6681;7
67343;7792;5
67344;5580;6
67345;2360;2
67346;6566;5
67347;7261;4
67348;2503;4
67349;3852;5
67350;2395;2
67351;5659;6
67352;4448;1
67353;7273;1
67354;3158;3
67355;6904;6
67356;4968;7
67357;8896;5
67358;8524;6
67359;8506;1
67360;7549;4
67361;7931;7
67362;6691;2
67363;2934;4
67364;2470;6
67365;7474;5
67366;4831;6
67367;5308;2
67368;4368;4
67369;8791;4
67370;1648;5
67371;5906;5
67372;1958;3
67373;3073;1
67374;3651;6
67375;2595;1
67376;4957;7
67377;5834;1
67378;7846;3
67379;3456;6
67380;5416;2
67381;6906;3
67382;4192;6
67383;1144;4
67384;4550;7
67385;1829;3
67386;5677;2
67387;4769;7
67388;6077;3
67389;8383;6
67390;5352;6
67391;6547;3
67392;7274;1
67393;2221;6
67394;7434;7
67395;7264;1
67396;1656;5
67397;1222;1
67398;6971;6
67399;5038;3
67400;4674;7
67401;3204;4
67402;3749;3
67403;8952;1
67404;1928;1
67405;1708;6
67406;3594;7
67407;6683;4
67408;1893;6
67409;4069;4
67410;2858;5
67411;7924;5
67412;5480;2
67413;7947;1
67414;4729;7
67415;3854;6
67416;1134;2
67417;8202;2
67418;2877;5
67419;6369;5
67420;2017;4
67421;1420;7
67422;2759;6
67423;6415;2
67424;3686;7
67425;4210;2
67426;7935;2
67427;6258;6
67428;3697;7
67429;7743;6
67430;6826;6
67431;4310;7
67432;4316;1
67433;1457;5
67434;7252;6
67435;1909;2
67436;4005;6
67437;6308;1
67438;6724;4
67439;1320;4
67440;1593;1
67441;8450;7
67442;5331;1
67443;5412;5
67444;6587;6
67445;3747;6
67446;1325;6
67447;6693;5
67448;2993;7
67449;4670;7
67450;5788;3
67451;8394;1
67452;6486;4
67453;8989;6
67454;6034;2
67455;1860;6
67456;6864;4
67457;1485;6
67458;1139;2
67459;8491;6
67460;8600;2
67461;7490;7
67462;4518;4
67463;1386;6
67464;8628;4
67465;1511;3
67466;6942;2
67467;7209;6
67468;8609;5
67469;3590;2
67470;1531;7
67471;2433;2
67472;4836;2
67473;5316;2
67474;1013;1
67475;6571;3
67476;3601;7
67477;1165;1
67478;8381;2
67479;2596;1
67480;2042;5
67481;3208;3
67482;5959;2
67483;7538;1
67484;1530;3
67485;3270;7
67486;4581;2
67487;3974;5
67488;1907;5
67489;7848;5
67490;4446;5
67491;3166;3
67492;8858;6
67493;7560;2
67494;5725;6
67495;6506;4
67496;6059;6
67497;3101;6
67498;6567;2
67499;6071;1
67500;8590;7
67501;5186;4
67502;5334;3
67503;1964;2
67504;6451;5
67505;2821;2
67506;8489;1
67507;3614;2
67508;3155;3
67509;4404;3
67510;1529;5
67511;2054;4
67512;1735;2
67513;6958;2
67514;7620;6
67515;1801;7
67516;4216;6
67517;4839;1
67518;3684;2
67519;8234;4
67520;5496;4
67521;2872;5
67522;6991;1
67523;7962;7
67524;1013;2
67525;3719;1
67526;4121;5
67527;5446;4
67528;5403;7
67529;8939;1
67530;1691;7
67531;8204;2
67532;5029;3
67533;6083;5
67534;3109;5
67535;8569;3
67536;3148;4
67537;3828;1
67538;6855;2
67539;1407;2
67540;2118;5
67541;6903;4
67542;7412;1
67543;6573;6
67544;5229;2
67545;5644;3
67546;6810;2
67547;5108;5
67548;7864;7
67549;4819;7
67550;1808;6
67551;5623;3
67552;2523;6
67553;1742;2
67554;4788;4
67555;4175;7
67556;2968;3
67557;4803;3
67558;1894;5
67559;3093;3
67560;4603;6
67561;4404;2
67562;7026;2
67563;1059;6
67564;5147;3
67565;4832;7
67566;8366;5
67567;1190;1
67568;6511;6
67569;6215;7
67570;3982;1
67571;2207;1
67572;8522;5
67573;6485;2
67574;8534;2
67575;6387;3
67576;3747;7
67577;3707;4
67578;5874;4
67579;4691;1
67580;5240;5
67581;7489;5
67582;1030;6
67583;3227;5
67584;4824;4
67585;3617;1
67586;3666;7
67587;4993;3
67588;4419;6
67589;8191;2
67590;2519;3
67591;7590;4
67592;5564;1
67593;5406;1
67594;1983;5
67595;8558;4
67596;4046;6
67597;5766;5
67598;7623;5
67599;8325;5
67600;6053;6
67601;2593;6
67602;8593;4
67603;1118;6
67604;1611;3
67605;8047;1
67606;5687;4
67607;8714;1
67608;5512;5
67609;2672;3
67610;7819;3
67611;7241;3
67612;6435;4
67613;2731;3
67614;4186;1
67615;3862;6
67616;2732;6
67617;5646;4
67618;6903;1
67619;7816;2
67620;6578;2
67621;6391;3
67622;5085;7
67623;3234;2
67624;3541;4
67625;1023;6
67626;1491;2
67627;5348;2
67628;8319;6
67629;8577;7
67630;2011;2
67631;1847;7
67632;3107;6
67633;3111;5
67634;5897;1
67635;3043;7
67636;2064;4
67637;1601;6
67638;4806;5
67639;6075;5
67640;8787;5
67641;1783;6
67642;4474;3
67643;4342;1
67644;8123;4
67645;5391;6
67646;6758;4
67647;8106;5
67648;7076;3
67649;5888;5
67650;4848;1
67651;4980;5
67652;1027;1
67653;8352;3
67654;7271;5
67655;2189;7
67656;3326;7
67657;4647;3
67658;4223;7
67659;4268;5
67660;3405;6
67661;2009;5
67662;3382;2
67663;8481;4
67664;4815;4
67665;1760;2
67666;5701;5
67667;7228;7
67668;2962;5
67669;6692;7
67670;3507;1
67671;5062;6
67672;3677;5
67673;3348;7
67674;5914;2
67675;4959;1
67676;4326;7
67677;8906;5
67678;4185;6
67679;2400;4
67680;5877;3
67681;5226;6
67682;1919;4
67683;6397;6
67684;2269;6
67685;2186;2
67686;1606;3
67687;6265;1
67688;5449;3
67689;1018;6
67690;4544;6
67691;4806;1
67692;3119;7
67693;1927;6
67694;6850;3
67695;3963;7
67696;8436;3
67697;5745;6
67698;3349;7
67699;1469;2
67700;2400;7
67701;4386;3
67702;3282;6
67703;3120;1
67704;5775;7
67705;8635;6
67706;7063;3
67707;5814;5
67708;4067;2
67709;5972;3
67710;7576;4
67711;5777;3
67712;6730;6
67713;1087;2
67714;4359;2
67715;2744;6
67716;7159;1
67717;5138;3
67718;7236;6
67719;8142;4
67720;7301;3
67721;1896;3
67722;8019;7
67723;2003;4
67724;5716;3
67725;1175;3
67726;1808;5
67727;8106;1
67728;8522;6
67729;1366;2
67730;4772;1
67731;6436;4
67732;3848;6
67733;4454;7
67734;4257;3
67735;1357;6
67736;2823;2
67737;1833;7
67738;5815;7
67739;1691;6
67740;8999;2
67741;6729;3
67742;8784;2
67743;4145;5
67744;4290;5
67745;4567;6
67746;5720;4
67747;8825;5
67748;3643;6
67749;8542;2
67750;5267;1
67751;4745;2
67752;8425;4
67753;3671;2
67754;8556;7
67755;6251;1
67756;2007;4
67757;4993;4
67758;7233;7
67759;1530;2
67760;7298;2
67761;2022;5
67762;7001;3
67763;8842;2
67764;1911;7
67765;3425;4
67766;8690;2
67767;7769;3
67768;1490;6
67769;5912;5
67770;2124;3
67771;6620;2
67772;2911;2
67773;6305;6
67774;2422;4
67775;8804;3
67776;1593;5
67777;4454;4
67778;8723;1
67779;1573;4
67780;6581;3
67781;4534;3
67782;6010;3
67783;8620;3
67784;7559;7
67785;3449;6
67786;5793;2
67787;5756;1
67788;2206;3
67789;5177;4
67790;3078;3
67791;2849;4
67792;8459;4
67793;7560;3
67794;4852;1
67795;6112;4
67796;4358;1
67797;4464;7
67798;8523;3
67799;1957;2
67800;8946;3
67801;4735;6
67802;6425;4
67803;7162;1
67804;5464;2
67805;1970;4
67806;8127;5
67807;2487;3
67808;8384;7
67809;7289;6
67810;4005;5
67811;6736;1
67812;5655;1
67813;1339;2
67814;7282;3
67815;2447;3
67816;3665;2
67817;5412;7
67818;3019;3
67819;5446;1
67820;5304;1
67821;8319;6
67822;7897;2
67823;4582;2
67824;6175;2
67825;8148;5
67826;2419;4
67827;4531;5
67828;1743;5
67829;6801;1
67830;3856;6
67831;2302;1
67832;5507;1
67833;7232;5
67834;6036;1
67835;2707;1
67836;8481;2
67837;6294;5
67838;1873;6
67839;1106;1
67840;6283;7
67841;5769;7
67842;8666;3
67843;7748;1
67844;4872;7
67845;2700;3
67846;3682;2
67847;5695;4
67848;5722;5
67849;8841;4
67850;3615;4
67851;7415;2
67852;3414;7
67853;4566;3
67854;4180;6
67855;3450;3
67856;3877;2
67857;8887;2
67858;6852;3
67859;7907;2
67860;7423;2
67861;1763;4
67862;1217;7
67863;8406;5
67864;6448;2
67865;4628;1
67866;7617;5
67867;7277;7
67868;5276;1
67869;4031;7
67870;5356;3
67871;6758;5
67872;8462;3
67873;1971;2
67874;1858;6
67875;7634;5
67876;6219;3
67877;4318;2
67878;3915;4
67879;8411;6
67880;7100;3
67881;8273;1
67882;3160;7
67883;5451;2
67884;4472;7
67885;3535;6
67886;5902;6
67887;4781;6
67888;5470;6
67889;7572;4
67890;1199;7
67891;3408;2
67892;4903;3
67893;7481;1
67894;2633;6
67895;8399;6
67896;8794;4
67897;6935;2
67898;2497;3
67899;2650;6
67900;5436;6
67901;6585;3
67902;3667;1
67903;4710;2
67904;4943;2
67905;3186;6
67906;4251;3
67907;2132;2
67908;5993;4
67909;6679;2
67910;1707;7
67911;3425;7
67912;1711;3
67913;1436;3
67914;4161;5
67915;1849;1
67916;8980;1
67917;2505;2
67918;3473;5
67919;1578;7
67920;3613;5
67921;4227;4
67922;6016;1
67923;6413;7
67924;2715;6
67925;3113;3
67926;3947;3
67927;2021;5
67928;3014;6
67929;6988;6
67930;7653;3
67931;7415;5
67932;1208;7
67933;8646;1
67934;8348;3
67935;2447;3
67936;6995;6
67937;7521;7
67938;4590;2
67939;5867;4
67940;4287;5
67941;5595;5
67942;7868;2
67943;4785;5
67944;1289;6
67945;2585;1
67946;5487;3
67947;3266;6
67948;5029;1
67949;1314;2
67950;7272;1
67951;8708;3
67952;5467;2
67953;7447;5
67954;3441;6
67955;2024;1
67956;3098;1
67957;2379;6
67958;4631;6
67959;4963;4
67960;6794;5
67961;1675;1
67962;6014;3
67963;8259;5
67964;2086;2
67965;5989;6
67966;1996;7
67967;1859;1
67968;7131;6
67969;6550;1
67970;2480;4
67971;3904;2
67972;6712;6
67973;4864;4
67974;8796;2
67975;7828;3
67976;7569;5
67977;2354;2
67978;8041;5
67979;7124;2
67980;2749;2
67981;8747;7
67982;5138;7
67983;5466;1
67984;6388;6
67985;5643;3
67986;6777;1
67987;3775;3
67988;8560;2
67989;7722;6
67990;3274;6
67991;8593;4
67992;2267;7
67993;2725;2
67994;2114;1
67995;2099;7
67996;7717;3
67997;4674;3
67998;3955;7
67999;6104;7
68000;3193;2
68001;8187;3
68002;8434;7
68003;6056;1
68004;6421;4
68005;3839;3
68006;6094;5
68007;7794;6
68008;1734;1
68009;2292;2
68010;8737;4
68011;1026;4
68012;3906;1
68013;4260;2
68014;3771;3
68015;3883;1
68016;8056;7
68017;2978;5
68018;7153;3
68019;1701;3
68020;5955;3
68021;3965;1
68022;3987;7
68023;4480;4
68024;2604;4
68025;1254;7
68026;4148;1
68027;1788;3
68028;4411;7
68029;8317;2
68030;7649;7
68031;4258;7
68032;7374;6
68033;6446;6
68034;2064;3
68035;1125;3
68036;8167;5
68037;1148;4
68038;4104;6
68039;4237;3
68040;3139;4
68041;1947;7
68042;5927;1
68043;1924;4
68044;3105;3
68045;8602;3
68046;5083;2
68047;1759;6
68048;3138;7
68049;3600;7
68050;5626;1
68051;3340;6
68052;7439;5
68053;3432;1
68054;3949;5
68055;1315;4
68056;7428;4
68057;4383;7
68058;2634;4
68059;5790;1
68060;6567;4
68061;5407;3
68062;6377;2
68063;6197;4
68064;8291;4
68065;1673;1
68066;7284;7
68067;3684;6
68068;3954;6
68069;3304;4
68070;1660;7
68071;4980;5
68072;3030;5
68073;8319;4
68074;8031;2
68075;3729;6
68076;5464;3
68077;4582;6
68078;5646;2
68079;8729;2
68080;4960;7
68081;5287;3
68082;5912;4
68083;2529;6
68084;7268;2
68085;7267;5
68086;8956;5
68087;3308;3
68088;7295;7
68089;3565;5
68090;4299;7
68091;3132;1
68092;1082;3
68093;6064;7
68094;8185;5
68095;7911;6
68096;5969;4
68097;5212;1
68098;1402;1
68099;5272;2
68100;6068;5
68101;4794;1
68102;2902;2
68103;5238;2
68104;2416;3
68105;6121;3
68106;2345;1
68107;3131;6
68108;5190;5
68109;6650;7
68110;5932;2
68111;4850;6
68112;1738;2
68113;4453;1
68114;7491;1
68115;5799;2
68116;4855;5
68117;7726;1
68118;2234;5
68119;6277;7
68120;1008;1
68121;6093;7
68122;4693;5
68123;1275;4
68124;1077;3
68125;5764;7
68126;1018;2
68127;1038;1
68128;8516;3
68129;6693;2
68130;1197;7
68131;1773;2
68132;7697;4
68133;2593;7
68134;3402;7
68135;1883;3
68136;4140;6
68137;2071;6
68138;4445;7
68139;3720;1
68140;2877;4
68141;8556;3
68142;5766;7
68143;2694;3
68144;2778;3
68145;8899;5
68146;2055;7
68147;3274;3
68148;8065;3
68149;8224;6
68150;8433;3
68151;8045;1
68152;6901;1
68153;5630;2
68154;3517;5
68155;5112;1
68156;5414;7
68157;5995;5
68158;6362;2
68159;5644;7
68160;3156;3
68161;2644;2
68162;4418;2
68163;8719;6
68164;7349;7
68165;3421;2
68166;4255;3
68167;5920;4
68168;8102;2
68169;4241;5
68170;4044;3
68171;5532;1
68172;2865;6
68173;4501;3
68174;1864;3
68175;5622;7
68176;1911;3
68177;7251;1
68178;8856;1
68179;8928;4
68180;5929;7
68181;8024;6
68182;3602;1
68183;4464;7
68184;8740;5
68185;2137;5
68186;4014;3
68187;6239;1
68188;8611;4
68189;5279;2
68190;7385;6
68191;8616;2
68192;3006;2
68193;2911;6
68194;6922;6
68195;5474;7
68196;2856;2
68197;7418;3
68198;5259;7
68199;6636;3
68200;3685;5
68201;6506;4
68202;1241;7
68203;4819;1
68204;1719;5
68205;1814;1
68206;1208;1
68207;8641;7
68208;5723;3
68209;6327;6
68210;4337;7
68211;6977;2
68212;2957;2
68213;7117;7
68214;6739;5
68215;3211;2
68216;4177;4
68217;2290;5
68218;2111;2
68219;2995;1
68220;6410;3
68221;8132;4
68222;2183;1
68223;2326;5
68224;5483;3
68225;6070;3
68226;8154;4
68227;1007;1
68228;7616;4
68229;2295;3
68230;5478;2
68231;6949;6
68232;1639;3
68233;1522;3
68234;4581;6
68235;4624;1
68236;7895;5
68237;3976;5
68238;4154;6
68239;7782;6
68240;5686;4
68241;8512;3
68242;2036;5
68243;8832;5
68244;3963;6
68245;5431;3
68246;4989;3
68247;8989;5
68248;5352;4
68249;1267;5
68250;1727;4
68251;7527;4
68252;4363;2
68253;3341;6
68254;7511;2
68255;4726;2
68256;5207;2
68257;1397;3
68258;7403;6
68259;4864;7
68260;5461;7
68261;4624;6
68262;7032;2
68263;3170;5
68264;3061;1
68265;2373;4
68266;1308;2
68267;1244;1
68268;6290;4
68269;4118;1
68270;1583;1
68271;5698;3
68272;2189;6
68273;7277;3
68274;7348;2
68275;6288;1
68276;6090;4
68277;8985;2
68278;2297;6
68279;4133;4
68280;6534;6
68281;7689;5
68282;7340;1
68283;4398;5
68284;5604;2
68285;2241;3
68286;6132;3
68287;3394;1
68288;2590;7
68289;8215;7
68290;3824;5
68291;5321;6
68292;5619;5
68293;6684;1
68294;3705;5
68295;7347;4
68296;7743;5
68297;7616;5
68298;1235;1
68299;6099;6
68300;6807;4
68301;2377;4
68302;1835;3
68303;5645;5
68304;5958;3
68305;6350;4
68306;2797;4
68307;6139;6
68308;6831;6
68309;1420;3
68310;2688;6
68311;1645;7
68312;7183;3
68313;8913;6
68314;3274;5
68315;6717;5
68316;4940;6
68317;6251;2
68318;8554;2
68319;4828;6
68320;4645;3
68321;1348;7
68322;4885;3
68323;8602;2
68324;5080;6
68325;6652;6
68326;6741;4
68327;6955;2
68328;7505;2
68329;1873;3
68330;1005;1
68331;7982;6
68332;5578;1
68333;1554;5
68334;7972;5
68335;7003;3
68336;5288;2
68337;2710;3
68338;4295;5
68339;8131;3
68340;6235;7
68341;2890;6
68342;2210;6
68343;8174;7
68344;2776;2
68345;5701;7
68346;2652;6
68347;4578;6
68348;7302;2
68349;3822;6
68350;3585;3
68351;4038;6
68352;8606;7
68353;1857;2
68354;8238;5
68355;4405;5
68356;8201;1
68357;6917;3
68358;7939;2
68359;8716;6
68360;8210;4
68361;5799;1
68362;3552;7
68363;1097;4
68364;8815;3
68365;6204;5
68366;5871;4
68367;8443;3
68368;5137;6
68369;3239;3
68370;3150;6
68371;8529;7
68372;4498;1
68373;6000;6
68374;3714;4
68375;6878;7
68376;8083;1
68377;3619;7
68378;4514;4
68379;6630;7
68380;6533;4
68381;4118;3
68382;6278;6
68383;6081;2
68384;6125;1
68385;1451;5
68386;1155;3
68387;8782;3
68388;7898;7
68389;8028;5
68390;2100;1
68391;1527;5
68392;4356;2
68393;4113;5
68394;7916;6
68395;1634;6
68396;7678;6
68397;8566;1
68398;6633;5
68399;4294;2
68400;2848;6
68401;8117;1
68402;5219;1
68403;4664;4
68404;4161;7
68405;4858;7
68406;6863;5
68407;2672;7
68408;3143;3
68409;2314;6
68410;7983;7
68411;2847;5
68412;5087;7
68413;3332;5
68414;6205;4
68415;8050;4
68416;8168;1
68417;6390;6
68418;7350;1
68419;7964;2
68420;5784;6
68421;7175;3
68422;4334;2
68423;5250;7
68424;2565;3
68425;2906;5
68426;7980;7
68427;2355;5
68428;6999;5
68429;2229;5
68430;8328;5
68431;7400;4
68432;2262;2
68433;6076;2
68434;6167;5
68435;7096;6
68436;3209;7
68437;7997;3
68438;7300;7
68439;7822;6
68440;2543;2
68441;4498;4
68442;6624;5
68443;5040;6
68444;5800;7
68445;5787;4
68446;1476;1
68447;4731;6
68448;6310;6
68449;5410;2
68450;5834;5
68451;8684;2
68452;3978;2
68453;4329;2
68454;8625;1
68455;2099;1
68456;1350;3
68457;1716;5
68458;6287;7
68459;5573;6
68460;8777;3
68461;3600;3
68462;3039;2
68463;5496;7
68464;8907;4
68465;4501;2
68466;2455;4
68467;3684;6
68468;6560;1
68469;8588;3
68470;2935;1
68471;2567;2
68472;1695;4
68473;2562;4
68474;3358;4
68475;6354;3
68476;8138;2
68477;7533;1
68478;5450;1
68479;8587;7
68480;5153;5
68481;7008;3
68482;2496;2
68483;7626;3
68484;4337;4
68485;1069;6
68486;6536;3
68487;6250;7
68488;3688;5
68489;8145;5
68490;3106;7
68491;6686;3
68492;1466;1
68493;8455;5
68494;5884;3
68495;3032;6
68496;2875;6
68497;8079;1
68498;5516;3
68499;2892;2
68500;4738;1
68501;4593;1
68502;8776;2
68503;8866;6
68504;6640;5
68505;6791;4
68506;4429;7
68507;1815;6
68508;1072;5
68509;3730;7
68510;3546;3
68511;1664;6
68512;1196;7
68513;5291;5
68514;7214;1
68515;2031;1
68516;8418;6
68517;7085;6
68518;5648;3
68519;7077;7
68520;4808;1
68521;8326;4
68522;8910;4
68523;2190;1
68524;2965;7
68525;1988;4
68526;1023;7
68527;6050;1
68528;7794;6
68529;8555;3
68530;7734;3
68531;4024;1
68532;8575;3
68533;2295;5
68534;8578;1
68535;5545;1
68536;4095;6
68537;8686;6
68538;1332;3
68539;5155;6
68540;5135;1
68541;1946;7
68542;5780;3
68543;2523;6
68544;5162;5
68545;7715;2
68546;7225;1
68547;7927;4
68548;4397;7
68549;2287;4
68550;1968;3
68551;3371;7
68552;7486;2
68553;7469;4
68554;2734;4
68555;1984;6
68556;3578;5
68557;5079;5
68558;4054;2
68559;2889;1
68560;3925;2
68561;8710;4
68562;5260;5
68563;1877;1
68564;6934;5
68565;2066;1
68566;4993;1
68567;6341;2
68568;2474;2
68569;7068;3
68570;6544;5
68571;5040;5
68572;1237;6
68573;3028;3
68574;3253;3
68575;1333;3
68576;3495;4
68577;6161;7
68578;2739;2
68579;1922;1
68580;5591;4
68581;6892;1
68582;8449;4
68583;1828;1
68584;1364;6
68585;3000;4
68586;1413;5
68587;7058;4
68588;5947;3
68589;7172;4
68590;7674;3
68591;5097;1
68592;1523;7
68593;3173;5
68594;8267;3
68595;3155;6
68596;7456;1
68597;1054;6
68598;1977;5
68599;6040;5
68600;5516;2
68601;3558;3
68602;3428;5
68603;3938;4
68604;7559;2
68605;2046;1
68606;3456;5
68607;1771;4
68608;6723;1
68609;5475;3
68610;8272;1
68611;6904;1
68612;4531;6
68613;1216;2
68614;6720;3
68615;2811;3
68616;5165;3
68617;7598;2
68618;2873;4
68619;7196;7
68620;6161;7
68621;2539;1
68622;6740;4
68623;1625;3
68624;3942;6
68625;6683;5
68626;6572;7
68627;8001;5
68628;7857;7
68629;4297;3
68630;4674;4
68631;8151;4
68632;5511;5
68633;1451;2
68634;3111;5
68635;1276;7
68636;8894;3
68637;3097;4
68638;8138;7
68639;4950;7
68640;3969;2
68641;4438;4
68642;1591;4
68643;3469;5
68644;3244;3
68645;4699;5
68646;4853;1
68647;6263;3
68648;5111;7
68649;3191;6
68650;2712;5
68651;6614;3
68652;8086;7
68653;5564;1
68654;3992;4
68655;8207;4
68656;1218;7
68657;6380;7
68658;6572;1
68659;5237;4
68660;3771;6
68661;7593;3
68662;1689;7
68663;6577;7
68664;2171;1
68665;5101;2
68666;6027;5
68667;4424;6
68668;4111;3
68669;4321;5
68670;6172;4
68671;8895;6
68672;4827;1
68673;3402;2
68674;8339;4
68675;1588;3
68676;8396;7
68677;6229;3
68678;3423;1
68679;3717;3
68680;3524;4
68681;4123;2
68682;8810;4
68683;8658;7
68684;8240;6
68685;7536;7
68686;1767;4
68687;6683;4
68688;5043;6
68689;1923;2
68690;3670;3
68691;3579;7
68692;2031;1
68693;1256;7
68694;7256;1
68695;6512;6
68696;2993;2
68697;6765;7
68698;7905;5
68699;3728;6
68700;8849;3
68701;3203;7
68702;3551;1
68703;8149;1
68704;6513;6
68705;6402;6
68706;1138;6
68707;8817;4
68708;2511;6
68709;7443;2
68710;2589;6
68711;2090;7
68712;4199;1
68713;5805;6
68714;6679;7
68715;2450;6
68716;8450;7
68717;7479;6
68718;3767;4
68719;5760;3
68720;3050;4
68721;7894;4
68722;1979;4
68723;2938;3
68724;1847;2
68725;4812;2
68726;3984;6
68727;3883;5
68728;6689;3
68729;1522;2
68730;5991;5
68731;1193;1
68732;5047;3
68733;7139;1
68734;6535;1
68735;5673;5
68736;7457;3
68737;6863;6
68738;5840;6
68739;6405;1
68740;5032;5
68741;8696;3
68742;7793;1
68743;6726;2
68744;8958;5
68745;1441;2
68746;7827;2
68747;1558;5
68748;6858;3
68749;6161;4
68750;6009;2
68751;5242;4
68752;8728;1
68753;6799;6
68754;4139;5
68755;3452;1
68756;5501;2
68757;4947;4
68758;5585;7
68759;3735;4
68760;3358;6
68761;2057;7
68762;1588;7
68763;7871;3
68764;2144;4
68765;3221;5
68766;2238;3
68767;4202;3
68768;1999;1
68769;4474;7
68770;5302;5
68771;5059;5
68772;8361;6
68773;5315;2
68774;6930;6
68775;8149;6
68776;4032;5
68777;2386;1
68778;1374;4
68779;2985;3
68780;8431;3
68781;6508;6
68782;3876;1
68783;7578;4
68784;7773;1
68785;3191;1
68786;6277;7
68787;8910;7
68788;4320;7
68789;6903;4
68790;7553;3
68791;2307;2
68792;5909;4
68793;6286;5
68794;7114;4
68795;4108;5
68796;8605;7
68797;6235;7
68798;4948;4
68799;3905;6
68800;8467;4
68801;3640;3
68802;8858;4
68803;1822;7
68804;1561;6
68805;8502;1
68806;2970;6
68807;7802;3
68808;7588;6
68809;5610;5
68810;5077;1
68811;1768;4
68812;6028;5
68813;5752;4
68814;7525;7
68815;7033;3
68816;7357;4
68817;7217;3
68818;4510;7
68819;4802;7
68820;2418;7
68821;6724;6
68822;5131;4
68823;3906;7
68824;6875;4
68825;2674;5
68826;6702;2
68827;3641;6
68828;6866;7
68829;3424;6
68830;3835;3
68831;4362;2
68832;6831;1
68833;3128;5
68834;6422;6
68835;1515;7
68836;7590;1
68837;7688;6
68838;3773;4
68839;3547;1
68840;8913;2
68841;6208;6
68842;4745;4
68843;6964;4
68844;4566;6
68845;6911;3
68846;1226;1
68847;1664;7
68848;2860;7
68849;7454;2
68850;6229;7
68851;5534;1
68852;8288;2
68853;5877;3
68854;5742;6
68855;3074;4
68856;5948;3
68857;4732;5
68858;5018;3
68859;5238;1
68860;2819;4
68861;4054;6
68862;3369;6
68863;2054;3
68864;4707;3
68865;3182;3
68866;7782;5
68867;8476;2
68868;7223;3
68869;1956;3
68870;1414;4
68871;7293;4
68872;5411;6
68873;6130;6
68874;4822;6
68875;8152;1
68876;6843;7
68877;2829;2
68878;1149;2
68879;7545;3
68880;7484;7
68881;5194;4
68882;1881;3
68883;6672;4
68884;3574;6
68885;5234;7
68886;6084;4
68887;2303;3
68888;6301;7
68889;5963;7
68890;3337;5
68891;1850;3
68892;3004;5
68893;2359;2
68894;4064;1
68895;4488;2
68896;4826;4
68897;3894;1
68898;5250;6
68899;5061;2
68900;5559;4
68901;2309;4
68902;7530;4
68903;6555;2
68904;5354;2
68905;7755;7
68906;8100;6
68907;2189;2
68908;5385;3
68909;3171;4
68910;1621;1
68911;6809;6
68912;7746;1
68913;7685;2
68914;8622;4
68915;6471;1
68916;7661;5
68917;4721;3
68918;7715;1
68919;8664;3
68920;8510;1
68921;3851;3
68922;7753;1
68923;8571;3
68924;3121;7
68925;7770;1
68926;5933;2
68927;8948;4
68928;6069;2
68929;4283;4
68930;2915;5
68931;4156;4
68932;3143;4
68933;8765;1
68934;5244;7
68935;8459;7
68936;6554;6
68937;6380;1
68938;6891;5
68939;8512;3
68940;4013;4
68941;3891;7
68942;7522;2
68943;8773;3
68944;8808;3
68945;7584;4
68946;4858;6
68947;2823;2
68948;4983;5
68949;8194;3
68950;4782;7
68951;8204;2
68952;8726;3
68953;4573;1
68954;8270;7
68955;1557;6
68956;5013;6
68957;5941;1
68958;2243;3
68959;6606;6
68960;2199;3
68961;6032;6
68962;5816;7
68963;7322;2
68964;3762;2
68965;6394;4
68966;8716;6
68967;7587;2
68968;8922;6
68969;7799;1
68970;2070;4
68971;1251;2
68972;1773;4
68973;2551;1
68974;8018;3
68975;3117;1
68976;2651;3
68977;2395;6
68978;6597;4
68979;7496;3
68980;5418;3
68981;1340;6
68982;7951;3
68983;5368;6
68984;8302;1
68985;5304;3
68986;4338;7
68987;6500;5
68988;5094;5
68989;1342;6
68990;4241;3
68991;2863;6
68992;1385;3
68993;5963;1
68994;3881;2
68995;3621;1
68996;1148;2
68997;6154;4
68998;8402;4
68999;6084;6
69000;5765;1
69001;7806;4
69002;6808;3
69003;6513;2
69004;3368;3
69005;7632;5
69006;4971;2
69007;5453;2
69008;1590;4
69009;8981;3
69010;5456;3
69011;5349;1
69012;2537;7
69013;2635;5
69014;6942;4
69015;6246;2
69016;6524;7
69017;1470;3
69018;5293;3
69019;8308;2
69020;6784;6
69021;6565;2
69022;4672;5
69023;7827;2
69024;6898;3
69025;1860;4
69026;6745;4
69027;3320;1
69028;5156;2
69029;8297;1
69030;5934;2
69031;5379;2
69032;7275;7
69033;5854;6
69034;5769;5
69035;8943;5
69036;7276;1
69037;1892;1
69038;3862;2
69039;4440;7
69040;4368;2
69041;7599;7
69042;6077;7
69043;6103;2
69044;7644;7
69045;4244;1
69046;8692;2
69047;6204;4
69048;5636;2
69049;7502;4
69050;3977;4
69051;1226;2
69052;7447;4
69053;2427;7
69054;5495;7
69055;2917;1
69056;5001;3
69057;4152;1
69058;6494;6
69059;6869;3
69060;2323;6
69061;4179;3
69062;4463;3
69063;4390;3
69064;2122;2
69065;8390;3
69066;3102;2
69067;2053;5
69068;3029;4
69069;3430;3
69070;4087;2
69071;6551;4
69072;2555;6
69073;7125;1
69074;6225;7
69075;5403;7
69076;8411;5
69077;3670;7
69078;1349;4
69079;3167;3
69080;5647;7
69081;2432;6
69082;4923;3
69083;1032;1
69084;1509;3
69085;5293;6
69086;3793;1
69087;1914;4
69088;5609;3
69089;6800;1
69090;5261;5
69091;3482;5
69092;8291;5
69093;7545;5
69094;4971;2
69095;8700;7
69096;2705;3
69097;4967;1
69098;5620;7
69099;2549;6
69100;7262;4
69101;4001;1
69102;3291;3
69103;4653;1
69104;2825;1
69105;4700;1
69106;3115;3
69107;4065;3
69108;5867;1
69109;4766;2
69110;7371;6
69111;8382;3
69112;7576;4
69113;3662;4
69114;6512;2
69115;8547;3
69116;8429;5
69117;3108;3
69118;3520;6
69119;1173;4
69120;7608;2
69121;4546;7
69122;6130;2
69123;3905;5
69124;4565;4
69125;7535;1
69126;4778;3
69127;1456;1
69128;5633;4
69129;4530;5
69130;3517;7
69131;4339;4
69132;7664;4
69133;7361;2
69134;4398;6
69135;1370;7
69136;3732;4
69137;5598;4
69138;6916;3
69139;4007;4
69140;4350;7
69141;6587;1
69142;7668;1
69143;3881;1
69144;1207;2
69145;8831;6
69146;4754;1
69147;7339;2
69148;5489;5
69149;6940;3
69150;1790;1
69151;5082;7
69152;5018;6
69153;5589;3
69154;1752;5
69155;2461;5
69156;7111;4
69157;3619;4
69158;5611;2
69159;5023;4
69160;3066;3
69161;2246;6
69162;1266;6
69163;6736;4
69164;5197;1
69165;5238;6
69166;4272;7
69167;4981;3
69168;5239;7
69169;2234;7
69170;1052;4
69171;4303;5
69172;5008;7
69173;6831;7
69174;2505;5
69175;1353;7
69176;8122;6
69177;1368;4
69178;5828;3
69179;5579;7
69180;6479;6
69181;2627;5
69182;7450;3
69183;6813;2
69184;6745;7
69185;2994;2
69186;8745;4
69187;2445;2
69188;7807;6
69189;1838;7
69190;6442;2
69191;4121;3
69192;7496;2
69193;2107;2
69194;7742;7
69195;3224;1
69196;1980;3
69197;7995;6
69198;3697;7
69199;8534;1
69200;6006;2
69201;8774;2
69202;8320;2
69203;1000;1
69204;4415;4
69205;4570;5
69206;5613;4
69207;2267;7
69208;5848;1
69209;2783;2
69210;2636;1
69211;4946;4
69212;6064;4
69213;4520;5
69214;6835;1
69215;5264;1
69216;3318;2
69217;4091;3
69218;7504;6
69219;1075;4
69220;2984;2
69221;3283;6
69222;4151;3
69223;8612;6
69224;4317;7
69225;7130;5
69226;5883;5
69227;4316;5
69228;2971;7
69229;8677;3
69230;6722;6
69231;6763;7
69232;6771;1
69233;2506;4
69234;1538;1
69235;3873;7
69236;6557;6
69237;8380;7
69238;6118;1
69239;8075;6
69240;3128;5
69241;5053;5
69242;3360;7
69243;2305;6
69244;5472;3
69245;4412;1
69246;3656;7
69247;1909;5
69248;2343;1
69249;6437;1
69250;8386;6
69251;3081;4
69252;1934;1
69253;1434;1
69254;6153;2
69255;7414;3
69256;4883;4
69257;2774;4
69258;6131;6
69259;8760;5
69260;6234;4
69261;5872;6
69262;7918;2
69263;5125;2
69264;7238;1
69265;1518;4
69266;3825;2
69267;6281;6
69268;4187;6
69269;7729;6
69270;7614;6
69271;5959;4
69272;8069;6
69273;2028;7
69274;2718;3
69275;3064;4
69276;3491;2
69277;7330;1
69278;2634;3
69279;7846;7
69280;7370;4
69281;6875;6
69282;4320;4
69283;8902;2
69284;2730;7
69285;5500;7
69286;3716;6
69287;4094;3
69288;6422;5
69289;5695;3
69290;6447;6
69291;5709;7
69292;3814;7
69293;3657;5
69294;2391;4
69295;6232;6
69296;5696;4
69297;1337;5
69298;4930;2
69299;7977;3
69300;1636;7
69301;8471;3
69302;2621;2
69303;5841;3
69304;5022;4
69305;7940;5
69306;6001;3
69307;3871;7
69308;2486;2
69309;2755;4
69310;7456;2
69311;5753;2
69312;3746;5
69313;7280;1
69314;7983;3
69315;7943;4
69316;1098;7
69317;4838;6
69318;7592;6
69319;1095;5
69320;4881;4
69321;7187;3
69322;8653;6
69323;3192;5
69324;8780;7
69325;4977;7
69326;4631;7
69327;1613;4
69328;7538;7
69329;7702;7
69330;4698;2
69331;7485;6
69332;4008;7
69333;3373;4
69334;7558;7
69335;3921;2
69336;8970;5
69337;4717;3
69338;3876;6
69339;4752;4
69340;1732;4
69341;4937;3
69342;4958;2
69343;4415;3
69344;5829;4
69345;6387;4
69346;5439;2
69347;6887;7
69348;7956;6
69349;6388;6
69350;2931;7
69351;7365;2
69352;7711;3
69353;2131;5
69354;3759;6
69355;6446;7
69356;5920;4
69357;3919;1
69358;7628;1
69359;5512;7
69360;4300;2
69361;6880;3
69362;8937;4
69363;7774;5
69364;5013;1
69365;6470;7
69366;3783;1
69367;5046;4
69368;5023;4
69369;6783;1
69370;1645;5
69371;2707;5
69372;2436;1
69373;4237;5
69374;8819;7
69375;4169;7
69376;2102;3
69377;5349;1
69378;6460;2
69379;4860;5
69380;7313;6
69381;6244;7
69382;7153;4
69383;1286;4
69384;3259;2
69385;2498;4
69386;7312;7
69387;1218;3
69388;1737;3
69389;3084;3
69390;2556;3
69391;8168;2
69392;8023;3
69393;2972;5
69394;4320;2
69395;7797;4
69396;8019;6
69397;7113;4
69398;6935;2
69399;3345;7
69400;4160;2
69401;4901;7
69402;5976;6
69403;7506;4
69404;5677;7
69405;5378;1
69406;4891;4
69407;4073;3
69408;3213;7
69409;1377;1
69410;7042;3
69411;6669;2
69412;3573;7
69413;4767;5
69414;8384;4
69415;8973;3
69416;2497;6
69417;4756;7
69418;2346;5
69419;2694;1
69420;1204;4
69421;4241;4
69422;6922;6
69423;3639;2
69424;2598;1
69425;1602;1
69426;8939;1
69427;8966;7
69428;4938;6
69429;6157;2
69430;7179;1
69431;5135;4
69432;7687;7
69433;8688;5
69434;6368;4
69435;7285;1
69436;8405;3
69437;4274;6
69438;1252;5
69439;5062;5
69440;1666;6
69441;3960;5
69442;7974;1
69443;8396;1
69444;8290;5
69445;8093;5
69446;3089;4
69447;6481;4
69448;5353;1
69449;2385;7
69450;2445;3
69451;2368;6
69452;3019;4
69453;5581;3
69454;1096;3
69455;8774;4
69456;5598;5
69457;4579;7
69458;6294;2
69459;2563;5
69460;2278;5
69461;4549;3
69462;8929;4
69463;5578;7
69464;2313;4
69465;4261;6
69466;2846;1
69467;8555;6
69468;5804;6
69469;1425;5
69470;4737;6
69471;1153;3
69472;6477;6
69473;4907;1
69474;1446;5
69475;1339;4
69476;5908;7
69477;4531;2
69478;2678;2
69479;3567;6
69480;1897;7
69481;7665;5
69482;6898;6
69483;5480;1
69484;2906;6
69485;1176;1
69486;1196;4
69487;1511;5
69488;2634;4
69489;5106;5
69490;5769;2
69491;4070;5
69492;8904;2
69493;2267;6
69494;7356;6
69495;8177;6
69496;1787;1
69497;5510;3
69498;2186;1
69499;6522;6
69500;8266;6
69501;4786;5
69502;7783;6
69503;8008;3
69504;2211;3
69505;3951;7
69506;8498;4
69507;4390;4
69508;8892;1
69509;3698;2
69510;8111;5
69511;6939;2
69512;8257;1
69513;5150;3
69514;4686;7
69515;4448;5
69516;2692;2
69517;8702;1
69518;3026;6
69519;7581;6
69520;4174;7
69521;3994;6
69522;6688;4
69523;5274;1
69524;8330;6
69525;1471;7
69526;8290;5
69527;6738;7
69528;2040;7
69529;5011;4
69530;6140;6
69531;4820;3
69532;8173;3
69533;2405;6
69534;1092;4
69535;8679;7
69536;2496;4
69537;7877;7
69538;2550;2
69539;1116;5
69540;2179;7
69541;6506;5
69542;7785;1
69543;1683;5
69544;8206;1
69545;3516;1
69546;1329;3
69547;6914;6
69548;7219;3
69549;8679;3
69550;5911;1
69551;3168;6
69552;3443;2
69553;8755;7
69554;3855;5
69555;7262;7
69556;5489;6
69557;4219;7
69558;5902;7
69559;7087;4
69560;6130;2
69561;1353;1
69562;3025;7
69563;3890;7
69564;8905;5
69565;5213;7
69566;4900;1
69567;7341;6
69568;7798;4
69569;5373;1
69570;4498;1
69571;4299;2
69572;2464;4
69573;3164;4
69574;2105;5
69575;6921;6
69576;7641;5
69577;6117;2
69578;4715;6
69579;6161;5
69580;8527;3
69581;1984;3
69582;8297;1
69583;4701;4
69584;5069;5
69585;4614;4
69586;4965;7
69587;7269;1
69588;2192;2
69589;2933;7
69590;6807;1
69591;6699;7
69592;1251;5
69593;1228;4
69594;2084;3
69595;8533;4
69596;1709;4
69597;7211;4
69598;5769;5
69599;4215;2
69600;8315;2
69601;1749;3
69602;7601;6
69603;6282;1
69604;6871;6
69605;1177;5
69606;2728;5
69607;5067;3
69608;1795;5
69609;1932;1
69610;2207;7
69611;6828;4
69612;1243;6
69613;7179;3
69614;2741;6
69615;6252;7
69616;8381;5
69617;8775;6
69618;1237;1
69619;1282;2
69620;4241;6
69621;4341;5
69622;4561;6
69623;2309;5
69624;7027;6
69625;6571;4
69626;1811;1
69627;1545;5
69628;7219;2
69629;7076;5
69630;7897;3
69631;3556;4
69632;5445;5
69633;8505;3
69634;3712;5
69635;3363;5
69636;4752;7
69637;5894;1
69638;6900;4
69639;7772;2
69640;5546;4
69641;8439;1
69642;2696;3
69643;5566;2
69644;3682;5
69645;8930;3
69646;8376;5
69647;1505;1
69648;3460;4
69649;7220;2
69650;6724;3
69651;6773;6
69652;1274;1
69653;5680;4
69654;5467;5
69655;3247;6
69656;6748;4
69657;1560;6
69658;4851;7
69659;2695;1
69660;7082;3
69661;5009;4
69662;6745;1
69663;7060;7
69664;7222;4
69665;3015;7
69666;5855;7
69667;8592;4
69668;2038;3
69669;7898;7
69670;5123;4
69671;6799;2
69672;1675;3
69673;5581;3
69674;3014;7
69675;7508;4
69676;3314;7
69677;1186;2
69678;4499;3
69679;1783;3
69680;8955;4
69681;4310;4
69682;5154;5
69683;1405;3
69684;7024;3
69685;3109;2
69686;4815;7
69687;7764;5
69688;2815;4
69689;4244;6
69690;8156;7
69691;5472;6
69692;5975;1
69693;4099;1
69694;8186;5
69695;7015;1
69696;8506;7
69697;4087;6
69698;8188;1
69699;2440;6
69700;5994;5
69701;5858;4
69702;3662;4
69703;6097;4
69704;4159;6
69705;7867;6
69706;4044;5
69707;5158;5
69708;5293;3
69709;5279;7
69710;1347;4
69711;7113;4
69712;6649;4
69713;4990;3
69714;6057;3
69715;1766;3
69716;5694;6
69717;1231;1
69718;4393;5
69719;8119;3
69720;2988;1
69721;4192;4
69722;3796;2
69723;8074;4
69724;7453;4
69725;4532;2
69726;3723;4
69727;2007;4
69728;1142;2
69729;5223;4
69730;1482;5
69731;4035;5
69732;3989;2
69733;5423;5
69734;4714;1
69735;1005;6
69736;8349;7
69737;5754;1
69738;2399;1
69739;5140;2
69740;4232;6
69741;6331;5
69742;1076;7
69743;2300;4
69744;2724;1
69745;2146;2
69746;5170;7
69747;1632;1
69748;1304;7
69749;5789;3
69750;6754;2
69751;5984;3
69752;3706;4
69753;4010;4
69754;5806;1
69755;5375;5
69756;2434;2
69757;4737;3
69758;6483;1
69759;1255;7
69760;5035;1
69761;8846;1
69762;8333;3
69763;7535;3
69764;2648;5
69765;7801;6
69766;7966;4
69767;2634;6
69768;1677;2
69769;4952;7
69770;4570;6
69771;6648;7
69772;4380;3
69773;6897;5
69774;6089;7
69775;5095;2
69776;4470;7
69777;8202;7
69778;5138;6
69779;8925;3
69780;8320;3
69781;8890;1
69782;5552;1
69783;7584;1
69784;5533;1
69785;1955;4
69786;3645;6
69787;6650;1
69788;4353;6
69789;1467;5
69790;7025;1
69791;6644;2
69792;7740;1
69793;1709;3
69794;7801;1
69795;2641;3
69796;8743;5
69797;7183;4
69798;6217;1
69799;1554;7
69800;4696;7
69801;3383;1
69802;8214;2
69803;1983;2
69804;8975;1
69805;2494;5
69806;2379;4
69807;3973;2
69808;4734;4
69809;7021;3
69810;4709;3
69811;1103;3
69812;3853;5
69813;3528;5
69814;2178;6
69815;1753;7
69816;1209;4
69817;5921;2
69818;7490;2
69819;4873;1
69820;1126;2
69821;4180;7
69822;2888;4
69823;5586;2
69824;5904;7
69825;6670;2
69826;8386;5
69827;7259;7
69828;1893;2
69829;1873;3
69830;4171;4
69831;8232;6
69832;7065;6
69833;5472;6
69834;1222;3
69835;8542;1
69836;7867;4
69837;6589;2
69838;7534;4
69839;8386;3
69840;3321;5
69841;7377;3
69842;3458;5
69843;5198;7
69844;6940;1
69845;1697;7
69846;3233;1
69847;3353;4
69848;4983;4
69849;8023;1
69850;3428;5
69851;3751;5
69852;8119;3
69853;3264;1
69854;8335;4
69855;1614;2
69856;4412;5
69857;7998;5
69858;3142;1
69859;1579;3
69860;4695;6
69861;3751;7
69862;2581;5
69863;3992;7
69864;1856;6
69865;3999;4
69866;3950;3
69867;2317;4
69868;3833;1
69869;4310;7
69870;1396;6
69871;8715;3
69872;3542;3
69873;1895;3
69874;7815;5
69875;6180;1
69876;4388;7
69877;2570;6
69878;7905;1
69879;1639;6
69880;4785;6
69881;2075;5
69882;7694;4
69883;5045;6
69884;8613;2
69885;6828;2
69886;1708;4
69887;2222;4
69888;4289;1
69889;7920;2
69890;5545;3
69891;8684;1
69892;1291;6
69893;8362;4
69894;5331;3
69895;5053;7
69896;4212;2
69897;5719;3
69898;8357;4
69899;4817;5
69900;6767;5
69901;2545;4
69902;5301;6
69903;5319;1
69904;1915;5
69905;3824;1
69906;1459;2
69907;7980;3
69908;3291;5
69909;7367;6
69910;5962;5
69911;1001;3
69912;5308;2
69913;8011;2
69914;7830;6
69915;8352;4
69916;2753;3
69917;6800;2
69918;7517;5
69919;8414;1
69920;1354;6
69921;3267;7
69922;5275;1
69923;4672;3
69924;2136;6
69925;1370;2
69926;8159;4
69927;1192;5
69928;4255;7
69929;4800;5
69930;4392;3
69931;4811;7
69932;4440;1
69933;6726;4
69934;8432;2
69935;8224;3
69936;8571;6
69937;1836;1
69938;1721;5
69939;2736;6
69940;2288;2
69941;1118;6
69942;4572;5
69943;3739;5
69944;2979;3
69945;7618;6
69946;2209;6
69947;8617;6
69948;5428;7
69949;3623;5
69950;5536;5
69951;3702;5
69952;7872;5
69953;8912;6
69954;4458;1
69955;6306;6
69956;7700;3
69957;2601;2
69958;6626;4
69959;8597;6
69960;1649;5
69961;6494;1
69962;6525;5
69963;4161;7
69964;8678;2
69965;7574;2
69966;2688;4
69967;7515;1
69968;8288;3
69969;8808;3
69970;3283;5
69971;4523;5
69972;6134;7
69973;3269;7
69974;7815;2
69975;4615;5
69976;6967;7
69977;1844;5
69978;5327;6
69979;3881;2
69980;5371;7
69981;6701;5
69982;2782;3
69983;3586;1
69984;8075;2
69985;2517;7
69986;5676;5
69987;3340;7
69988;4809;1
69989;8763;4
69990;3225;2
69991;6000;3
69992;7956;5
69993;4058;5
69994;2394;2
69995;1887;5
69996;3092;2
69997;1358;2
69998;3848;3
69999;8432;6
70000;5008;4